5 datos recogidos

cpu data:

user
[5.35, 1.05, 0.53, 0.53, 1.06]
nice
[0.0, 0.0, 0.0, 0.53, 0.0]
system
[34.76, 43.16, 38.95, 42.86, 44.97]
iowait
[59.89, 55.79, 60.53, 56.08, 53.97]
steal
[0.0, 0.0, 0.0, 0.0, 0.0]
idle
[0.0, 0.0, 0.0, 0.0, 0.0]

sdd data:

util
[41.07, 51.37, 48.63, 53.76, 53.33]
r_await
[0.0, 0.0, 0.0, 0.0, 0.0]
avgqusz
[4.93, 6.29, 7.54, 6.74, 8.11]
await
[45.7, 46.02, 61.46, 45.27, 60.52]
rMB
[0.0, 0.0, 0.0, 0.0, 0.0]
svctm
[3.8, 3.75, 3.97, 3.75, 3.86]
r
[0.0, 0.0, 0.0, 0.0, 0.0]
wrqm
[59.36, 27.37, 25.26, 29.63, 21.16]
w
[108.02, 136.84, 122.63, 143.39, 138.1]
avgrqsz
[811.85, 819.6, 862.85, 827.9, 851.71]
wMB
[42.82, 54.76, 51.67, 57.96, 57.43]
rrqm
[0.0, 0.0, 0.0, 0.0, 0.0]
w_await
[45.7, 46.02, 61.46, 45.27, 60.52]
