sdb data:
17 datos recogidos
util
[90.93, 107.25, 116.51, 129.87, 113.64, 131.58, 102.04, 100.0, 100.0, 99.5, 100.0, 100.0, 100.0, 108.7, 123.46, 115.61, 117.65]
r_await
[0.0, 0.0, 0.0, 0.0, 0.0, 0.0, 0.0, 0.0, 0.0, 0.0, 0.0, 0.0, 0.0, 0.0, 0.0, 0.0, 0.0]
avgqusz
[120.0, 119.26, 166.55, 186.07, 128.81, 188.74, 147.96, 145.0, 145.0, 144.28, 145.0, 145.0, 145.0, 124.54, 176.67, 157.16, 149.16]
await
[496.36, 600.43, 560.62, 561.18, 696.67, 576.3, 0.0, 0.0, 0.0, 0.0, 0.0, 0.0, 0.0, 6896.89, 620.49, 681.54, 549.42]
rMB
[0.0, 0.0, 0.0, 0.0, 0.0, 0.0, 0.0, 0.0, 0.0, 0.0, 0.0, 0.0, 0.0, 0.0, 0.0, 0.0, 0.0]
svctm
[4.8, 4.94, 4.39, 4.42, 4.96, 4.71, 0.0, 0.0, 0.0, 0.0, 0.0, 0.0, 0.0, 6.02, 4.38, 4.72, 4.88]
r
[0.58, 0.0, 0.0, 0.0, 0.0, 0.0, 0.0, 0.0, 0.0, 0.0, 0.0, 0.0, 0.0, 0.0, 0.0, 0.0, 0.0]
wrqm
[0.0, 5.49, 0.0, 0.0, 2.84, 0.0, 0.0, 0.0, 0.0, 0.0, 0.0, 0.0, 0.0, 2.72, 0.0, 2.89, 0.0]
w
[188.95, 217.03, 265.7, 294.16, 228.98, 279.61, 0.0, 0.0, 0.0, 0.0, 0.0, 0.0, 0.0, 180.43, 282.1, 245.09, 241.18]
avgrqsz
[254.43, 254.91, 256.0, 256.0, 251.14, 256.0, 0.0, 0.0, 0.0, 0.0, 0.0, 0.0, 0.0, 254.58, 256.0, 256.0, 253.68]
wMB
[23.54, 27.01, 33.21, 36.77, 28.08, 34.95, 0.0, 0.0, 0.0, 0.0, 0.0, 0.0, 0.0, 22.43, 35.26, 30.64, 29.87]
rrqm
[0.0, 0.0, 0.0, 0.0, 0.0, 0.0, 0.0, 0.0, 0.0, 0.0, 0.0, 0.0, 0.0, 0.0, 0.0, 0.0, 0.0]
w_await
[497.88, 600.43, 560.62, 561.18, 696.67, 576.3, 0.0, 0.0, 0.0, 0.0, 0.0, 0.0, 0.0, 6896.89, 620.49, 681.54, 549.42]
