76 datos recogidos

cpu data:

user
[0.0, 0.5, 0.51, 0.0, 0.0, 0.52, 0.52, 0.0, 0.0, 0.0, 0.0, 0.0, 0.0, 0.53, 0.0, 0.0, 0.51, 1.08, 0.0, 0.0, 0.53, 0.0, 0.52, 0.0, 0.0, 0.52, 0.0, 0.51, 0.0, 0.0, 0.52, 0.0, 0.53, 0.0, 0.51, 0.0, 0.0, 0.0, 0.53, 0.52, 0.53, 0.0, 0.0, 0.0, 0.0, 0.53, 0.0, 0.0, 0.52, 0.0, 0.0, 0.0, 0.0, 0.53, 0.0, 0.0, 0.53, 0.0, 0.0, 0.53, 0.0, 0.0, 0.52, 0.53, 0.0, 0.51, 0.0, 0.0, 0.0, 2.06, 0.0, 0.0, 0.0, 0.0, 0.0, 0.0]
nice
[0.0, 0.0, 0.0, 0.0, 0.0, 0.0, 0.0, 0.0, 0.0, 0.0, 0.0, 0.0, 0.0, 0.0, 0.0, 0.0, 0.0, 0.0, 0.0, 0.0, 0.0, 0.0, 0.0, 0.0, 0.0, 0.0, 0.0, 0.0, 0.0, 0.52, 0.0, 0.0, 0.0, 0.0, 0.0, 0.0, 0.0, 0.0, 0.0, 0.52, 0.0, 0.0, 0.0, 0.0, 0.0, 0.0, 0.0, 0.0, 0.0, 0.0, 0.0, 0.0, 0.0, 0.0, 0.0, 0.0, 0.0, 0.0, 0.0, 0.53, 0.0, 0.0, 0.0, 0.0, 0.0, 0.0, 0.0, 0.0, 0.0, 0.0, 0.0, 0.0, 0.0, 0.0, 0.0, 0.0]
system
[23.59, 16.08, 14.87, 17.86, 17.86, 13.4, 15.03, 11.17, 11.05, 9.24, 9.24, 12.5, 13.54, 12.63, 11.05, 13.23, 13.85, 16.13, 13.09, 15.03, 11.17, 12.83, 11.98, 10.11, 11.46, 13.09, 13.61, 13.85, 12.37, 13.61, 11.52, 13.68, 11.11, 11.7, 13.64, 11.29, 14.87, 12.95, 9.47, 11.52, 10.58, 9.63, 9.09, 9.57, 7.98, 9.63, 7.65, 8.6, 9.9, 8.95, 10.75, 9.68, 9.57, 10.11, 12.63, 11.05, 9.04, 9.24, 10.47, 10.0, 12.95, 9.19, 12.95, 10.05, 9.09, 12.82, 10.27, 13.16, 9.14, 15.98, 8.7, 10.64, 13.54, 10.16, 12.11, 8.12]
iowait
[76.41, 83.42, 84.62, 82.14, 82.14, 86.08, 84.46, 88.83, 88.95, 90.76, 90.76, 87.5, 86.46, 86.84, 88.95, 86.77, 85.64, 82.8, 86.91, 84.97, 88.3, 87.17, 87.5, 89.89, 88.54, 86.39, 86.39, 85.64, 87.63, 85.86, 87.96, 86.32, 88.36, 88.3, 85.86, 88.71, 85.13, 87.05, 90.0, 87.43, 88.89, 90.37, 90.91, 90.43, 92.02, 89.84, 92.35, 91.4, 89.58, 91.05, 89.25, 90.32, 90.43, 89.36, 87.37, 88.95, 90.43, 90.76, 89.53, 88.95, 87.05, 90.81, 86.53, 89.42, 90.91, 86.67, 89.73, 86.84, 90.86, 81.96, 91.3, 89.36, 86.46, 89.84, 87.89, 91.88]
steal
[0.0, 0.0, 0.0, 0.0, 0.0, 0.0, 0.0, 0.0, 0.0, 0.0, 0.0, 0.0, 0.0, 0.0, 0.0, 0.0, 0.0, 0.0, 0.0, 0.0, 0.0, 0.0, 0.0, 0.0, 0.0, 0.0, 0.0, 0.0, 0.0, 0.0, 0.0, 0.0, 0.0, 0.0, 0.0, 0.0, 0.0, 0.0, 0.0, 0.0, 0.0, 0.0, 0.0, 0.0, 0.0, 0.0, 0.0, 0.0, 0.0, 0.0, 0.0, 0.0, 0.0, 0.0, 0.0, 0.0, 0.0, 0.0, 0.0, 0.0, 0.0, 0.0, 0.0, 0.0, 0.0, 0.0, 0.0, 0.0, 0.0, 0.0, 0.0, 0.0, 0.0, 0.0, 0.0, 0.0]
idle
[0.0, 0.0, 0.0, 0.0, 0.0, 0.0, 0.0, 0.0, 0.0, 0.0, 0.0, 0.0, 0.0, 0.0, 0.0, 0.0, 0.0, 0.0, 0.0, 0.0, 0.0, 0.0, 0.0, 0.0, 0.0, 0.0, 0.0, 0.0, 0.0, 0.0, 0.0, 0.0, 0.0, 0.0, 0.0, 0.0, 0.0, 0.0, 0.0, 0.0, 0.0, 0.0, 0.0, 0.0, 0.0, 0.0, 0.0, 0.0, 0.0, 0.0, 0.0, 0.0, 0.0, 0.0, 0.0, 0.0, 0.0, 0.0, 0.0, 0.0, 0.0, 0.0, 0.0, 0.0, 0.0, 0.0, 0.0, 0.0, 0.0, 0.0, 0.0, 0.0, 0.0, 0.0, 0.0, 0.0]

sdb data:

util
[92.31, 100.5, 102.56, 102.04, 102.04, 103.09, 103.63, 106.38, 105.26, 108.7, 108.7, 104.17, 104.17, 105.26, 105.26, 105.82, 102.56, 107.53, 104.71, 103.63, 106.38, 106.95, 104.17, 106.38, 104.17, 104.71, 104.71, 102.56, 107.53, 104.71, 104.71, 105.26, 105.82, 106.38, 101.01, 107.53, 102.56, 103.63, 105.26, 104.71, 105.82, 106.95, 106.95, 106.38, 106.38, 106.95, 109.29, 107.53, 104.17, 105.26, 107.74, 107.53, 106.38, 106.38, 105.26, 105.26, 106.38, 108.7, 104.71, 105.26, 103.63, 108.11, 103.63, 105.82, 106.95, 102.56, 108.11, 105.26, 107.53, 103.09, 108.7, 106.38, 104.17, 106.95, 105.26, 101.52]
r_await
[40.21, 71.5, 71.0, 72.17, 74.61, 78.8, 65.82, 56.63, 61.41, 39.56, 50.0, 74.0, 70.8, 59.6, 66.89, 62.8, 84.6, 56.0, 65.4, 72.57, 57.6, 58.6, 58.8, 68.75, 81.18, 66.48, 74.0, 70.8, 50.48, 60.6, 75.33, 52.0, 72.42, 57.11, 89.89, 46.32, 83.62, 78.35, 72.0, 73.05, 54.89, 41.5, 54.59, 59.5, 55.47, 49.18, 40.47, 59.5, 70.35, 64.0, 50.95, 48.0, 54.82, 60.24, 67.78, 54.67, 53.88, 38.67, 70.82, 67.76, 71.58, 50.44, 72.63, 71.78, 56.24, 85.68, 53.56, 63.0, 56.44, 80.0, 48.67, 58.32, 78.95, 62.67, 70.53, 79.64]
avgqusz
[87.95, 108.7, 136.37, 145.02, 146.91, 148.84, 149.62, 152.67, 151.53, 155.33, 156.44, 149.81, 150.52, 152.07, 151.93, 152.31, 148.01, 155.09, 151.51, 149.75, 153.0, 154.14, 150.06, 153.91, 149.43, 150.72, 151.28, 147.98, 154.62, 150.1, 151.05, 151.22, 152.37, 153.45, 145.05, 153.91, 148.27, 149.96, 151.23, 151.48, 151.99, 153.97, 154.24, 152.96, 152.86, 153.83, 157.15, 154.35, 150.34, 151.36, 154.2, 153.86, 152.5, 153.23, 151.52, 152.0, 151.64, 156.74, 150.49, 150.88, 149.45, 155.22, 148.86, 152.65, 153.29, 147.21, 154.76, 150.5, 153.46, 147.98, 156.16, 153.23, 149.45, 153.65, 151.44, 145.42]
await
[344.28, 506.58, 641.55, 706.98, 705.48, 787.91, 727.36, 728.05, 722.57, 744.29, 732.14, 830.87, 825.19, 758.24, 815.43, 790.94, 776.61, 767.81, 767.94, 760.59, 783.96, 770.42, 808.24, 865.54, 940.49, 792.97, 786.87, 740.68, 726.1, 827.68, 783.09, 775.74, 821.55, 853.99, 848.23, 796.88, 776.35, 853.72, 941.81, 814.53, 742.61, 734.96, 705.22, 790.16, 794.24, 792.17, 760.99, 771.61, 911.6, 934.73, 747.58, 777.94, 811.58, 806.84, 774.91, 906.19, 894.22, 886.07, 933.17, 911.3, 880.66, 824.13, 824.57, 861.05, 818.88, 907.84, 818.91, 817.17, 858.6, 825.45, 832.35, 807.56, 923.53, 790.39, 850.85, 758.89]
rMB
[0.02, 0.01, 0.01, 0.01, 0.01, 0.01, 0.01, 0.0, 0.0, 0.0, 0.0, 0.0, 0.01, 0.01, 0.0, 0.01, 0.01, 0.01, 0.01, 0.01, 0.01, 0.01, 0.01, 0.0, 0.0, 0.01, 0.01, 0.01, 0.01, 0.01, 0.0, 0.01, 0.0, 0.0, 0.0, 0.0, 0.01, 0.0, 0.0, 0.0, 0.0, 0.0, 0.0, 0.0, 0.0, 0.0, 0.0, 0.0, 0.0, 0.0, 0.0, 0.0, 0.0, 0.0, 0.0, 0.0, 0.0, 0.0, 0.0, 0.0, 0.0, 0.0, 0.0, 0.0, 0.0, 0.0, 0.0, 0.01, 0.0, 0.0, 0.0, 0.0, 0.0, 0.0, 0.0, 0.0]
svctm
[4.88, 4.93, 4.91, 5.03, 5.15, 5.51, 4.9, 5.19, 5.24, 4.83, 5.38, 5.76, 5.68, 5.0, 5.92, 5.25, 5.83, 5.01, 5.36, 5.38, 5.32, 5.35, 5.78, 6.37, 6.17, 5.31, 5.35, 5.49, 5.1, 5.57, 5.73, 5.21, 5.81, 5.7, 6.08, 5.29, 5.7, 5.99, 6.67, 5.25, 5.17, 5.06, 5.21, 5.24, 5.42, 5.32, 5.7, 5.62, 6.06, 6.47, 5.25, 5.48, 5.59, 5.62, 5.92, 6.01, 6.19, 6.21, 6.87, 5.93, 6.27, 5.29, 6.33, 5.67, 6.08, 6.04, 5.7, 5.75, 5.99, 5.76, 5.85, 5.85, 6.04, 5.46, 5.92, 5.49]
r
[20.0, 12.06, 12.31, 11.73, 11.73, 10.31, 11.4, 10.11, 8.95, 9.78, 9.78, 9.38, 10.42, 10.53, 9.47, 10.58, 10.26, 11.29, 10.47, 10.88, 10.64, 10.7, 10.42, 8.51, 8.85, 10.99, 10.47, 10.26, 11.29, 10.47, 9.42, 11.05, 10.05, 9.57, 9.6, 10.22, 10.77, 8.81, 8.95, 9.95, 9.52, 8.56, 9.09, 8.51, 7.98, 9.09, 9.29, 8.6, 8.85, 7.37, 10.22, 9.68, 9.04, 9.04, 9.47, 9.47, 9.04, 9.78, 8.9, 8.95, 9.84, 9.73, 9.84, 9.52, 9.09, 9.74, 9.73, 10.53, 9.68, 9.79, 9.78, 10.11, 9.9, 9.63, 10.0, 5.58]
wrqm
[30.77, 17.09, 18.46, 25.51, 37.76, 26.8, 29.53, 29.26, 2.11, 4.35, 45.65, 1.04, 43.23, 23.68, 21.58, 1.06, 44.1, 23.66, 1.05, 43.01, 3.19, 44.92, 3.65, 47.34, 1.04, 42.93, 5.76, 43.59, 1.61, 45.03, 1.05, 42.63, 0.53, 45.74, 2.02, 45.7, 1.54, 45.6, 0.53, 2.62, 46.56, 25.13, 4.81, 45.74, 4.26, 22.99, 1.09, 45.16, 22.4, 0.53, 42.47, 2.15, 26.6, 2.66, 41.58, 2.11, 44.68, 23.37, 1.05, 40.0, 1.04, 25.41, 21.76, 25.93, 24.06, 1.03, 44.32, 26.32, 24.19, 0.52, 44.57, 19.68, 1.56, 25.67, 2.63, 46.19]
w
[169.23, 191.96, 196.41, 191.33, 186.22, 176.8, 200.0, 194.68, 192.11, 215.22, 192.39, 171.35, 172.92, 200.0, 168.42, 191.01, 165.64, 203.23, 184.82, 181.87, 189.36, 189.3, 169.79, 158.51, 159.9, 186.39, 185.34, 176.41, 199.46, 177.49, 173.3, 191.05, 171.96, 177.13, 156.57, 193.01, 169.23, 164.25, 148.95, 189.53, 195.24, 202.67, 196.26, 194.68, 188.3, 191.98, 182.51, 182.8, 163.02, 155.26, 195.16, 186.56, 181.38, 180.32, 168.42, 165.79, 162.77, 165.22, 143.46, 168.42, 155.44, 194.59, 153.89, 177.25, 166.84, 160.0, 180.0, 172.63, 169.89, 169.07, 176.09, 171.81, 162.5, 186.1, 167.89, 179.19]
avgrqsz
[215.24, 215.97, 222.19, 221.37, 215.83, 220.1, 213.75, 202.32, 188.49, 170.32, 200.62, 221.93, 222.13, 218.39, 221.5, 223.15, 223.22, 220.21, 223.11, 221.36, 221.33, 220.69, 225.08, 223.54, 225.11, 223.46, 221.88, 223.7, 221.17, 223.97, 215.78, 221.39, 224.21, 223.05, 220.82, 219.73, 217.83, 222.13, 219.97, 202.3, 187.48, 188.15, 168.0, 174.79, 172.67, 178.11, 196.06, 197.53, 198.61, 200.89, 197.41, 195.77, 199.42, 198.88, 218.09, 218.23, 223.06, 226.11, 220.7, 227.66, 224.81, 219.01, 222.24, 221.27, 217.39, 225.74, 226.42, 218.49, 226.01, 221.89, 218.72, 227.2, 221.57, 217.97, 225.76, 228.43]
wMB
[19.87, 21.51, 22.64, 21.94, 20.86, 20.1, 22.06, 20.23, 18.5, 18.71, 19.8, 19.58, 19.88, 22.44, 19.24, 21.96, 19.17, 23.06, 21.27, 20.83, 21.61, 21.55, 19.8, 18.23, 18.54, 21.53, 21.21, 20.38, 22.75, 20.55, 19.25, 21.84, 19.92, 20.33, 17.91, 21.8, 19.14, 18.77, 16.95, 19.7, 18.74, 19.4, 16.84, 17.34, 16.54, 17.48, 18.36, 18.46, 16.66, 15.95, 19.79, 18.75, 18.54, 18.38, 18.94, 18.67, 18.71, 19.32, 16.41, 19.71, 18.14, 21.85, 17.76, 20.18, 18.67, 18.71, 20.97, 19.54, 19.81, 19.37, 19.85, 20.18, 18.65, 20.83, 19.61, 20.61]
rrqm
[14.87, 0.0, 0.0, 0.0, 0.0, 0.0, 0.0, 0.0, 0.0, 0.0, 0.0, 0.0, 0.0, 0.0, 0.0, 0.0, 0.0, 0.0, 0.0, 0.0, 0.0, 0.0, 0.0, 0.0, 0.0, 0.0, 0.0, 0.0, 0.0, 0.0, 0.0, 0.0, 0.0, 0.0, 0.0, 0.0, 0.0, 0.0, 0.0, 0.0, 0.0, 0.0, 0.0, 0.0, 0.0, 0.0, 0.0, 0.0, 0.0, 0.0, 0.0, 0.0, 0.0, 0.0, 0.0, 0.0, 0.0, 0.0, 0.0, 0.0, 0.0, 0.0, 0.0, 0.0, 0.0, 0.0, 0.0, 0.0, 0.0, 0.0, 0.0, 0.0, 0.0, 0.0, 0.0, 0.0]
w_await
[380.22, 533.92, 677.31, 745.92, 745.24, 829.26, 765.07, 762.91, 753.36, 776.32, 766.82, 872.28, 870.64, 795.01, 857.54, 831.28, 819.46, 807.35, 807.74, 801.75, 824.76, 810.63, 854.22, 908.32, 988.08, 835.82, 827.14, 779.63, 764.35, 872.93, 821.58, 817.61, 865.34, 897.07, 894.71, 836.6, 820.44, 895.31, 994.06, 853.45, 776.16, 764.23, 735.36, 822.1, 825.55, 827.35, 797.66, 805.12, 957.29, 976.05, 784.04, 815.8, 849.3, 844.28, 814.69, 954.84, 940.9, 936.25, 986.67, 956.11, 931.91, 862.81, 872.67, 903.46, 860.44, 957.91, 860.28, 863.16, 904.29, 868.63, 875.89, 851.63, 974.96, 828.03, 897.33, 780.06]
