30 datos recogidos

cpu data:

user
[40.8, 35.68, 36.63, 39.2, 8.0, 0.0, 0.0, 0.0, 0.0, 0.0, 0.0, 0.5, 0.0, 0.5, 0.0, 0.0, 0.0, 6.57, 34.0, 34.33, 36.0, 35.68, 34.65, 38.69, 37.5, 33.0, 39.3, 34.0, 40.7, 40.3]
nice
[0.0, 0.0, 0.5, 0.0, 0.0, 0.0, 0.0, 0.0, 0.0, 0.0, 0.0, 0.0, 0.0, 0.0, 0.0, 0.0, 0.0, 0.0, 0.0, 0.0, 0.0, 0.0, 0.5, 0.0, 0.0, 0.0, 0.0, 0.0, 0.0, 0.0]
system
[55.72, 61.31, 61.39, 60.8, 11.5, 0.5, 0.0, 0.5, 0.0, 0.5, 0.0, 0.0, 0.0, 0.0, 0.5, 0.0, 0.0, 14.14, 66.0, 65.67, 64.0, 64.32, 63.37, 61.31, 62.5, 67.0, 60.2, 66.0, 59.3, 58.21]
iowait
[3.48, 3.02, 1.49, 0.0, 80.5, 99.5, 100.0, 99.5, 100.0, 99.5, 100.0, 99.5, 100.0, 99.5, 99.5, 100.0, 100.0, 79.29, 0.0, 0.0, 0.0, 0.0, 1.49, 0.0, 0.0, 0.0, 0.5, 0.0, 0.0, 1.49]
steal
[0.0, 0.0, 0.0, 0.0, 0.0, 0.0, 0.0, 0.0, 0.0, 0.0, 0.0, 0.0, 0.0, 0.0, 0.0, 0.0, 0.0, 0.0, 0.0, 0.0, 0.0, 0.0, 0.0, 0.0, 0.0, 0.0, 0.0, 0.0, 0.0, 0.0]
idle
[0.0, 0.0, 0.0, 0.0, 0.0, 0.0, 0.0, 0.0, 0.0, 0.0, 0.0, 0.0, 0.0, 0.0, 0.0, 0.0, 0.0, 0.0, 0.0, 0.0, 0.0, 0.0, 0.0, 0.0, 0.0, 0.0, 0.0, 0.0, 0.0, 0.0]

sdb data:

util
[22.89, 48.84, 54.26, 87.24, 100.0, 100.0, 100.0, 100.5, 100.0, 100.5, 100.7, 99.5, 101.01, 99.5, 100.0, 100.5, 100.5, 101.01, 72.0, 46.37, 57.8, 66.93, 47.92, 55.48, 68.8, 41.2, 57.91, 60.8, 57.69, 69.65]
r_await
[0.0, 0.0, 0.0, 0.0, 0.0, 0.0, 0.0, 0.0, 0.0, 0.0, 0.0, 0.0, 0.0, 0.0, 0.0, 0.0, 0.0, 0.0, 0.0, 0.0, 0.0, 0.0, 24.0, 0.0, 0.0, 0.0, 4.0, 0.0, 0.0, 0.0]
avgqusz
[30.48, 18.9, 16.89, 91.53, 159.0, 159.0, 159.0, 159.8, 159.0, 159.8, 160.12, 158.21, 160.61, 158.21, 159.0, 159.8, 159.8, 152.38, 81.5, 7.13, 16.6, 55.43, 20.27, 16.52, 61.73, 12.82, 22.95, 55.71, 16.78, 61.42]
await
[231.21, 325.9, 123.08, 131.12, 0.0, 0.0, 0.0, 0.0, 0.0, 0.0, 0.0, 0.0, 0.0, 0.0, 0.0, 0.0, 0.0, 19323.76, 628.73, 60.75, 105.51, 226.21, 360.07, 131.5, 382.22, 128.39, 122.55, 428.63, 134.8, 288.99]
rMB
[0.0, 0.01, 0.0, 0.0, 0.0, 0.0, 0.0, 0.0, 0.0, 0.0, 0.0, 0.0, 0.0, 0.0, 0.0, 0.0, 0.0, 0.0, 0.02, 0.0, 0.0, 0.0, 0.0, 0.0, 0.0, 0.0, 0.02, 0.0, 0.0, 0.0]
svctm
[4.55, 4.23, 4.14, 16.53, 0.0, 0.0, 0.0, 0.0, 0.0, 0.0, 0.0, 0.0, 0.0, 0.0, 0.0, 0.0, 0.0, 8.47, 4.32, 4.05, 4.11, 4.19, 4.28, 4.18, 4.26, 4.2, 4.19, 4.34, 4.14, 4.28]
r
[0.0, 0.5, 0.0, 0.0, 0.0, 0.0, 0.0, 0.0, 0.0, 0.0, 0.0, 0.0, 0.0, 0.0, 0.0, 0.0, 0.0, 0.0, 0.5, 0.0, 0.0, 0.0, 0.5, 0.0, 0.0, 0.0, 0.5, 0.0, 0.0, 0.0]
wrqm
[2958.21, 2990.95, 3928.71, 3318.09, 0.0, 0.0, 0.0, 0.0, 0.0, 0.0, 0.0, 0.0, 0.0, 0.0, 0.0, 0.0, 0.0, 3507.07, 2819.0, 3947.76, 4464.0, 6000.5, 1963.86, 3987.94, 4974.0, 3967.5, 5475.12, 2453.5, 3987.94, 5877.61]
w
[50.25, 115.08, 131.19, 52.76, 0.0, 0.0, 0.0, 0.0, 0.0, 0.0, 0.0, 0.0, 0.0, 0.0, 0.0, 0.0, 0.0, 119.19, 166.0, 114.43, 140.5, 159.8, 111.39, 132.66, 161.5, 98.0, 137.81, 140.0, 139.2, 162.69]
avgrqsz
[242.3, 254.37, 256.0, 256.0, 0.0, 0.0, 0.0, 0.0, 0.0, 0.0, 0.0, 0.0, 0.0, 0.0, 0.0, 0.0, 0.0, 256.0, 253.09, 254.89, 256.0, 256.0, 250.73, 256.0, 254.39, 254.69, 255.31, 252.74, 255.97, 256.0]
wMB
[5.94, 14.35, 16.4, 6.6, 0.0, 0.0, 0.0, 0.0, 0.0, 0.0, 0.0, 0.0, 0.0, 0.0, 0.0, 0.0, 0.0, 14.9, 20.56, 14.24, 17.56, 19.97, 13.69, 16.58, 20.06, 12.19, 17.23, 17.28, 17.4, 20.34]
rrqm
[0.0, 1.51, 0.0, 0.0, 0.0, 0.0, 0.0, 0.0, 0.0, 0.0, 0.0, 0.0, 0.0, 0.0, 0.0, 0.0, 0.0, 0.0, 3.5, 0.0, 0.0, 0.0, 0.5, 0.0, 0.0, 0.0, 3.48, 0.0, 0.0, 0.0]
w_await
[231.21, 327.32, 123.08, 131.12, 0.0, 0.0, 0.0, 0.0, 0.0, 0.0, 0.0, 0.0, 0.0, 0.0, 0.0, 0.0, 0.0, 19323.76, 630.63, 60.75, 105.51, 226.21, 361.56, 131.5, 382.22, 128.39, 122.97, 428.63, 134.8, 288.99]
