65 datos recogidos

cpu data:

user
[38.81, 36.36, 35.32, 35.5, 36.32, 29.5, 32.5, 34.67, 37.31, 37.5, 36.0, 36.5, 34.17, 37.31, 34.83, 39.0, 35.0, 38.69, 40.5, 34.67, 39.0, 34.83, 35.5, 35.0, 36.32, 37.69, 36.82, 35.68, 37.69, 37.31, 37.5, 35.0, 36.82, 41.21, 37.19, 37.31, 41.0, 39.7, 39.3, 36.5, 40.0, 36.18, 36.82, 36.18, 32.0, 36.5, 38.0, 38.5, 35.5, 37.81, 35.5, 37.5, 37.5, 40.5, 37.0, 38.5, 36.0, 38.0, 36.68, 36.82, 35.0, 35.5, 38.19, 36.0, 40.0]
nice
[0.0, 1.01, 0.0, 0.0, 0.0, 0.0, 0.0, 0.0, 0.0, 0.0, 0.0, 0.0, 0.0, 0.0, 0.0, 0.0, 0.0, 0.0, 0.0, 0.0, 0.0, 0.5, 0.0, 0.0, 0.0, 0.0, 0.0, 0.0, 0.0, 0.0, 0.0, 0.5, 0.0, 0.0, 0.0, 0.0, 0.0, 0.0, 0.0, 0.0, 0.0, 0.0, 0.0, 0.0, 0.0, 0.0, 0.0, 0.0, 0.0, 0.0, 0.0, 0.5, 0.0, 0.0, 0.0, 0.0, 0.0, 0.0, 0.0, 0.0, 0.0, 0.0, 0.0, 0.0, 0.0]
system
[56.22, 60.1, 64.68, 64.5, 63.68, 66.5, 67.5, 65.33, 62.69, 62.5, 64.0, 63.5, 64.32, 62.69, 65.17, 61.0, 65.0, 61.31, 59.5, 61.81, 61.0, 64.68, 64.5, 65.0, 63.68, 62.31, 61.19, 64.32, 62.31, 62.69, 62.5, 64.5, 63.18, 58.79, 60.3, 62.69, 59.0, 60.3, 60.7, 63.5, 60.0, 60.3, 63.18, 63.82, 68.0, 63.5, 62.0, 61.5, 62.5, 62.19, 64.5, 62.0, 62.5, 59.5, 63.0, 61.5, 62.0, 62.0, 63.32, 63.18, 65.0, 64.5, 61.81, 60.5, 60.0]
iowait
[4.98, 2.53, 0.0, 0.0, 0.0, 4.0, 0.0, 0.0, 0.0, 0.0, 0.0, 0.0, 1.51, 0.0, 0.0, 0.0, 0.0, 0.0, 0.0, 3.52, 0.0, 0.0, 0.0, 0.0, 0.0, 0.0, 1.99, 0.0, 0.0, 0.0, 0.0, 0.0, 0.0, 0.0, 2.51, 0.0, 0.0, 0.0, 0.0, 0.0, 0.0, 3.52, 0.0, 0.0, 0.0, 0.0, 0.0, 0.0, 2.0, 0.0, 0.0, 0.0, 0.0, 0.0, 0.0, 0.0, 2.0, 0.0, 0.0, 0.0, 0.0, 0.0, 0.0, 3.5, 0.0]
steal
[0.0, 0.0, 0.0, 0.0, 0.0, 0.0, 0.0, 0.0, 0.0, 0.0, 0.0, 0.0, 0.0, 0.0, 0.0, 0.0, 0.0, 0.0, 0.0, 0.0, 0.0, 0.0, 0.0, 0.0, 0.0, 0.0, 0.0, 0.0, 0.0, 0.0, 0.0, 0.0, 0.0, 0.0, 0.0, 0.0, 0.0, 0.0, 0.0, 0.0, 0.0, 0.0, 0.0, 0.0, 0.0, 0.0, 0.0, 0.0, 0.0, 0.0, 0.0, 0.0, 0.0, 0.0, 0.0, 0.0, 0.0, 0.0, 0.0, 0.0, 0.0, 0.0, 0.0, 0.0, 0.0]
idle
[0.0, 0.0, 0.0, 0.0, 0.0, 0.0, 0.0, 0.0, 0.0, 0.0, 0.0, 0.0, 0.0, 0.0, 0.0, 0.0, 0.0, 0.0, 0.0, 0.0, 0.0, 0.0, 0.0, 0.0, 0.0, 0.0, 0.0, 0.0, 0.0, 0.0, 0.0, 0.0, 0.0, 0.0, 0.0, 0.0, 0.0, 0.0, 0.0, 0.0, 0.0, 0.0, 0.0, 0.0, 0.0, 0.0, 0.0, 0.0, 0.0, 0.0, 0.0, 0.0, 0.0, 0.0, 0.0, 0.0, 0.0, 0.0, 0.0, 0.0, 0.0, 0.0, 0.0, 0.0, 0.0]

sdb data:

util
[36.22, 64.65, 78.01, 80.4, 54.13, 74.4, 74.8, 82.21, 93.73, 71.8, 71.4, 94.8, 58.09, 79.8, 99.5, 68.2, 88.8, 52.26, 75.0, 88.04, 40.0, 99.5, 82.8, 74.0, 76.22, 57.29, 70.25, 65.13, 75.38, 71.24, 85.4, 68.0, 85.37, 77.19, 57.09, 87.36, 70.8, 78.79, 66.07, 52.0, 94.2, 51.86, 83.58, 75.38, 81.0, 86.8, 69.2, 60.4, 94.8, 48.96, 86.6, 100.0, 48.0, 92.4, 57.4, 87.6, 80.2, 75.6, 64.52, 96.92, 53.4, 65.6, 87.44, 68.0, 94.8]
r_await
[9.6, 60.0, 0.0, 0.0, 0.0, 72.0, 0.0, 0.0, 64.0, 0.0, 0.0, 0.0, 32.0, 0.0, 0.0, 0.0, 0.0, 0.0, 0.0, 72.0, 0.0, 0.0, 0.0, 0.0, 0.0, 0.0, 40.0, 0.0, 0.0, 0.0, 56.0, 0.0, 0.0, 0.0, 56.0, 0.0, 0.0, 8.0, 0.0, 0.0, 0.0, 72.0, 0.0, 0.0, 0.0, 84.0, 0.0, 0.0, 36.0, 0.0, 0.0, 0.0, 12.0, 0.0, 0.0, 0.0, 44.0, 0.0, 0.0, 0.0, 0.0, 0.0, 0.0, 72.0, 0.0]
avgqusz
[40.51, 31.23, 40.3, 96.83, 28.67, 43.79, 75.1, 42.17, 93.28, 45.59, 33.87, 108.24, 29.66, 49.89, 131.9, 32.86, 80.22, 26.61, 36.28, 111.4, 18.72, 60.45, 93.58, 36.96, 86.25, 53.56, 33.02, 65.05, 37.55, 78.41, 97.06, 36.98, 82.47, 39.0, 33.83, 98.66, 37.68, 72.76, 30.32, 26.34, 108.71, 26.46, 50.47, 64.56, 37.43, 75.63, 51.91, 32.09, 117.64, 41.63, 65.18, 143.04, 33.33, 89.85, 49.78, 42.94, 106.34, 62.27, 37.45, 113.43, 27.46, 70.04, 58.68, 31.17, 109.85]
await
[336.35, 353.39, 219.41, 477.51, 436.23, 246.55, 583.13, 257.65, 396.69, 496.52, 256.49, 474.4, 425.39, 261.16, 716.3, 379.83, 317.3, 524.22, 251.09, 547.91, 464.54, 309.35, 687.9, 251.41, 377.97, 709.42, 265.51, 524.11, 255.9, 378.86, 742.22, 246.96, 537.1, 265.78, 239.31, 618.02, 248.53, 361.79, 395.43, 250.87, 410.83, 565.83, 248.95, 518.96, 268.71, 290.75, 572.34, 235.41, 493.88, 863.24, 308.72, 717.82, 721.41, 342.61, 750.34, 264.02, 513.96, 656.64, 254.59, 660.02, 261.96, 326.77, 569.16, 300.9, 414.64]
rMB
[0.01, 0.02, 0.0, 0.0, 0.0, 0.0, 0.0, 0.0, 0.02, 0.0, 0.0, 0.0, 0.0, 0.0, 0.0, 0.02, 0.0, 0.0, 0.0, 0.0, 0.0, 0.0, 0.0, 0.02, 0.0, 0.0, 0.0, 0.0, 0.0, 0.0, 0.02, 0.0, 0.0, 0.0, 0.0, 0.0, 0.0, 0.02, 0.0, 0.0, 0.0, 0.0, 0.0, 0.0, 0.0, 0.02, 0.0, 0.0, 0.0, 0.0, 0.0, 0.0, 0.02, 0.0, 0.0, 0.0, 0.0, 0.0, 0.0, 0.0, 0.02, 0.0, 0.0, 0.0, 0.0]
svctm
[5.35, 4.78, 4.72, 4.96, 4.88, 5.03, 5.32, 5.11, 5.2, 5.2, 5.25, 5.07, 5.21, 5.36, 5.49, 5.27, 4.91, 5.25, 5.12, 5.05, 5.67, 6.21, 5.36, 5.03, 5.01, 5.18, 5.02, 5.25, 5.14, 5.19, 5.13, 5.38, 5.2, 5.26, 5.19, 5.09, 5.32, 5.07, 5.09, 5.23, 5.05, 5.13, 5.25, 5.32, 5.14, 5.23, 5.09, 5.12, 5.3, 5.53, 6.25, 5.51, 5.65, 5.24, 5.36, 5.25, 5.24, 5.5, 5.2, 5.17, 5.29, 5.4, 6.02, 5.48, 5.14]
r
[2.49, 1.01, 0.0, 0.0, 0.0, 0.5, 0.0, 0.0, 0.5, 0.0, 0.0, 0.0, 0.5, 0.0, 0.0, 0.5, 0.0, 0.0, 0.0, 0.5, 0.0, 0.0, 0.0, 0.5, 0.0, 0.0, 0.5, 0.0, 0.0, 0.0, 0.5, 0.0, 0.0, 0.0, 0.5, 0.0, 0.0, 0.5, 0.0, 0.0, 0.0, 0.5, 0.0, 0.0, 0.0, 0.5, 0.0, 0.0, 0.5, 0.0, 0.0, 0.0, 0.5, 0.0, 0.0, 0.0, 0.5, 0.0, 0.0, 0.0, 0.5, 0.0, 0.0, 0.5, 0.0]
wrqm
[2960.2, 4505.05, 4440.3, 5489.0, 2959.7, 5935.5, 2983.0, 4482.91, 6795.52, 3053.5, 4461.5, 5637.0, 2989.95, 5873.13, 4310.95, 4462.5, 5734.0, 1494.47, 4462.5, 5852.26, 2974.0, 5831.34, 2366.5, 4461.5, 6783.08, 2465.83, 2960.2, 3757.29, 4484.42, 6294.53, 2899.0, 4461.0, 4340.8, 4484.42, 5464.32, 3093.53, 4462.0, 5311.06, 2959.7, 4461.5, 5621.5, 2989.95, 5865.17, 2409.05, 4462.5, 7350.0, 1913.0, 4461.5, 6842.0, 381.59, 6408.5, 5374.0, 1487.0, 6881.0, 1920.5, 4462.5, 6336.0, 2387.0, 5472.36, 3770.65, 4461.0, 4450.5, 2989.45, 4461.5, 5639.5]
w
[65.17, 134.34, 165.17, 162.0, 110.95, 147.5, 140.5, 160.8, 179.6, 138.0, 136.0, 187.0, 111.06, 148.76, 181.09, 129.0, 181.0, 99.5, 146.5, 173.87, 70.5, 160.2, 154.5, 146.5, 152.24, 110.55, 139.3, 124.12, 146.73, 137.31, 166.0, 126.5, 164.18, 146.73, 109.55, 171.64, 133.0, 154.77, 129.85, 99.5, 186.5, 100.5, 159.2, 141.71, 157.5, 165.5, 136.0, 118.0, 178.5, 88.56, 138.5, 181.5, 84.5, 176.5, 107.0, 167.0, 152.5, 137.5, 124.12, 187.56, 100.5, 121.5, 145.23, 123.5, 184.5]
avgrqsz
[244.29, 248.06, 252.43, 253.14, 247.68, 253.35, 251.13, 250.22, 252.31, 249.65, 253.65, 252.94, 249.51, 253.43, 252.13, 250.22, 252.0, 251.68, 252.86, 252.06, 245.67, 253.86, 250.8, 250.99, 252.97, 245.82, 252.33, 250.17, 252.49, 249.74, 251.05, 250.43, 249.94, 252.49, 248.37, 251.78, 252.96, 251.7, 249.87, 250.85, 253.21, 249.63, 253.1, 252.37, 253.38, 251.08, 251.12, 253.25, 252.25, 250.2, 251.87, 253.11, 246.26, 254.55, 252.37, 252.24, 252.05, 250.41, 253.64, 251.95, 248.71, 254.19, 250.82, 249.71, 254.27]
wMB
[8.06, 16.38, 20.36, 20.02, 13.42, 18.3, 17.23, 19.65, 22.17, 16.82, 16.84, 23.1, 13.59, 18.41, 22.29, 15.81, 22.27, 12.23, 18.09, 21.46, 8.46, 19.86, 18.92, 18.0, 18.8, 13.27, 17.22, 15.16, 18.09, 16.74, 20.39, 15.47, 20.04, 18.09, 13.34, 21.1, 16.43, 19.07, 15.84, 12.19, 23.06, 12.31, 19.68, 17.46, 19.49, 20.34, 16.68, 14.59, 22.04, 10.82, 17.03, 22.43, 10.21, 21.94, 13.19, 20.57, 18.83, 16.81, 15.37, 23.07, 12.25, 15.08, 17.79, 15.12, 22.91]
rrqm
[0.5, 3.54, 0.0, 0.0, 0.0, 0.5, 0.0, 0.0, 3.48, 0.0, 0.0, 0.0, 0.5, 0.0, 0.0, 3.5, 0.0, 0.0, 0.0, 0.5, 0.0, 0.0, 0.0, 3.5, 0.0, 0.0, 0.5, 0.0, 0.0, 0.0, 3.5, 0.0, 0.0, 0.0, 0.5, 0.0, 0.0, 3.52, 0.0, 0.0, 0.0, 0.5, 0.0, 0.0, 0.0, 3.5, 0.0, 0.0, 0.5, 0.0, 0.0, 0.0, 3.5, 0.0, 0.0, 0.0, 0.5, 0.0, 0.0, 0.0, 3.5, 0.0, 0.0, 0.5, 0.0]
w_await
[348.82, 355.59, 219.41, 477.51, 436.23, 247.15, 583.13, 257.65, 397.61, 496.52, 256.49, 474.4, 427.17, 261.16, 716.3, 381.3, 317.3, 524.22, 251.09, 549.28, 464.54, 309.35, 687.9, 252.27, 377.97, 709.42, 266.31, 524.11, 255.9, 378.86, 744.29, 246.96, 537.1, 265.78, 240.15, 618.02, 248.53, 362.94, 395.43, 250.87, 410.83, 568.3, 248.95, 518.96, 268.71, 291.37, 572.34, 235.41, 495.16, 863.24, 308.72, 717.82, 725.61, 342.61, 750.34, 264.02, 515.5, 656.64, 254.59, 660.02, 263.26, 326.77, 569.16, 301.83, 414.64]
