12 datos recogidos

cpu data:

user
[1.03, 1.03, 0.52, 0.0, 1.04, 0.52, 0.53, 1.06, 0.53, 0.53, 0.0, 1.03]
nice
[0.52, 0.0, 0.0, 0.0, 0.0, 0.0, 0.0, 0.0, 0.0, 0.0, 0.52, 0.0]
system
[75.26, 83.51, 72.25, 73.96, 80.21, 77.84, 73.54, 71.43, 77.13, 78.42, 81.96, 79.49]
iowait
[23.2, 15.46, 27.23, 26.04, 18.75, 21.65, 25.93, 27.51, 22.34, 21.05, 17.53, 19.49]
steal
[0.0, 0.0, 0.0, 0.0, 0.0, 0.0, 0.0, 0.0, 0.0, 0.0, 0.0, 0.0]
idle
[0.0, 0.0, 0.0, 0.0, 0.0, 0.0, 0.0, 0.0, 0.0, 0.0, 0.0, 0.0]

sdd data:

util
[101.65, 103.09, 104.92, 104.17, 104.17, 103.09, 106.24, 105.82, 106.38, 105.26, 103.09, 102.56]
r_await
[35.0, 0.0, 88.0, 0.0, 0.0, 0.0, 0.0, 0.0, 0.0, 0.0, 0.0, 0.0]
avgqusz
[54.83, 57.12, 56.51, 61.62, 64.96, 66.2, 66.14, 61.7, 70.51, 68.25, 63.7, 65.04]
await
[199.0, 188.72, 227.59, 259.13, 187.31, 268.77, 249.56, 244.0, 244.29, 237.41, 213.54, 245.98]
rMB
[0.01, 0.0, 0.0, 0.0, 0.0, 0.0, 0.0, 0.0, 0.0, 0.0, 0.0, 0.0]
svctm
[3.94, 3.75, 4.23, 4.11, 3.64, 3.82, 4.02, 3.98, 3.68, 3.7, 3.67, 3.62]
r
[2.06, 0.0, 0.52, 0.0, 0.0, 0.0, 0.0, 0.0, 0.0, 0.0, 0.0, 0.0]
wrqm
[155.15, 156.7, 143.46, 143.75, 150.0, 144.85, 168.78, 129.63, 146.81, 151.58, 135.57, 164.62]
w
[255.67, 274.74, 247.64, 253.65, 285.94, 269.59, 264.55, 266.14, 288.83, 284.74, 280.93, 283.59]
avgrqsz
[733.26, 736.2, 759.49, 738.1, 720.01, 716.22, 720.58, 696.7, 692.66, 697.46, 710.15, 691.95]
wMB
[92.27, 98.76, 92.03, 91.41, 100.53, 94.28, 93.08, 90.54, 97.69, 96.97, 97.41, 95.82]
rrqm
[0.0, 0.0, 0.0, 0.0, 0.0, 0.0, 0.0, 0.0, 0.0, 0.0, 0.0, 0.0]
w_await
[200.32, 188.72, 227.89, 259.13, 187.31, 268.77, 249.56, 244.0, 244.29, 237.41, 213.54, 245.98]
