7 datos recogidos

cpu data:

user
[0.52, 1.56, 1.04, 1.02, 0.51, 0.52, 0.52]
nice
[0.0, 0.0, 0.0, 0.0, 0.51, 0.0, 0.0]
system
[80.63, 85.94, 75.0, 65.31, 50.51, 47.67, 51.81]
iowait
[18.85, 12.5, 23.96, 33.67, 48.47, 51.81, 47.67]
steal
[0.0, 0.0, 0.0, 0.0, 0.0, 0.0, 0.0]
idle
[0.0, 0.0, 0.0, 0.0, 0.0, 0.0, 0.0]

sdd data:

util
[90.47, 104.17, 95.83, 94.9, 75.51, 74.82, 73.78]
r_await
[0.0, 0.0, 0.0, 25.2, 25.03, 24.52, 22.25]
avgqusz
[40.84, 60.07, 32.32, 30.66, 17.27, 18.15, 18.85]
await
[127.34, 155.28, 237.71, 123.17, 103.91, 93.49, 94.75]
rMB
[0.0, 0.0, 0.0, 0.0, 0.01, 0.01, 0.01]
svctm
[4.12, 3.85, 3.69, 3.99, 4.07, 3.79, 3.9]
r
[0.0, 0.0, 0.0, 10.2, 15.82, 16.06, 16.58]
wrqm
[156.54, 122.92, 184.38, 103.57, 91.84, 80.31, 95.34]
w
[219.37, 270.31, 259.9, 227.55, 169.9, 181.35, 172.54]
avgrqsz
[890.23, 838.29, 705.8, 730.77, 686.24, 680.59, 719.99]
wMB
[95.36, 110.64, 89.57, 84.83, 62.22, 65.59, 66.48]
rrqm
[0.0, 0.0, 0.0, 0.0, 0.0, 0.0, 0.0]
w_await
[127.34, 155.28, 237.71, 127.56, 111.26, 99.6, 101.72]
