14 datos recogidos

cpu data:

user
[0.51, 0.0, 0.0, 0.52, 0.52, 0.0, 0.53, 0.51, 1.04, 1.04, 0.0, 1.03, 0.52, 0.52]
nice
[0.0, 0.0, 0.0, 0.52, 0.0, 0.0, 0.0, 0.0, 0.0, 0.0, 0.0, 0.0, 0.0, 0.0]
system
[41.84, 36.73, 34.69, 32.46, 34.02, 34.03, 32.63, 40.51, 36.27, 35.23, 38.14, 32.99, 36.46, 38.34]
iowait
[57.65, 63.27, 65.31, 66.49, 65.46, 65.97, 66.84, 58.97, 62.69, 63.73, 61.86, 65.98, 63.02, 61.14]
steal
[0.0, 0.0, 0.0, 0.0, 0.0, 0.0, 0.0, 0.0, 0.0, 0.0, 0.0, 0.0, 0.0, 0.0]
idle
[0.0, 0.0, 0.0, 0.0, 0.0, 0.0, 0.0, 0.0, 0.0, 0.0, 0.0, 0.0, 0.0, 0.0]

sda data:

util
[84.08, 102.04, 102.04, 104.71, 103.09, 104.71, 105.26, 102.56, 103.63, 103.63, 103.09, 103.09, 104.17, 103.63]
r_await
[33.14, 61.4, 61.47, 61.26, 53.68, 60.63, 55.16, 49.27, 53.8, 55.6, 54.6, 55.79, 51.4, 52.0]
avgqusz
[83.47, 137.37, 142.36, 148.46, 143.12, 145.77, 154.77, 149.08, 152.47, 150.61, 151.41, 149.28, 151.44, 147.31]
await
[270.87, 398.53, 447.95, 437.41, 397.14, 418.14, 421.5, 396.55, 405.94, 406.18, 432.13, 411.04, 397.95, 413.34]
rMB
[0.02, 0.0, 0.0, 0.0, 0.0, 0.0, 0.0, 0.01, 0.01, 0.01, 0.01, 0.0, 0.01, 0.01]
svctm
[3.17, 3.15, 3.19, 3.06, 2.87, 2.99, 2.82, 2.75, 2.81, 2.79, 2.93, 2.77, 2.75, 2.94]
r
[14.29, 10.2, 9.69, 9.95, 9.79, 9.95, 10.0, 11.28, 10.36, 10.36, 10.31, 9.79, 10.42, 11.4]
wrqm
[17.86, 23.98, 15.31, 10.47, 34.54, 24.08, 18.42, 1.03, 49.22, 9.33, 27.32, 21.13, 6.25, 37.82]
w
[251.02, 313.78, 310.2, 332.46, 348.97, 340.84, 362.63, 361.03, 358.55, 360.62, 341.24, 362.89, 367.71, 340.93]
avgrqsz
[229.43, 234.53, 228.76, 235.91, 233.85, 228.42, 235.3, 231.81, 228.91, 234.09, 235.28, 233.61, 234.98, 230.46]
wMB
[29.7, 37.1, 35.73, 39.44, 40.96, 39.12, 42.81, 42.14, 41.23, 42.4, 40.38, 42.51, 43.38, 39.64]
rrqm
[31.12, 0.0, 0.0, 0.0, 0.0, 0.0, 0.0, 0.0, 0.0, 0.0, 0.0, 0.0, 0.0, 0.0]
w_await
[284.4, 409.49, 460.03, 448.67, 406.78, 428.58, 431.6, 407.4, 416.12, 416.25, 443.54, 420.62, 407.77, 425.42]
