15 datos recogidos

cpu data:

user
[0.65, 0.0, 0.0, 2.22, 0.0, 0.0, 0.0, 0.61, 0.0, 0.0, 0.0, 0.0, 0.0, 0.0, 0.0]
nice
[0.0, 0.0, 0.0, 0.0, 0.0, 0.0, 0.0, 0.0, 0.0, 0.0, 0.0, 0.0, 0.0, 0.0, 0.0]
system
[44.81, 27.94, 23.78, 43.33, 25.93, 20.29, 27.01, 31.29, 29.41, 30.43, 25.52, 24.06, 30.92, 23.44, 27.01]
iowait
[54.55, 72.06, 76.22, 54.44, 74.07, 79.71, 72.99, 68.1, 70.59, 69.57, 74.48, 75.94, 69.08, 76.56, 72.99]
steal
[0.0, 0.0, 0.0, 0.0, 0.0, 0.0, 0.0, 0.0, 0.0, 0.0, 0.0, 0.0, 0.0, 0.0, 0.0]
idle
[0.0, 0.0, 0.0, 0.0, 0.0, 0.0, 0.0, 0.0, 0.0, 0.0, 0.0, 0.0, 0.0, 0.0, 0.0]

sda data:

util
[115.06, 147.06, 121.71, 91.56, 148.15, 144.93, 146.28, 122.7, 147.06, 144.93, 137.93, 150.38, 131.58, 156.25, 145.99]
r_await
[14.4, 0.0, 0.0, 0.0, 0.0, 0.0, 0.0, 0.0, 0.0, 0.0, 0.0, 0.0, 0.0, 0.0, 0.0]
avgqusz
[159.65, 210.98, 149.95, 96.72, 211.92, 207.48, 209.15, 158.75, 210.19, 206.81, 179.31, 214.85, 173.42, 223.64, 208.03]
await
[278.29, 310.81, 289.91, 217.7, 249.58, 431.65, 309.06, 308.28, 315.08, 304.58, 298.53, 341.58, 297.95, 316.65, 319.02]
rMB
[0.01, 0.0, 0.0, 0.0, 0.0, 0.0, 0.0, 0.0, 0.0, 0.0, 0.0, 0.0, 0.0, 0.0, 0.0]
svctm
[2.2, 2.17, 2.28, 2.24, 2.25, 2.42, 2.19, 2.39, 2.19, 2.2, 2.39, 2.25, 2.31, 2.19, 2.22]
r
[3.25, 0.0, 0.0, 0.0, 0.0, 0.0, 0.0, 0.0, 0.0, 0.0, 0.0, 0.0, 0.0, 0.0, 0.0]
wrqm
[0.0, 0.0, 6.71, 0.56, 0.0, 6.52, 0.0, 4.91, 0.74, 0.0, 6.21, 0.0, 5.26, 0.78, 0.0]
w
[519.48, 677.21, 532.93, 408.89, 658.52, 597.83, 667.88, 512.88, 671.32, 659.42, 576.55, 666.92, 569.08, 714.06, 657.66]
avgrqsz
[254.46, 256.0, 255.53, 254.32, 256.0, 255.48, 256.0, 255.2, 255.72, 256.0, 255.2, 256.0, 255.22, 256.0, 256.0]
wMB
[64.94, 84.65, 66.49, 50.77, 82.31, 74.58, 83.49, 63.91, 83.82, 82.43, 71.84, 83.36, 70.92, 89.26, 82.21]
rrqm
[0.0, 0.0, 0.0, 0.0, 0.0, 0.0, 0.0, 0.0, 0.0, 0.0, 0.0, 0.0, 0.0, 0.0, 0.0]
w_await
[279.94, 310.81, 289.91, 217.7, 249.58, 431.65, 309.06, 308.28, 315.08, 304.58, 298.53, 341.58, 297.95, 316.65, 319.02]
