8 datos recogidos

cpu data:

user
[31.34, 39.7, 35.82, 41.79, 42.71, 42.5, 41.5, 35.0]
nice
[0.0, 0.0, 0.0, 0.0, 0.0, 0.0, 0.0, 0.0]
system
[63.18, 60.3, 64.18, 58.21, 57.29, 57.5, 58.5, 65.0]
iowait
[5.47, 0.0, 0.0, 0.0, 0.0, 0.0, 0.0, 0.0]
steal
[0.0, 0.0, 0.0, 0.0, 0.0, 0.0, 0.0, 0.0]
idle
[0.0, 0.0, 0.0, 0.0, 0.0, 0.0, 0.0, 0.0]

sdb data:

util
[20.7, 85.63, 71.64, 79.2, 62.31, 81.0, 80.2, 61.4]
r_await
[6.86, 0.0, 0.0, 0.0, 0.0, 0.0, 0.0, 0.0]
avgqusz
[26.75, 55.85, 33.36, 78.86, 45.03, 36.53, 90.1, 29.75]
await
[174.19, 617.16, 366.42, 391.69, 860.69, 334.95, 636.94, 371.82]
rMB
[0.03, 0.0, 0.0, 0.0, 0.0, 0.0, 0.0, 0.02]
svctm
[7.85, 7.16, 6.96, 6.95, 7.43, 6.18, 6.39, 6.94]
r
[3.48, 0.0, 0.0, 0.5, 0.0, 0.0, 0.0, 0.5]
wrqm
[2920.4, 1532.16, 2960.2, 5443.28, 1494.47, 2975.0, 4072.5, 2974.0]
w
[22.89, 119.6, 102.99, 113.43, 83.92, 131.0, 125.5, 88.0]
avgrqsz
[213.43, 249.01, 253.26, 250.38, 242.87, 253.04, 250.42, 245.88]
wMB
[2.72, 14.54, 12.74, 13.92, 9.95, 16.19, 15.35, 10.61]
rrqm
[3.98, 0.0, 0.0, 0.5, 0.0, 0.0, 0.0, 3.5]
w_await
[199.65, 617.16, 366.42, 393.4, 860.69, 334.95, 636.94, 373.93]
