sdc data:
187 datos recogidos
util
[15.28, 0.0, 0.0, 0.0, 36.38, 55.92, 22.2, 11.8, 51.14, 28.34, 0.0, 35.6, 38.21, 40.8, 51.86, 3.2, 38.4, 55.8, 0.0, 30.8, 23.6, 34.6, 73.4, 0.0, 18.2, 20.8, 35.4, 36.8, 54.0, 1.4, 56.12, 18.18, 0.0, 29.95, 0.0, 0.0, 0.0, 0.0, 13.2, 33.37, 34.03, 65.4, 10.05, 0.0, 37.0, 17.69, 54.93, 35.0, 0.0, 61.6, 14.8, 0.0, 35.8, 18.0, 35.2, 69.95, 3.82, 0.0, 35.0, 20.2, 54.67, 35.4, 0.0, 17.31, 35.18, 21.4, 72.64, 0.0, 10.0, 63.32, 0.0, 28.46, 44.82, 0.0, 44.58, 30.75, 0.0, 57.29, 18.11, 0.0, 67.46, 5.43, 0.0, 35.18, 22.09, 42.02, 46.57, 0.0, 17.2, 28.8, 24.28, 73.0, 0.0, 1.6, 34.2, 21.0, 53.07, 34.0, 0.0, 48.16, 30.15, 0.0, 54.87, 15.12, 0.0, 74.43, 3.2, 0.0, 76.4, 0.0, 0.0, 72.0, 0.0, 5.4, 70.4, 0.0, 12.6, 62.8, 0.0, 21.4, 49.8, 0.0, 31.6, 46.83, 0.0, 17.4, 24.88, 27.94, 74.4, 3.0, 0.0, 33.6, 19.7, 33.03, 54.0, 0.0, 18.6, 17.8, 36.4, 65.4, 7.16, 0.0, 72.4, 0.0, 0.0, 74.37, 0.0, 4.58, 32.2, 23.8, 47.0, 37.6, 0.0, 18.11, 24.6, 31.4, 73.54, 0.0, 0.0, 32.84, 21.8, 34.17, 58.2, 0.0, 26.53, 46.17, 0.0, 41.99, 30.0, 0.0, 59.3, 18.91, 0.0, 69.55, 4.75, 0.0, 74.2, 0.0, 0.0, 36.02, 17.2, 38.4, 53.13, 0.0, 17.0, 17.51, 34.97]
r_await
[63.2, 0.0, 0.0, 0.0, 0.0, 0.0, 24.0, 0.0, 0.0, 0.0, 0.0, 0.0, 0.0, 0.0, 0.0, 48.0, 0.0, 0.0, 0.0, 0.0, 0.0, 0.0, 0.0, 0.0, 24.0, 88.0, 0.0, 0.0, 0.0, 28.0, 0.0, 32.0, 0.0, 0.0, 0.0, 0.0, 0.0, 0.0, 0.0, 0.0, 0.0, 0.0, 0.0, 0.0, 84.0, 0.0, 0.0, 0.0, 0.0, 0.0, 0.0, 0.0, 0.0, 0.0, 56.0, 0.0, 0.0, 0.0, 0.0, 0.0, 0.0, 0.0, 0.0, 0.0, 0.0, 0.0, 0.0, 0.0, 0.0, 0.0, 0.0, 0.0, 0.0, 0.0, 84.0, 0.0, 0.0, 0.0, 0.0, 0.0, 0.0, 0.0, 0.0, 0.0, 0.0, 16.0, 0.0, 0.0, 0.0, 0.0, 0.0, 0.0, 0.0, 0.0, 0.0, 0.0, 100.0, 0.0, 0.0, 0.0, 0.0, 0.0, 0.0, 0.0, 0.0, 0.0, 0.0, 0.0, 0.0, 0.0, 0.0, 0.0, 0.0, 0.0, 0.0, 0.0, 0.0, 60.0, 0.0, 0.0, 0.0, 0.0, 0.0, 0.0, 0.0, 0.0, 0.0, 0.0, 36.0, 0.0, 0.0, 0.0, 0.0, 0.0, 0.0, 0.0, 0.0, 0.0, 56.0, 0.0, 0.0, 0.0, 0.0, 0.0, 0.0, 0.0, 0.0, 0.0, 0.0, 36.0, 0.0, 0.0, 0.0, 0.0, 0.0, 0.0, 0.0, 0.0, 0.0, 0.0, 16.0, 0.0, 0.0, 0.0, 0.0, 0.0, 0.0, 0.0, 0.0, 0.0, 64.0, 0.0, 0.0, 0.0, 0.0, 0.0, 0.0, 0.0, 0.0, 0.0, 0.0, 4.0, 0.0, 0.0, 0.0, 0.0, 0.0]
avgqusz
[0.15, 0.0, 0.0, 0.0, 24.34, 76.45, 9.77, 5.74, 65.06, 17.94, 0.0, 12.81, 13.81, 39.41, 51.41, 0.05, 36.34, 54.54, 0.0, 12.45, 8.07, 12.43, 82.19, 0.0, 5.84, 7.55, 12.75, 34.6, 54.42, 0.01, 72.63, 5.7, 0.0, 20.65, 0.0, 0.0, 0.0, 0.0, 7.32, 11.18, 12.13, 83.54, 2.58, 0.0, 13.43, 6.64, 59.61, 28.21, 0.0, 80.26, 4.69, 0.0, 12.88, 6.66, 12.39, 81.95, 0.37, 0.0, 12.67, 8.43, 59.37, 27.77, 0.0, 6.31, 12.93, 10.58, 81.15, 0.0, 14.35, 68.19, 0.0, 40.6, 42.17, 0.0, 63.46, 22.92, 0.0, 77.56, 8.01, 0.0, 81.05, 1.06, 0.0, 13.8, 6.76, 40.17, 43.57, 0.0, 6.29, 11.88, 7.49, 78.97, 0.0, 1.05, 11.9, 8.48, 59.01, 25.69, 0.0, 69.53, 21.45, 0.0, 71.68, 5.92, 0.0, 87.9, 0.26, 0.0, 88.28, 0.0, 0.0, 81.43, 0.0, 7.62, 79.12, 0.0, 18.01, 66.68, 0.0, 30.52, 49.4, 0.0, 45.48, 45.71, 0.0, 6.27, 10.46, 8.86, 80.49, 0.21, 0.0, 12.53, 6.59, 28.53, 53.79, 0.0, 6.62, 6.73, 12.51, 79.29, 1.12, 0.0, 81.85, 0.0, 0.0, 82.78, 0.0, 2.68, 10.24, 10.31, 52.18, 32.15, 0.0, 6.47, 11.09, 10.5, 83.26, 0.0, 0.0, 12.48, 7.89, 29.49, 61.9, 0.0, 38.06, 43.58, 0.0, 59.7, 21.95, 0.0, 80.89, 8.78, 0.0, 83.8, 0.58, 0.0, 82.57, 0.0, 0.0, 12.92, 6.41, 36.3, 51.66, 0.0, 6.01, 6.5, 12.85]
await
[63.2, 0.0, 0.0, 0.0, 343.55, 476.23, 707.78, 121.12, 414.6, 674.13, 0.0, 185.65, 199.68, 216.29, 654.08, 48.0, 199.1, 648.92, 0.0, 163.47, 202.04, 203.67, 530.25, 0.0, 164.56, 215.83, 184.75, 192.94, 638.59, 28.0, 456.58, 735.43, 0.0, 304.36, 0.0, 0.0, 0.0, 0.0, 45.0, 295.83, 176.61, 524.09, 684.39, 0.0, 189.18, 185.26, 319.73, 669.94, 0.0, 501.16, 714.89, 0.0, 177.6, 193.16, 178.24, 524.57, 670.53, 0.0, 183.59, 244.29, 314.03, 671.9, 0.0, 181.26, 185.15, 169.0, 569.13, 0.0, 98.67, 591.38, 0.0, 279.47, 680.39, 0.0, 426.23, 716.41, 0.0, 478.23, 719.67, 0.0, 508.71, 705.62, 0.0, 169.17, 222.36, 211.52, 644.96, 0.0, 182.38, 160.48, 217.05, 524.69, 0.0, 18.0, 195.27, 161.4, 322.07, 687.44, 0.0, 483.36, 707.02, 0.0, 453.54, 701.01, 0.0, 552.36, 675.76, 0.0, 564.1, 0.0, 0.0, 522.01, 0.0, 55.45, 591.97, 0.0, 124.42, 626.11, 0.0, 208.34, 668.82, 0.0, 299.05, 739.18, 0.0, 165.05, 157.85, 211.18, 506.57, 841.85, 0.0, 173.06, 201.79, 173.72, 599.47, 0.0, 191.88, 185.1, 184.95, 486.52, 761.94, 0.0, 529.8, 0.0, 0.0, 536.56, 0.0, 45.88, 207.44, 161.26, 321.51, 667.79, 0.0, 188.58, 156.84, 231.8, 535.25, 0.0, 0.0, 167.87, 216.81, 176.83, 660.9, 0.0, 262.73, 676.18, 0.0, 396.65, 676.06, 0.0, 505.35, 732.14, 0.0, 520.53, 680.57, 0.0, 532.7, 0.0, 0.0, 179.14, 183.26, 199.41, 641.15, 0.0, 171.83, 189.28, 185.3]
rMB
[0.01, 0.0, 0.0, 0.0, 0.0, 0.0, 0.01, 0.0, 0.0, 0.0, 0.0, 0.0, 0.0, 0.0, 0.0, 0.02, 0.0, 0.0, 0.0, 0.0, 0.0, 0.0, 0.0, 0.0, 0.0, 0.0, 0.0, 0.0, 0.0, 0.02, 0.0, 0.01, 0.0, 0.0, 0.0, 0.0, 0.0, 0.0, 0.0, 0.0, 0.0, 0.0, 0.0, 0.0, 0.0, 0.0, 0.0, 0.0, 0.0, 0.0, 0.0, 0.0, 0.0, 0.0, 0.02, 0.0, 0.0, 0.0, 0.0, 0.0, 0.0, 0.0, 0.0, 0.0, 0.0, 0.0, 0.0, 0.0, 0.0, 0.0, 0.0, 0.0, 0.0, 0.0, 0.02, 0.0, 0.0, 0.0, 0.0, 0.0, 0.0, 0.0, 0.0, 0.0, 0.0, 0.0, 0.0, 0.0, 0.0, 0.0, 0.0, 0.0, 0.0, 0.0, 0.0, 0.0, 0.02, 0.0, 0.0, 0.0, 0.0, 0.0, 0.0, 0.0, 0.0, 0.0, 0.0, 0.0, 0.0, 0.0, 0.0, 0.0, 0.0, 0.0, 0.0, 0.0, 0.0, 0.02, 0.0, 0.0, 0.0, 0.0, 0.0, 0.0, 0.0, 0.0, 0.0, 0.0, 0.0, 0.0, 0.0, 0.0, 0.0, 0.0, 0.0, 0.0, 0.0, 0.0, 0.02, 0.0, 0.0, 0.0, 0.0, 0.0, 0.0, 0.0, 0.0, 0.0, 0.0, 0.0, 0.0, 0.0, 0.0, 0.0, 0.0, 0.0, 0.0, 0.0, 0.0, 0.0, 0.02, 0.0, 0.0, 0.0, 0.0, 0.0, 0.0, 0.0, 0.0, 0.0, 0.0, 0.0, 0.0, 0.0, 0.0, 0.0, 0.0, 0.0, 0.0, 0.0, 0.0, 0.02, 0.0, 0.0, 0.0, 0.0, 0.0]
svctm
[60.8, 0.0, 0.0, 0.0, 5.13, 4.95, 4.83, 5.49, 4.78, 4.55, 0.0, 5.16, 5.53, 5.01, 4.63, 32.0, 5.22, 4.75, 0.0, 5.13, 4.92, 5.24, 4.74, 0.0, 5.13, 5.94, 5.13, 5.08, 4.6, 28.0, 4.64, 5.71, 0.0, 4.41, 0.0, 0.0, 0.0, 0.0, 11.0, 5.49, 4.96, 4.99, 3.92, 0.0, 5.21, 5.03, 4.95, 4.46, 0.0, 4.89, 4.85, 0.0, 4.94, 5.22, 5.06, 4.83, 4.0, 0.0, 5.07, 5.86, 5.06, 4.48, 0.0, 4.97, 5.04, 5.35, 4.87, 0.0, 4.76, 4.65, 0.0, 4.77, 4.6, 0.0, 5.09, 4.47, 0.0, 4.96, 4.33, 0.0, 4.84, 3.38, 0.0, 5.51, 5.05, 5.04, 4.57, 0.0, 4.99, 5.33, 4.93, 4.85, 0.0, 5.33, 5.18, 5.06, 4.91, 4.53, 0.0, 5.38, 4.44, 0.0, 4.73, 4.28, 0.0, 4.99, 3.76, 0.0, 4.88, 0.0, 0.0, 4.62, 0.0, 4.91, 4.84, 0.0, 5.25, 4.81, 0.0, 4.6, 4.74, 0.0, 5.54, 4.66, 0.0, 4.58, 5.26, 4.96, 5.01, 4.62, 0.0, 5.09, 5.16, 4.92, 4.58, 0.0, 5.39, 5.16, 5.24, 4.64, 4.65, 0.0, 4.69, 0.0, 0.0, 4.82, 0.0, 5.41, 5.32, 5.01, 5.0, 4.42, 0.0, 5.28, 5.18, 5.15, 4.73, 0.0, 0.0, 5.41, 4.64, 5.04, 4.85, 0.0, 4.93, 4.64, 0.0, 4.74, 4.35, 0.0, 5.22, 4.32, 0.0, 4.84, 3.43, 0.0, 4.79, 0.0, 0.0, 4.99, 4.91, 4.95, 4.7, 0.0, 4.86, 5.1, 5.04]
r
[2.51, 0.0, 0.0, 0.0, 0.0, 0.0, 0.5, 0.0, 0.0, 0.0, 0.0, 0.0, 0.0, 0.0, 0.0, 1.0, 0.0, 0.0, 0.0, 0.0, 0.0, 0.0, 0.0, 0.0, 0.5, 0.5, 0.0, 0.0, 0.0, 0.5, 0.0, 0.51, 0.0, 0.0, 0.0, 0.0, 0.0, 0.0, 0.0, 0.0, 0.0, 0.0, 0.0, 0.0, 0.5, 0.0, 0.0, 0.0, 0.0, 0.0, 0.0, 0.0, 0.0, 0.0, 0.5, 0.0, 0.0, 0.0, 0.0, 0.0, 0.0, 0.0, 0.0, 0.0, 0.5, 0.0, 0.0, 0.0, 0.0, 0.0, 0.0, 0.0, 0.0, 0.0, 0.5, 0.0, 0.0, 0.0, 0.0, 0.0, 0.0, 0.0, 0.0, 0.0, 0.0, 0.51, 0.0, 0.0, 0.0, 0.0, 0.0, 0.0, 0.0, 0.0, 0.0, 0.0, 0.5, 0.0, 0.0, 0.0, 0.0, 0.0, 0.0, 0.0, 0.0, 0.0, 0.5, 0.0, 0.0, 0.0, 0.0, 0.0, 0.0, 0.0, 0.0, 0.0, 0.0, 0.5, 0.0, 0.0, 0.0, 0.0, 0.0, 0.0, 0.0, 0.0, 0.0, 0.0, 0.5, 0.0, 0.0, 0.0, 0.0, 0.0, 0.0, 0.0, 0.0, 0.0, 0.5, 0.0, 0.0, 0.0, 0.0, 0.0, 0.0, 0.0, 0.0, 0.0, 0.0, 0.5, 0.0, 0.0, 0.0, 0.0, 0.0, 0.0, 0.0, 0.0, 0.0, 0.0, 0.5, 0.0, 0.0, 0.0, 0.0, 0.0, 0.0, 0.0, 0.0, 0.0, 0.5, 0.0, 0.0, 0.0, 0.0, 0.0, 0.0, 0.0, 0.0, 0.0, 0.0, 0.5, 0.0, 0.0, 0.0, 0.0, 0.0]
wrqm
[0.0, 0.0, 0.0, 0.0, 1987.44, 4466.67, 0.0, 989.0, 4406.97, 0.0, 0.0, 1979.0, 1968.66, 4196.5, 1249.75, 0.0, 4163.5, 1264.5, 0.0, 1978.0, 1978.5, 989.5, 4391.0, 0.0, 989.0, 989.5, 1979.0, 4215.0, 1128.5, 0.0, 4215.92, 0.0, 0.0, 1805.53, 0.0, 0.0, 0.0, 0.0, 986.0, 994.47, 1969.15, 4369.5, 0.0, 0.0, 1977.5, 1866.33, 4133.83, 314.5, 0.0, 4363.0, 0.0, 0.0, 1975.5, 989.5, 1979.0, 4292.46, 0.0, 0.0, 1979.0, 989.5, 5065.33, 192.0, 0.0, 984.08, 1988.94, 3316.5, 2019.4, 0.0, 2741.5, 1598.49, 0.0, 3642.79, 676.38, 0.0, 4270.65, 0.0, 0.0, 4320.1, 0.0, 0.0, 4283.08, 0.0, 0.0, 1985.43, 984.08, 4139.9, 1061.69, 0.0, 989.5, 1979.0, 984.58, 4180.0, 0.0, 989.5, 989.5, 1979.0, 4061.31, 261.0, 0.0, 4357.71, 0.0, 0.0, 4197.49, 0.0, 0.0, 4328.36, 0.0, 0.0, 4334.0, 0.0, 0.0, 4321.0, 0.0, 2301.5, 2051.0, 0.0, 2767.5, 1522.0, 0.0, 3215.0, 961.5, 0.0, 3676.0, 674.37, 0.0, 986.0, 1969.15, 994.47, 4314.5, 0.0, 0.0, 1978.5, 994.47, 4079.6, 1087.0, 0.0, 989.5, 1979.0, 989.5, 4354.0, 0.0, 0.0, 4273.5, 0.0, 0.0, 4246.23, 0.0, 984.58, 989.5, 1975.0, 4123.5, 155.0, 0.0, 984.58, 1974.5, 989.0, 4346.97, 0.0, 0.0, 1969.15, 985.5, 4024.62, 1247.5, 0.0, 3717.09, 586.57, 0.0, 4293.53, 0.0, 0.0, 4358.29, 0.0, 0.0, 4395.98, 0.0, 0.0, 4301.0, 0.0, 0.0, 1965.67, 989.0, 4100.0, 1257.71, 0.0, 989.0, 984.58, 1988.94]
w
[0.0, 0.0, 0.0, 0.0, 70.85, 112.94, 45.5, 21.5, 106.97, 62.31, 0.0, 69.0, 69.15, 81.5, 112.06, 0.0, 73.5, 117.5, 0.0, 60.0, 48.0, 66.0, 155.0, 0.0, 35.0, 34.5, 69.0, 72.5, 117.5, 0.0, 120.9, 31.31, 0.0, 67.84, 0.0, 0.0, 0.0, 0.0, 12.0, 60.8, 68.66, 131.0, 25.63, 0.0, 70.5, 35.18, 110.95, 78.5, 0.0, 126.0, 30.5, 0.0, 72.5, 34.5, 69.0, 144.72, 9.55, 0.0, 69.0, 34.5, 108.04, 79.0, 0.0, 34.83, 69.35, 40.0, 149.25, 0.0, 21.0, 136.18, 0.0, 59.7, 97.49, 0.0, 87.06, 68.84, 0.0, 115.58, 41.79, 0.0, 139.3, 16.08, 0.0, 63.82, 43.78, 82.83, 101.99, 0.0, 34.5, 54.0, 49.25, 150.5, 0.0, 3.0, 66.0, 41.5, 107.54, 75.0, 0.0, 89.55, 67.84, 0.0, 116.08, 35.32, 0.0, 149.25, 8.0, 0.0, 156.5, 0.0, 0.0, 156.0, 0.0, 11.0, 145.5, 0.0, 24.0, 130.0, 0.0, 46.5, 105.0, 0.0, 57.0, 100.5, 0.0, 38.0, 47.26, 56.28, 148.0, 6.5, 0.0, 66.0, 38.19, 67.16, 118.0, 0.0, 34.5, 34.5, 69.0, 141.0, 15.42, 0.0, 154.5, 0.0, 0.0, 154.27, 0.0, 8.46, 60.5, 47.0, 94.0, 85.0, 0.0, 34.33, 47.5, 61.0, 155.56, 0.0, 0.0, 60.7, 46.5, 67.84, 120.0, 0.0, 53.77, 99.5, 0.0, 88.56, 69.0, 0.0, 113.07, 43.78, 0.0, 143.72, 13.86, 0.0, 155.0, 0.0, 0.0, 72.14, 35.0, 77.0, 112.94, 0.0, 35.0, 34.33, 69.35]
avgrqsz
[9.6, 0.0, 0.0, 0.0, 232.4, 232.7, 234.52, 236.84, 236.91, 230.84, 0.0, 237.45, 235.74, 233.37, 233.58, 36.0, 237.33, 234.11, 0.0, 234.53, 233.83, 237.33, 234.63, 0.0, 230.99, 234.17, 237.45, 237.19, 230.4, 64.0, 234.96, 208.89, 0.0, 220.92, 0.0, 0.0, 0.0, 0.0, 172.33, 236.63, 237.45, 238.5, 194.67, 0.0, 230.87, 234.06, 237.38, 226.09, 0.0, 237.97, 202.36, 0.0, 225.99, 237.45, 236.2, 231.25, 220.63, 0.0, 237.45, 237.45, 238.55, 224.1, 0.0, 234.06, 235.86, 237.8, 231.84, 0.0, 223.43, 230.38, 0.0, 231.33, 227.3, 0.0, 235.27, 217.69, 0.0, 233.01, 210.67, 0.0, 234.26, 180.5, 0.0, 225.39, 233.27, 236.65, 227.16, 0.0, 237.45, 238.0, 236.85, 230.19, 0.0, 240.0, 237.33, 237.88, 237.77, 221.81, 0.0, 234.84, 224.59, 0.0, 234.49, 212.28, 0.0, 228.13, 217.88, 0.0, 229.55, 0.0, 0.0, 229.59, 0.0, 218.18, 231.42, 0.0, 230.33, 230.28, 0.0, 227.7, 228.91, 0.0, 234.32, 226.76, 0.0, 215.58, 238.15, 236.86, 230.73, 230.15, 0.0, 236.85, 235.37, 237.81, 228.2, 0.0, 237.45, 237.45, 236.2, 230.33, 232.77, 0.0, 229.28, 0.0, 0.0, 228.2, 0.0, 240.0, 237.09, 215.58, 238.38, 225.84, 0.0, 237.45, 238.15, 217.44, 231.56, 0.0, 0.0, 238.56, 213.96, 237.04, 229.3, 0.0, 235.66, 229.24, 0.0, 231.19, 220.41, 0.0, 235.04, 213.45, 0.0, 236.9, 169.43, 0.0, 229.99, 0.0, 0.0, 225.99, 234.06, 237.47, 229.64, 0.0, 234.06, 237.45, 237.45]
wMB
[0.0, 0.0, 0.0, 0.0, 8.04, 12.83, 5.26, 2.49, 12.37, 7.02, 0.0, 8.0, 7.96, 9.29, 12.78, 0.0, 8.52, 13.43, 0.0, 6.87, 5.48, 7.65, 17.76, 0.0, 4.0, 4.0, 8.0, 8.4, 13.22, 0.0, 13.87, 3.24, 0.0, 7.32, 0.0, 0.0, 0.0, 0.0, 1.01, 7.03, 7.96, 15.26, 2.44, 0.0, 8.0, 4.02, 12.86, 8.67, 0.0, 14.64, 3.01, 0.0, 8.0, 4.0, 8.0, 16.34, 1.03, 0.0, 8.0, 4.0, 12.58, 8.64, 0.0, 3.98, 8.04, 4.64, 16.9, 0.0, 2.29, 15.32, 0.0, 6.74, 10.82, 0.0, 10.04, 7.32, 0.0, 13.15, 4.3, 0.0, 15.93, 1.42, 0.0, 7.02, 4.99, 9.63, 11.31, 0.0, 4.0, 6.28, 5.7, 16.92, 0.0, 0.35, 7.65, 4.82, 12.53, 8.12, 0.0, 10.27, 7.44, 0.0, 13.29, 3.66, 0.0, 16.63, 0.9, 0.0, 17.54, 0.0, 0.0, 17.49, 0.0, 1.17, 16.44, 0.0, 2.7, 14.66, 0.0, 5.17, 11.74, 0.0, 6.52, 11.13, 0.0, 4.0, 5.5, 6.51, 16.73, 0.73, 0.0, 7.63, 4.39, 7.8, 13.15, 0.0, 4.0, 4.0, 8.0, 15.86, 1.75, 0.0, 17.3, 0.0, 0.0, 17.19, 0.0, 0.99, 7.0, 5.0, 10.94, 9.37, 0.0, 3.98, 5.52, 6.48, 17.59, 0.0, 0.0, 7.07, 4.89, 7.85, 13.44, 0.0, 6.19, 11.14, 0.0, 10.0, 7.43, 0.0, 13.03, 4.56, 0.0, 16.62, 1.15, 0.0, 17.41, 0.0, 0.0, 7.96, 4.0, 8.97, 12.66, 0.0, 4.0, 3.98, 8.04]
rrqm
[0.5, 0.0, 0.0, 0.0, 0.0, 0.0, 1.5, 0.0, 0.0, 0.0, 0.0, 0.0, 0.0, 0.0, 0.0, 3.5, 0.0, 0.0, 0.0, 0.0, 0.0, 0.0, 0.0, 0.0, 0.5, 0.0, 0.0, 0.0, 0.0, 3.5, 0.0, 1.01, 0.0, 0.0, 0.0, 0.0, 0.0, 0.0, 0.0, 0.0, 0.0, 0.0, 0.0, 0.0, 0.5, 0.0, 0.0, 0.0, 0.0, 0.0, 0.0, 0.0, 0.0, 0.0, 3.5, 0.0, 0.0, 0.0, 0.0, 0.0, 0.0, 0.0, 0.0, 0.0, 0.5, 0.0, 0.0, 0.0, 0.0, 0.0, 0.0, 0.0, 0.0, 0.0, 3.48, 0.0, 0.0, 0.0, 0.0, 0.0, 0.0, 0.0, 0.0, 0.0, 0.0, 0.51, 0.0, 0.0, 0.0, 0.0, 0.0, 0.0, 0.0, 0.0, 0.0, 0.0, 3.52, 0.0, 0.0, 0.0, 0.0, 0.0, 0.0, 0.0, 0.0, 0.0, 0.5, 0.0, 0.0, 0.0, 0.0, 0.0, 0.0, 0.0, 0.0, 0.0, 0.0, 3.5, 0.0, 0.0, 0.0, 0.0, 0.0, 0.0, 0.0, 0.0, 0.0, 0.0, 0.5, 0.0, 0.0, 0.0, 0.0, 0.0, 0.0, 0.0, 0.0, 0.0, 3.5, 0.0, 0.0, 0.0, 0.0, 0.0, 0.0, 0.0, 0.0, 0.0, 0.0, 0.5, 0.0, 0.0, 0.0, 0.0, 0.0, 0.0, 0.0, 0.0, 0.0, 0.0, 3.5, 0.0, 0.0, 0.0, 0.0, 0.0, 0.0, 0.0, 0.0, 0.0, 0.5, 0.0, 0.0, 0.0, 0.0, 0.0, 0.0, 0.0, 0.0, 0.0, 0.0, 3.5, 0.0, 0.0, 0.0, 0.0, 0.0]
w_await
[0.0, 0.0, 0.0, 0.0, 343.55, 476.23, 715.3, 121.12, 414.6, 674.13, 0.0, 185.65, 199.68, 216.29, 654.08, 0.0, 199.1, 648.92, 0.0, 163.47, 202.04, 203.67, 530.25, 0.0, 166.57, 217.68, 184.75, 192.94, 638.59, 0.0, 456.58, 746.77, 0.0, 304.36, 0.0, 0.0, 0.0, 0.0, 45.0, 295.83, 176.61, 524.09, 684.39, 0.0, 189.93, 185.26, 319.73, 669.94, 0.0, 501.16, 714.89, 0.0, 177.6, 193.16, 179.13, 524.57, 670.53, 0.0, 183.59, 244.29, 314.03, 671.9, 0.0, 181.26, 186.49, 169.0, 569.13, 0.0, 98.67, 591.38, 0.0, 279.47, 680.39, 0.0, 428.18, 716.41, 0.0, 478.23, 719.67, 0.0, 508.71, 705.62, 0.0, 169.17, 222.36, 212.71, 644.96, 0.0, 182.38, 160.48, 217.05, 524.69, 0.0, 18.0, 195.27, 161.4, 323.1, 687.44, 0.0, 483.36, 707.02, 0.0, 453.54, 701.01, 0.0, 552.36, 718.0, 0.0, 564.1, 0.0, 0.0, 522.01, 0.0, 55.45, 591.97, 0.0, 124.42, 628.29, 0.0, 208.34, 668.82, 0.0, 299.05, 739.18, 0.0, 165.05, 157.85, 211.18, 508.16, 841.85, 0.0, 173.06, 201.79, 173.72, 599.47, 0.0, 191.88, 185.1, 185.88, 486.52, 761.94, 0.0, 529.8, 0.0, 0.0, 536.56, 0.0, 45.88, 207.44, 162.6, 321.51, 667.79, 0.0, 188.58, 156.84, 231.8, 535.25, 0.0, 0.0, 167.87, 218.97, 176.83, 660.9, 0.0, 262.73, 676.18, 0.0, 396.65, 676.06, 0.0, 507.31, 732.14, 0.0, 520.53, 680.57, 0.0, 532.7, 0.0, 0.0, 179.14, 183.26, 200.68, 641.15, 0.0, 171.83, 189.28, 185.3]
