17 datos recogidos

cpu data:

user
[1.02, 1.52, 0.52, 0.0, 0.51, 0.51, 1.02, 0.0, 1.02, 0.51, 0.0, 0.51, 0.51, 0.51, 0.0, 0.51, 0.51]
nice
[0.0, 0.0, 0.0, 0.0, 0.0, 0.0, 0.0, 0.0, 0.0, 0.0, 0.0, 0.0, 0.0, 0.0, 0.0, 0.0, 0.0]
system
[41.33, 47.72, 48.97, 46.67, 45.92, 50.76, 47.21, 50.52, 50.0, 50.26, 52.06, 48.72, 51.27, 51.78, 45.6, 50.77, 49.49]
iowait
[57.65, 50.76, 50.52, 53.33, 53.57, 48.73, 51.78, 49.48, 48.98, 49.23, 47.94, 50.77, 48.22, 47.72, 54.4, 48.72, 50.0]
steal
[0.0, 0.0, 0.0, 0.0, 0.0, 0.0, 0.0, 0.0, 0.0, 0.0, 0.0, 0.0, 0.0, 0.0, 0.0, 0.0, 0.0]
idle
[0.0, 0.0, 0.0, 0.0, 0.0, 0.0, 0.0, 0.0, 0.0, 0.0, 0.0, 0.0, 0.0, 0.0, 0.0, 0.0, 0.0]

sdd data:

util
[66.94, 88.12, 89.28, 89.44, 89.39, 85.89, 87.51, 93.4, 91.43, 88.0, 92.58, 89.03, 87.51, 90.36, 93.26, 89.03, 88.57]
r_await
[28.13, 31.29, 30.5, 34.42, 33.47, 29.18, 31.38, 31.76, 29.65, 30.0, 29.88, 32.38, 29.58, 30.47, 35.61, 30.18, 32.12]
avgqusz
[28.27, 35.83, 32.45, 34.28, 34.24, 34.59, 34.93, 36.73, 36.43, 33.87, 36.4, 35.69, 32.81, 36.11, 38.76, 36.65, 35.45]
await
[151.85, 162.5, 156.32, 167.52, 154.15, 157.04, 157.14, 164.61, 156.19, 154.12, 155.46, 166.4, 161.74, 161.76, 168.91, 156.78, 160.88]
rMB
[0.01, 0.01, 0.01, 0.01, 0.01, 0.01, 0.01, 0.01, 0.01, 0.01, 0.01, 0.01, 0.01, 0.01, 0.01, 0.01, 0.01]
svctm
[4.15, 3.94, 4.21, 4.07, 4.17, 3.99, 4.12, 4.16, 3.93, 3.97, 4.01, 4.12, 4.05, 4.03, 4.07, 4.07, 4.02]
r
[15.31, 17.26, 16.49, 16.92, 15.31, 17.26, 16.24, 17.01, 17.35, 17.44, 17.53, 16.41, 16.75, 17.26, 16.06, 16.92, 16.84]
wrqm
[54.08, 48.22, 45.88, 38.97, 45.41, 48.73, 45.18, 43.81, 44.9, 46.67, 49.48, 47.69, 47.21, 43.65, 37.82, 43.08, 46.43]
w
[145.92, 206.6, 195.36, 203.08, 198.98, 197.97, 195.94, 207.73, 215.31, 204.1, 213.4, 199.49, 199.49, 207.11, 212.95, 202.05, 203.57]
avgrqsz
[615.86, 635.32, 637.62, 623.28, 638.7, 632.07, 619.91, 614.45, 621.59, 632.6, 623.32, 614.57, 622.72, 624.48, 615.36, 628.35, 615.83]
wMB
[48.47, 69.44, 65.95, 66.95, 66.82, 66.42, 64.22, 67.42, 70.6, 68.42, 70.28, 64.78, 65.74, 68.41, 68.8, 67.18, 66.27]
rrqm
[0.0, 0.0, 0.0, 0.0, 0.0, 0.0, 0.0, 0.0, 0.0, 0.0, 0.0, 0.0, 0.0, 0.0, 0.0, 0.0, 0.0]
w_await
[164.83, 173.46, 166.94, 178.61, 163.44, 168.18, 167.56, 175.48, 166.39, 164.72, 165.77, 177.43, 172.83, 172.71, 178.97, 167.38, 171.53]
