65 datos recogidos

cpu data:

user
[37.19, 35.86, 16.22, 14.36, 14.75, 14.29, 13.89, 14.36, 12.72, 12.12, 11.59, 11.45, 10.84, 8.99, 13.14, 12.12, 14.2, 11.76, 11.18, 7.74, 11.7, 8.98, 10.3, 8.14, 10.59, 9.58, 11.11, 10.98, 9.47, 11.18, 12.43, 8.88, 9.04, 9.3, 7.47, 12.0, 10.67, 11.49, 8.15, 19.59, 13.83, 11.86, 10.88, 3.03, 2.58, 2.09, 3.06, 3.54, 3.61, 5.64, 6.67, 8.72, 8.85, 7.22, 9.9, 27.32, 27.18, 21.99, 29.32, 17.99, 13.23, 14.36, 23.68, 24.61, 20.97]
nice
[0.0, 0.0, 0.0, 0.55, 0.0, 0.0, 0.0, 0.0, 0.0, 0.0, 0.0, 0.0, 0.0, 0.0, 0.0, 0.0, 0.0, 0.0, 0.0, 0.0, 0.0, 0.0, 0.0, 0.58, 0.0, 0.0, 0.0, 0.0, 0.0, 0.0, 0.0, 0.0, 0.0, 0.0, 0.0, 0.0, 0.0, 0.0, 0.0, 0.0, 0.0, 0.0, 0.0, 0.51, 0.0, 0.0, 0.0, 0.0, 0.0, 0.0, 0.0, 0.0, 0.0, 0.0, 0.0, 0.0, 0.0, 0.0, 0.0, 0.0, 0.0, 0.0, 0.0, 0.52, 0.0]
system
[57.29, 61.11, 28.11, 23.2, 23.5, 23.63, 23.33, 24.31, 21.39, 18.79, 18.29, 19.88, 17.47, 21.35, 26.29, 18.79, 14.81, 20.0, 20.0, 18.45, 16.96, 17.96, 14.55, 14.53, 14.12, 15.57, 13.45, 17.92, 17.75, 15.29, 14.2, 14.79, 15.66, 15.7, 14.94, 11.43, 14.61, 15.52, 10.33, 27.32, 19.15, 20.1, 16.06, 5.56, 4.12, 3.14, 3.57, 5.56, 6.7, 9.23, 10.26, 9.74, 8.33, 11.34, 17.19, 38.14, 32.82, 33.51, 36.65, 30.16, 21.69, 18.62, 30.0, 30.37, 27.96]
iowait
[5.53, 3.03, 55.68, 61.88, 61.75, 62.09, 62.78, 61.33, 65.9, 69.09, 70.12, 68.67, 71.69, 69.66, 60.57, 69.09, 70.99, 68.24, 68.82, 73.81, 71.35, 73.05, 75.15, 76.74, 75.29, 74.85, 75.44, 71.1, 72.78, 73.53, 73.37, 76.33, 75.3, 75.0, 77.59, 76.57, 74.72, 72.99, 81.52, 53.09, 67.02, 68.04, 73.06, 90.91, 93.3, 94.76, 93.37, 90.91, 89.69, 85.13, 83.08, 81.54, 82.81, 81.44, 72.92, 34.54, 40.0, 44.5, 34.03, 51.85, 65.08, 67.02, 46.32, 44.5, 51.08]
steal
[0.0, 0.0, 0.0, 0.0, 0.0, 0.0, 0.0, 0.0, 0.0, 0.0, 0.0, 0.0, 0.0, 0.0, 0.0, 0.0, 0.0, 0.0, 0.0, 0.0, 0.0, 0.0, 0.0, 0.0, 0.0, 0.0, 0.0, 0.0, 0.0, 0.0, 0.0, 0.0, 0.0, 0.0, 0.0, 0.0, 0.0, 0.0, 0.0, 0.0, 0.0, 0.0, 0.0, 0.0, 0.0, 0.0, 0.0, 0.0, 0.0, 0.0, 0.0, 0.0, 0.0, 0.0, 0.0, 0.0, 0.0, 0.0, 0.0, 0.0, 0.0, 0.0, 0.0, 0.0, 0.0]
idle
[0.0, 0.0, 0.0, 0.0, 0.0, 0.0, 0.0, 0.0, 0.0, 0.0, 0.0, 0.0, 0.0, 0.0, 0.0, 0.0, 0.0, 0.0, 0.0, 0.0, 0.0, 0.0, 0.0, 0.0, 0.0, 0.0, 0.0, 0.0, 0.0, 0.0, 0.0, 0.0, 0.0, 0.0, 0.0, 0.0, 0.0, 0.0, 0.0, 0.0, 0.0, 0.0, 0.0, 0.0, 0.0, 0.0, 0.0, 0.0, 0.0, 0.0, 0.0, 0.0, 0.0, 0.0, 0.0, 0.0, 0.0, 0.0, 0.0, 0.0, 0.0, 0.0, 0.0, 0.0, 0.0]

sda data:

util
[29.35, 101.21, 108.11, 110.5, 109.29, 109.89, 111.11, 110.5, 115.61, 121.21, 121.95, 120.48, 120.48, 112.36, 114.29, 121.21, 123.46, 117.65, 117.65, 119.05, 116.96, 119.76, 121.21, 116.28, 117.65, 119.76, 116.96, 115.61, 118.34, 117.65, 118.34, 118.34, 120.48, 116.28, 114.94, 114.29, 112.36, 114.94, 108.7, 103.09, 106.38, 103.09, 103.63, 101.01, 103.09, 104.71, 102.04, 101.01, 103.3, 102.56, 102.56, 102.56, 104.17, 103.09, 104.17, 103.09, 102.56, 104.71, 104.71, 105.82, 105.82, 106.38, 105.26, 104.71, 107.53]
r_await
[10.55, 0.0, 0.0, 0.0, 0.0, 0.0, 0.0, 0.0, 0.0, 0.0, 0.0, 0.0, 0.0, 281.33, 0.0, 0.0, 0.0, 0.0, 0.0, 0.0, 0.0, 0.0, 0.0, 0.0, 44.0, 0.0, 0.0, 0.0, 0.0, 0.0, 0.0, 0.0, 0.0, 0.0, 0.0, 0.0, 0.0, 0.0, 372.0, 250.0, 0.0, 184.0, 202.67, 196.0, 0.0, 0.0, 0.0, 0.0, 0.0, 0.0, 0.0, 100.0, 0.0, 0.0, 0.0, 0.0, 0.0, 0.0, 0.0, 0.0, 0.0, 0.0, 180.0, 0.0, 0.0]
avgqusz
[34.24, 132.73, 150.26, 157.09, 155.87, 158.49, 159.02, 158.41, 166.08, 172.67, 176.16, 171.87, 173.45, 160.33, 165.32, 172.59, 178.19, 167.79, 169.56, 170.84, 167.7, 170.76, 174.39, 167.52, 167.86, 172.8, 168.3, 164.72, 170.27, 169.23, 170.61, 170.76, 171.68, 167.66, 165.31, 163.06, 161.71, 164.76, 155.18, 147.16, 153.69, 148.23, 149.74, 144.2, 149.33, 151.87, 146.33, 144.77, 147.22, 147.66, 147.09, 146.55, 149.55, 147.39, 149.34, 148.14, 147.15, 149.85, 151.3, 151.36, 151.08, 152.4, 151.65, 150.06, 153.71]
await
[176.21, 1485.06, 2218.77, 2323.03, 2447.69, 2471.14, 2487.93, 2525.81, 2488.84, 2521.11, 2483.86, 2530.37, 2537.36, 2504.86, 2606.21, 2592.42, 2485.79, 2544.36, 2622.59, 2849.15, 2962.38, 3081.36, 3218.45, 3285.77, 3045.98, 2603.6, 3083.59, 2517.28, 2540.78, 2970.13, 3190.21, 3150.72, 2866.94, 2916.18, 3238.1, 3376.36, 3061.43, 2815.79, 2964.75, 3168.54, 3247.96, 3212.41, 2800.12, 1642.02, 1437.34, 1578.09, 1546.79, 1626.69, 1647.03, 2200.51, 2382.98, 2141.57, 2064.91, 2152.9, 1781.74, 2001.56, 2065.77, 2097.17, 2001.27, 2024.65, 1798.96, 1807.42, 1933.9, 2059.71, 2124.03]
rMB
[0.07, 0.0, 0.0, 0.0, 0.0, 0.0, 0.0, 0.0, 0.0, 0.0, 0.0, 0.0, 0.0, 0.06, 0.0, 0.0, 0.0, 0.0, 0.0, 0.0, 0.0, 0.0, 0.0, 0.0, 0.0, 0.0, 0.0, 0.0, 0.0, 0.0, 0.0, 0.0, 0.0, 0.0, 0.0, 0.0, 0.0, 0.0, 0.01, 0.0, 0.0, 0.0, 0.01, 0.01, 0.0, 0.0, 0.0, 0.0, 0.0, 0.0, 0.0, 0.0, 0.0, 0.0, 0.0, 0.0, 0.0, 0.0, 0.0, 0.0, 0.0, 0.0, 0.01, 0.0, 0.0]
svctm
[15.37, 17.73, 16.13, 17.39, 17.24, 17.24, 17.54, 17.39, 17.54, 17.39, 17.54, 17.7, 17.86, 17.86, 17.86, 17.54, 17.54, 17.86, 19.61, 20.62, 20.83, 22.73, 22.73, 23.26, 17.39, 22.47, 18.69, 16.39, 20.41, 22.22, 22.99, 20.62, 18.87, 22.47, 23.81, 22.73, 18.87, 20.83, 21.98, 22.47, 22.47, 22.73, 14.49, 10.1, 10.0, 11.36, 10.81, 11.49, 12.76, 16.95, 15.87, 14.29, 14.71, 14.49, 12.42, 14.18, 14.29, 14.6, 14.08, 12.99, 12.74, 13.07, 13.99, 14.71, 14.71]
r
[5.53, 0.0, 0.0, 0.0, 0.0, 0.0, 0.0, 0.0, 0.0, 0.0, 0.0, 0.0, 0.0, 1.69, 0.0, 0.0, 0.0, 0.0, 0.0, 0.0, 0.0, 0.0, 0.0, 0.0, 0.59, 0.0, 0.0, 0.0, 0.0, 0.0, 0.0, 0.0, 0.0, 0.0, 0.0, 0.0, 0.0, 0.0, 0.54, 1.03, 0.0, 1.03, 1.55, 0.51, 0.0, 0.0, 0.0, 0.0, 0.0, 0.0, 0.0, 0.51, 0.0, 0.0, 0.0, 0.0, 0.0, 0.0, 0.0, 0.0, 0.0, 0.0, 0.53, 0.0, 0.0]
wrqm
[2366.83, 1622.73, 2144.86, 2193.37, 2168.31, 1623.63, 2191.67, 1644.2, 2281.5, 1789.09, 2415.85, 2312.65, 1781.33, 1671.91, 2252.57, 2402.42, 1815.43, 2327.06, 1720.59, 1757.14, 1729.24, 1774.25, 1147.27, 1600.58, 2304.71, 1188.02, 2288.89, 2246.24, 1743.2, 1097.65, 1568.05, 1662.13, 1778.31, 1674.42, 1361.49, 1591.43, 1565.73, 1541.38, 1463.04, 911.34, 946.81, 359.79, 64.25, 162.63, 333.51, 207.33, 357.14, 468.69, 1109.79, 737.44, 592.82, 586.67, 565.62, 1494.33, 2192.19, 2427.84, 1746.15, 2025.13, 1314.66, 848.68, 1942.33, 2054.79, 2350.53, 1610.99, 1764.52]
w
[13.57, 57.07, 67.03, 63.54, 63.39, 63.74, 63.33, 63.54, 65.9, 69.7, 69.51, 68.07, 67.47, 61.24, 64.0, 69.09, 70.37, 65.88, 60.0, 57.74, 56.14, 52.69, 53.33, 50.0, 67.06, 53.29, 62.57, 70.52, 57.99, 52.94, 51.48, 57.4, 63.86, 51.74, 48.28, 50.29, 59.55, 55.17, 48.91, 44.85, 47.34, 44.33, 69.95, 99.49, 103.09, 92.15, 94.39, 87.88, 80.93, 60.51, 64.62, 71.28, 70.83, 71.13, 83.85, 72.68, 71.79, 71.73, 74.35, 81.48, 83.07, 81.38, 74.74, 71.2, 73.12]
avgrqsz
[182.74, 244.6, 243.16, 254.4, 256.0, 256.0, 254.53, 254.4, 256.0, 254.54, 254.32, 256.0, 247.0, 249.0, 256.0, 254.18, 256.0, 255.0, 253.1, 255.18, 251.33, 255.18, 254.27, 252.09, 235.13, 252.04, 254.36, 254.43, 248.41, 251.73, 254.53, 222.76, 247.7, 247.19, 253.62, 243.55, 203.25, 248.75, 227.34, 231.73, 231.01, 201.82, 87.77, 17.82, 24.64, 32.55, 29.28, 38.99, 60.89, 130.71, 97.84, 76.63, 78.88, 74.14, 163.48, 252.09, 241.83, 223.01, 248.62, 121.04, 87.08, 195.87, 247.66, 228.41, 203.47]
wMB
[1.64, 6.82, 7.96, 7.89, 7.92, 7.97, 7.87, 7.89, 8.24, 8.66, 8.63, 8.51, 8.14, 7.59, 8.0, 8.57, 8.8, 8.2, 7.41, 7.19, 6.89, 6.57, 6.62, 6.15, 7.76, 6.56, 7.77, 8.76, 7.03, 6.51, 6.4, 6.24, 7.72, 6.25, 5.98, 5.98, 5.91, 6.7, 5.48, 5.19, 5.34, 4.47, 3.05, 0.86, 1.24, 1.46, 1.35, 1.67, 2.41, 3.86, 3.09, 2.68, 2.73, 2.58, 6.69, 8.95, 8.48, 7.81, 9.03, 4.82, 3.53, 7.78, 9.1, 7.94, 7.26]
rrqm
[12.06, 0.0, 0.0, 0.0, 0.0, 0.0, 0.0, 0.0, 0.0, 0.0, 0.0, 0.0, 0.0, 12.92, 0.0, 0.0, 0.0, 0.0, 0.0, 0.0, 0.0, 0.0, 0.0, 0.0, 0.0, 0.0, 0.0, 0.0, 0.0, 0.0, 0.0, 0.0, 0.0, 0.0, 0.0, 0.0, 0.0, 0.0, 1.09, 0.0, 0.0, 0.0, 2.07, 2.02, 0.0, 0.0, 0.0, 0.0, 0.0, 0.0, 0.0, 0.0, 0.0, 0.0, 0.0, 0.0, 0.0, 0.0, 0.0, 0.0, 0.0, 0.0, 1.05, 0.0, 0.0]
w_await
[243.7, 1485.06, 2218.77, 2323.03, 2447.69, 2471.14, 2487.93, 2525.81, 2488.84, 2521.11, 2483.86, 2530.37, 2537.36, 2566.06, 2606.21, 2592.42, 2485.79, 2544.36, 2622.59, 2849.15, 2962.38, 3081.36, 3218.45, 3285.77, 3072.32, 2603.6, 3083.59, 2517.28, 2540.78, 2970.13, 3190.21, 3150.72, 2866.94, 2916.18, 3238.1, 3376.36, 3061.43, 2815.79, 2993.56, 3235.63, 3247.96, 3282.84, 2857.84, 1649.36, 1437.34, 1578.09, 1546.79, 1626.69, 1647.03, 2200.51, 2382.98, 2156.26, 2064.91, 2152.9, 1781.74, 2001.56, 2065.77, 2097.17, 2001.27, 2024.65, 1798.96, 1807.42, 1946.25, 2059.71, 2124.03]
