187 datos recogidos

cpu data:

user
[0.53, 0.53, 0.0, 0.0, 0.0, 0.0, 0.0, 0.0, 0.0, 0.0, 0.53, 0.0, 0.0, 0.0, 0.0, 0.0, 0.54, 0.0, 0.0, 0.0, 0.0, 0.0, 0.0, 0.51, 0.0, 0.0, 0.0, 0.53, 0.0, 0.0, 0.0, 0.0, 0.0, 0.0, 0.0, 0.0, 0.0, 0.0, 0.0, 0.54, 0.0, 0.0, 0.0, 0.0, 0.0, 0.0, 0.0, 0.0, 0.0, 0.0, 0.0, 0.0, 0.0, 0.0, 0.0, 0.0, 0.0, 0.0, 0.0, 0.0, 0.0, 0.0, 0.0, 0.0, 0.0, 0.0, 0.0, 0.0, 0.0, 0.51, 0.0, 0.54, 0.0, 0.0, 0.53, 0.0, 0.0, 0.0, 0.0, 0.0, 0.0, 0.0, 0.0, 0.0, 0.0, 0.0, 0.0, 0.0, 0.0, 0.0, 0.0, 0.0, 0.0, 0.0, 0.0, 0.0, 0.0, 0.0, 0.0, 0.53, 0.0, 0.0, 0.0, 0.0, 0.0, 0.0, 0.0, 0.0, 0.0, 0.0, 0.51, 0.0, 0.0, 0.0, 0.0, 0.0, 0.0, 0.0, 0.0, 0.0, 0.0, 0.0, 0.0, 0.52, 0.0, 0.0, 0.0, 0.0, 0.51, 0.0, 0.0, 0.0, 0.0, 0.0, 0.0, 0.0, 0.0, 0.0, 0.0, 0.0, 0.0, 0.0, 0.0, 0.0, 0.0, 0.0, 0.0, 0.51, 0.0, 0.0, 0.0, 0.0, 0.0, 0.0, 0.52, 0.0, 0.0, 0.0, 0.0, 1.62, 0.0, 0.0, 0.0, 0.0, 0.0, 0.0, 0.0, 0.0, 0.0, 0.0, 0.0, 0.52, 0.0, 0.0, 0.0, 0.0, 0.0, 0.0, 0.0, 0.0, 0.0, 0.53, 0.0, 0.0, 0.0, 0.0, 0.5]
nice
[0.53, 0.0, 0.0, 0.0, 0.0, 0.0, 0.0, 0.0, 0.0, 0.0, 0.53, 0.0, 0.0, 0.0, 0.0, 0.0, 0.0, 0.0, 0.0, 0.0, 0.51, 0.0, 0.0, 0.0, 0.0, 0.0, 0.0, 0.0, 0.0, 0.0, 0.0, 0.0, 0.0, 0.0, 0.0, 0.0, 0.0, 0.0, 0.0, 0.0, 0.53, 0.0, 0.0, 0.0, 0.0, 0.0, 0.0, 0.0, 0.0, 0.0, 0.52, 0.0, 0.0, 0.0, 0.0, 0.0, 0.0, 0.0, 0.0, 0.0, 0.0, 0.0, 0.0, 0.0, 0.0, 0.0, 0.0, 0.0, 0.0, 0.0, 0.53, 0.0, 0.0, 0.0, 0.0, 0.0, 0.0, 0.0, 0.0, 0.0, 0.53, 0.0, 0.0, 0.0, 0.0, 0.0, 0.0, 0.0, 0.0, 0.0, 0.0, 0.0, 0.0, 0.0, 0.0, 0.0, 0.0, 0.0, 0.0, 0.0, 0.0, 0.0, 0.0, 0.0, 0.0, 0.0, 0.0, 0.0, 0.0, 0.0, 0.51, 0.0, 0.0, 0.0, 0.0, 0.0, 0.0, 0.0, 0.0, 0.0, 0.5, 0.0, 0.0, 0.0, 0.0, 0.0, 0.0, 0.0, 0.0, 0.0, 0.51, 0.0, 0.0, 0.0, 0.0, 0.0, 0.0, 0.0, 0.0, 0.0, 0.0, 0.0, 0.0, 0.0, 0.0, 0.0, 0.0, 0.0, 0.0, 0.0, 0.5, 0.0, 0.0, 0.0, 0.0, 0.0, 0.0, 0.0, 0.0, 0.0, 0.0, 0.0, 0.0, 0.0, 0.0, 0.0, 0.0, 0.0, 0.0, 0.0, 0.0, 0.0, 0.0, 0.0, 0.0, 0.0, 0.0, 0.0, 0.0, 0.0, 0.51, 0.0, 0.0, 0.0, 0.0, 0.0, 0.0]
system
[13.83, 1.07, 0.52, 3.06, 0.54, 1.07, 0.0, 3.78, 1.08, 0.51, 6.35, 0.54, 0.0, 5.88, 1.04, 3.16, 1.08, 0.0, 4.76, 1.05, 3.59, 0.55, 0.0, 4.62, 0.54, 0.51, 6.19, 0.53, 0.5, 6.38, 1.05, 4.28, 2.12, 0.0, 3.08, 1.6, 1.61, 0.52, 4.62, 1.08, 1.07, 0.52, 4.15, 0.54, 1.6, 0.0, 5.64, 0.54, 0.54, 0.0, 5.24, 0.0, 1.06, 0.5, 5.76, 1.61, 1.06, 0.0, 5.85, 1.04, 4.19, 0.54, 1.07, 0.0, 5.29, 1.05, 4.08, 0.54, 0.54, 0.0, 5.32, 3.76, 1.04, 3.68, 1.58, 0.0, 4.17, 1.6, 1.08, 0.5, 5.32, 0.0, 0.0, 5.53, 1.08, 1.6, 0.51, 5.15, 2.13, 2.07, 1.61, 1.6, 0.52, 3.66, 1.08, 0.0, 6.38, 0.0, 2.16, 1.6, 0.52, 1.6, 0.54, 1.06, 0.0, 4.84, 0.53, 3.14, 2.12, 0.54, 2.53, 1.6, 0.54, 1.54, 4.64, 0.54, 0.5, 5.82, 1.08, 1.05, 0.0, 6.42, 1.07, 0.0, 4.57, 0.54, 1.6, 0.0, 5.61, 0.54, 2.55, 1.08, 0.54, 0.0, 3.61, 1.6, 0.54, 0.52, 2.15, 0.54, 1.06, 6.15, 2.13, 1.6, 0.52, 4.17, 0.53, 0.0, 5.32, 1.06, 0.5, 6.38, 1.6, 0.0, 4.69, 1.08, 0.54, 0.0, 4.74, 1.62, 0.51, 4.23, 1.6, 1.04, 4.12, 1.6, 0.0, 5.67, 1.08, 0.54, 0.51, 5.21, 1.6, 0.52, 4.15, 0.0, 0.54, 0.51, 3.74, 1.06, 0.0, 5.79, 1.03, 5.26, 1.6, 1.08, 0.0]
iowait
[85.11, 98.4, 99.48, 96.94, 99.46, 98.93, 100.0, 96.22, 98.92, 99.49, 92.59, 99.46, 100.0, 94.12, 98.96, 96.84, 98.39, 100.0, 95.24, 98.95, 95.9, 99.45, 100.0, 94.87, 99.46, 99.49, 93.81, 98.94, 99.5, 93.62, 98.95, 95.72, 97.88, 100.0, 96.92, 98.4, 98.39, 99.48, 95.38, 98.38, 98.4, 99.48, 95.85, 99.46, 98.4, 100.0, 94.36, 99.46, 99.46, 100.0, 94.24, 100.0, 98.94, 99.5, 94.24, 98.39, 98.94, 100.0, 94.15, 98.96, 95.81, 99.46, 98.93, 100.0, 94.71, 98.95, 95.92, 99.46, 99.46, 99.49, 94.15, 95.7, 98.96, 96.32, 97.89, 100.0, 95.83, 98.4, 98.92, 99.5, 94.15, 100.0, 100.0, 94.47, 98.92, 98.4, 99.49, 94.85, 97.87, 97.93, 98.39, 98.4, 99.48, 96.34, 98.92, 100.0, 93.62, 100.0, 97.84, 97.86, 99.48, 98.4, 99.46, 98.94, 100.0, 95.16, 99.47, 96.86, 97.88, 99.46, 96.46, 98.4, 99.46, 98.46, 95.36, 99.46, 99.5, 94.18, 98.92, 98.95, 99.5, 93.58, 98.93, 99.48, 95.43, 99.46, 98.4, 100.0, 93.88, 99.46, 96.94, 98.92, 99.46, 100.0, 96.39, 98.4, 99.46, 99.48, 97.85, 99.46, 98.94, 93.85, 97.87, 98.4, 99.48, 95.83, 99.47, 99.49, 94.68, 98.94, 98.99, 93.62, 98.4, 100.0, 94.79, 98.92, 99.46, 100.0, 95.26, 96.76, 99.49, 95.77, 98.4, 98.96, 95.88, 98.4, 100.0, 94.33, 98.92, 99.46, 99.49, 94.27, 98.4, 99.48, 95.85, 100.0, 99.46, 99.49, 96.26, 98.94, 99.49, 93.68, 98.97, 94.74, 98.4, 98.92, 99.5]
steal
[0.0, 0.0, 0.0, 0.0, 0.0, 0.0, 0.0, 0.0, 0.0, 0.0, 0.0, 0.0, 0.0, 0.0, 0.0, 0.0, 0.0, 0.0, 0.0, 0.0, 0.0, 0.0, 0.0, 0.0, 0.0, 0.0, 0.0, 0.0, 0.0, 0.0, 0.0, 0.0, 0.0, 0.0, 0.0, 0.0, 0.0, 0.0, 0.0, 0.0, 0.0, 0.0, 0.0, 0.0, 0.0, 0.0, 0.0, 0.0, 0.0, 0.0, 0.0, 0.0, 0.0, 0.0, 0.0, 0.0, 0.0, 0.0, 0.0, 0.0, 0.0, 0.0, 0.0, 0.0, 0.0, 0.0, 0.0, 0.0, 0.0, 0.0, 0.0, 0.0, 0.0, 0.0, 0.0, 0.0, 0.0, 0.0, 0.0, 0.0, 0.0, 0.0, 0.0, 0.0, 0.0, 0.0, 0.0, 0.0, 0.0, 0.0, 0.0, 0.0, 0.0, 0.0, 0.0, 0.0, 0.0, 0.0, 0.0, 0.0, 0.0, 0.0, 0.0, 0.0, 0.0, 0.0, 0.0, 0.0, 0.0, 0.0, 0.0, 0.0, 0.0, 0.0, 0.0, 0.0, 0.0, 0.0, 0.0, 0.0, 0.0, 0.0, 0.0, 0.0, 0.0, 0.0, 0.0, 0.0, 0.0, 0.0, 0.0, 0.0, 0.0, 0.0, 0.0, 0.0, 0.0, 0.0, 0.0, 0.0, 0.0, 0.0, 0.0, 0.0, 0.0, 0.0, 0.0, 0.0, 0.0, 0.0, 0.0, 0.0, 0.0, 0.0, 0.0, 0.0, 0.0, 0.0, 0.0, 0.0, 0.0, 0.0, 0.0, 0.0, 0.0, 0.0, 0.0, 0.0, 0.0, 0.0, 0.0, 0.0, 0.0, 0.0, 0.0, 0.0, 0.0, 0.0, 0.0, 0.0, 0.0, 0.0, 0.0, 0.0, 0.0, 0.0, 0.0]
idle
[0.0, 0.0, 0.0, 0.0, 0.0, 0.0, 0.0, 0.0, 0.0, 0.0, 0.0, 0.0, 0.0, 0.0, 0.0, 0.0, 0.0, 0.0, 0.0, 0.0, 0.0, 0.0, 0.0, 0.0, 0.0, 0.0, 0.0, 0.0, 0.0, 0.0, 0.0, 0.0, 0.0, 0.0, 0.0, 0.0, 0.0, 0.0, 0.0, 0.0, 0.0, 0.0, 0.0, 0.0, 0.0, 0.0, 0.0, 0.0, 0.0, 0.0, 0.0, 0.0, 0.0, 0.0, 0.0, 0.0, 0.0, 0.0, 0.0, 0.0, 0.0, 0.0, 0.0, 0.0, 0.0, 0.0, 0.0, 0.0, 0.0, 0.0, 0.0, 0.0, 0.0, 0.0, 0.0, 0.0, 0.0, 0.0, 0.0, 0.0, 0.0, 0.0, 0.0, 0.0, 0.0, 0.0, 0.0, 0.0, 0.0, 0.0, 0.0, 0.0, 0.0, 0.0, 0.0, 0.0, 0.0, 0.0, 0.0, 0.0, 0.0, 0.0, 0.0, 0.0, 0.0, 0.0, 0.0, 0.0, 0.0, 0.0, 0.0, 0.0, 0.0, 0.0, 0.0, 0.0, 0.0, 0.0, 0.0, 0.0, 0.0, 0.0, 0.0, 0.0, 0.0, 0.0, 0.0, 0.0, 0.0, 0.0, 0.0, 0.0, 0.0, 0.0, 0.0, 0.0, 0.0, 0.0, 0.0, 0.0, 0.0, 0.0, 0.0, 0.0, 0.0, 0.0, 0.0, 0.0, 0.0, 0.0, 0.0, 0.0, 0.0, 0.0, 0.0, 0.0, 0.0, 0.0, 0.0, 0.0, 0.0, 0.0, 0.0, 0.0, 0.0, 0.0, 0.0, 0.0, 0.0, 0.0, 0.0, 0.0, 0.0, 0.0, 0.0, 0.0, 0.0, 0.0, 0.0, 0.0, 0.0, 0.0, 0.0, 0.0, 0.0, 0.0, 0.0]

sda data:

util
[92.34, 106.95, 104.71, 102.04, 108.11, 106.95, 101.52, 107.89, 107.53, 102.56, 105.82, 107.53, 101.01, 106.95, 104.17, 105.26, 107.53, 101.52, 105.82, 104.71, 102.36, 109.29, 103.63, 102.77, 108.7, 101.52, 103.09, 106.38, 100.5, 106.38, 104.71, 106.95, 105.82, 105.82, 102.56, 106.95, 107.53, 103.09, 102.56, 108.11, 106.95, 103.63, 103.63, 108.11, 106.95, 102.56, 102.56, 108.11, 108.11, 102.04, 104.71, 108.7, 106.38, 100.5, 104.71, 107.53, 105.82, 101.01, 106.38, 103.63, 104.71, 108.11, 106.95, 101.01, 105.82, 105.26, 102.04, 108.11, 107.53, 101.01, 106.38, 107.53, 104.17, 105.26, 105.47, 103.09, 104.17, 106.38, 107.53, 100.5, 106.38, 108.7, 105.26, 100.5, 108.11, 106.38, 102.56, 103.09, 106.38, 103.63, 107.53, 106.38, 103.63, 104.71, 107.53, 101.01, 106.38, 103.63, 108.11, 106.95, 104.71, 106.38, 108.11, 106.38, 101.01, 107.53, 105.26, 104.71, 105.82, 108.11, 101.01, 106.95, 108.11, 102.56, 103.09, 108.11, 100.5, 105.82, 107.53, 105.26, 100.5, 106.95, 106.95, 104.92, 101.52, 108.11, 106.95, 103.09, 102.04, 108.7, 102.04, 107.53, 107.53, 105.26, 103.09, 106.95, 107.53, 103.09, 107.53, 107.53, 105.82, 102.56, 106.38, 106.95, 103.63, 104.17, 107.17, 101.01, 106.38, 105.82, 100.5, 106.38, 106.95, 102.56, 104.17, 107.53, 108.11, 101.52, 105.26, 108.11, 102.04, 105.82, 106.95, 103.63, 103.09, 106.95, 102.56, 103.09, 108.32, 107.31, 102.04, 104.17, 106.95, 104.17, 103.63, 108.11, 107.53, 101.52, 106.95, 105.82, 101.01, 105.26, 103.3, 105.26, 106.95, 107.53, 100.5]
r_await
[0.0, 0.0, 0.0, 0.0, 0.0, 0.0, 0.0, 0.0, 0.0, 0.0, 0.0, 0.0, 0.0, 0.0, 0.0, 0.0, 0.0, 0.0, 0.0, 0.0, 0.0, 0.0, 0.0, 0.0, 0.0, 0.0, 0.0, 0.0, 0.0, 0.0, 0.0, 0.0, 0.0, 0.0, 0.0, 0.0, 0.0, 0.0, 0.0, 0.0, 0.0, 0.0, 0.0, 0.0, 0.0, 0.0, 0.0, 0.0, 0.0, 0.0, 0.0, 0.0, 0.0, 0.0, 0.0, 0.0, 0.0, 0.0, 0.0, 0.0, 0.0, 0.0, 0.0, 0.0, 0.0, 0.0, 0.0, 0.0, 0.0, 0.0, 0.0, 0.0, 0.0, 0.0, 0.0, 0.0, 0.0, 0.0, 0.0, 0.0, 0.0, 0.0, 0.0, 0.0, 0.0, 0.0, 0.0, 0.0, 0.0, 0.0, 0.0, 0.0, 0.0, 0.0, 0.0, 0.0, 0.0, 0.0, 272.0, 0.0, 0.0, 0.0, 0.0, 0.0, 0.0, 0.0, 0.0, 0.0, 0.0, 0.0, 0.0, 0.0, 0.0, 0.0, 0.0, 0.0, 0.0, 0.0, 0.0, 0.0, 0.0, 0.0, 0.0, 0.0, 0.0, 0.0, 0.0, 0.0, 0.0, 0.0, 0.0, 0.0, 0.0, 0.0, 0.0, 0.0, 0.0, 0.0, 0.0, 0.0, 0.0, 0.0, 0.0, 0.0, 0.0, 0.0, 0.0, 0.0, 0.0, 0.0, 0.0, 0.0, 0.0, 0.0, 0.0, 0.0, 0.0, 0.0, 0.0, 0.0, 0.0, 0.0, 0.0, 0.0, 0.0, 0.0, 0.0, 0.0, 0.0, 0.0, 0.0, 0.0, 0.0, 0.0, 0.0, 0.0, 0.0, 0.0, 0.0, 0.0, 0.0, 0.0, 0.0, 0.0, 0.0, 0.0, 0.0]
avgqusz
[127.94, 153.29, 143.51, 71.69, 154.88, 152.87, 84.3, 134.09, 153.63, 125.23, 92.37, 155.13, 84.54, 131.33, 127.64, 90.73, 154.79, 112.61, 99.97, 143.45, 73.35, 157.29, 135.15, 79.77, 155.56, 123.27, 89.74, 152.4, 93.14, 119.13, 137.38, 154.25, 152.68, 146.14, 72.11, 154.36, 155.18, 144.13, 86.59, 156.06, 154.47, 137.45, 92.18, 156.16, 152.62, 138.41, 72.63, 155.07, 154.9, 114.91, 93.89, 155.96, 151.72, 111.8, 97.28, 151.73, 151.9, 97.55, 116.22, 139.14, 95.21, 156.13, 154.37, 101.2, 110.47, 142.6, 59.71, 81.66, 153.31, 77.98, 136.36, 155.05, 142.84, 149.7, 149.88, 122.64, 78.11, 73.69, 154.25, 86.81, 124.68, 155.03, 145.91, 64.56, 156.19, 151.83, 132.86, 77.44, 152.63, 119.83, 155.27, 153.69, 124.07, 93.11, 154.95, 86.53, 126.37, 136.02, 152.34, 154.59, 142.05, 137.19, 156.13, 153.78, 87.0, 126.45, 148.11, 119.86, 152.96, 156.28, 86.74, 153.08, 156.17, 135.9, 74.71, 154.59, 97.43, 82.0, 153.46, 151.06, 83.87, 127.67, 151.64, 144.86, 71.57, 156.2, 154.41, 133.59, 75.92, 156.01, 119.8, 155.28, 155.3, 141.61, 78.57, 153.81, 155.3, 142.68, 149.05, 153.43, 153.05, 109.67, 150.99, 154.43, 127.02, 88.89, 152.82, 91.21, 124.03, 153.16, 95.62, 115.63, 154.51, 124.51, 89.22, 154.82, 156.08, 106.47, 102.91, 154.05, 102.62, 112.25, 154.45, 139.53, 72.86, 153.56, 131.26, 44.89, 121.46, 153.94, 114.96, 93.86, 152.68, 132.61, 83.74, 154.1, 155.39, 114.99, 136.17, 151.89, 83.28, 130.61, 123.77, 113.15, 154.44, 155.46, 103.24]
await
[830.92, 2071.66, 1895.38, 2153.45, 1427.63, 2212.43, 2191.81, 1070.88, 2133.69, 2259.12, 1409.41, 1769.25, 2288.37, 1068.87, 2156.0, 1416.31, 1820.83, 2209.43, 1261.43, 1931.66, 1812.47, 1438.6, 2212.19, 1599.41, 1554.33, 2313.95, 1352.37, 1507.97, 2332.49, 1305.26, 1267.5, 2818.28, 2022.98, 2491.97, 1852.59, 1345.36, 1955.37, 2060.56, 2333.22, 1379.38, 1612.91, 3006.03, 2106.94, 970.78, 932.12, 3773.83, 2299.37, 1273.0, 2262.74, 2270.21, 1544.41, 1234.76, 2904.06, 2006.93, 1503.46, 1846.08, 2319.24, 2281.81, 1149.64, 1517.45, 2433.57, 1577.5, 1774.62, 2517.35, 1504.73, 1540.69, 2352.41, 836.0, 1571.28, 2284.0, 995.75, 2180.88, 2330.67, 1446.99, 2212.28, 2803.94, 1614.1, 1384.38, 1059.69, 2278.61, 1145.29, 1737.83, 2123.5, 2671.81, 1005.04, 1981.02, 2671.62, 1722.1, 1164.69, 2641.32, 1644.25, 1978.39, 2594.7, 1607.09, 1190.85, 2762.41, 1265.15, 1317.66, 2905.14, 1700.75, 2761.87, 2107.94, 2047.62, 1703.69, 2776.06, 1170.03, 1795.46, 2557.43, 1649.28, 1249.07, 3381.09, 1528.12, 1718.93, 2717.54, 1819.69, 1396.09, 2189.47, 1101.41, 1686.44, 2332.38, 1965.39, 1241.81, 1240.03, 3293.02, 1952.09, 1079.91, 1583.91, 3238.54, 1635.31, 1016.38, 1730.92, 2674.96, 2092.96, 2511.42, 2013.0, 1529.36, 2041.2, 2005.76, 1747.78, 2687.69, 2546.89, 2241.23, 1030.79, 2467.88, 2578.59, 1694.52, 1403.56, 2683.57, 943.97, 1354.43, 3238.66, 1010.96, 1003.78, 3371.37, 1537.35, 1451.88, 2035.03, 2875.29, 1127.06, 1697.05, 2615.3, 1226.89, 1061.34, 2290.32, 2771.37, 1354.62, 2148.59, 1802.29, 768.83, 1888.69, 1832.6, 1979.33, 815.28, 2944.29, 1983.9, 1450.49, 2119.53, 2330.13, 1919.16, 2216.55, 2139.66, 1263.94, 1944.69, 1801.65, 1508.41, 2159.43, 2785.73]
rMB
[0.0, 0.0, 0.0, 0.0, 0.0, 0.0, 0.0, 0.0, 0.0, 0.0, 0.0, 0.0, 0.0, 0.0, 0.0, 0.0, 0.0, 0.0, 0.0, 0.0, 0.0, 0.0, 0.0, 0.0, 0.0, 0.0, 0.0, 0.0, 0.0, 0.0, 0.0, 0.0, 0.0, 0.0, 0.0, 0.0, 0.0, 0.0, 0.0, 0.0, 0.0, 0.0, 0.0, 0.0, 0.0, 0.0, 0.0, 0.0, 0.0, 0.0, 0.0, 0.0, 0.0, 0.0, 0.0, 0.0, 0.0, 0.0, 0.0, 0.0, 0.0, 0.0, 0.0, 0.0, 0.0, 0.0, 0.0, 0.0, 0.0, 0.0, 0.0, 0.0, 0.0, 0.0, 0.0, 0.0, 0.0, 0.0, 0.0, 0.0, 0.0, 0.0, 0.0, 0.0, 0.0, 0.0, 0.0, 0.0, 0.0, 0.0, 0.0, 0.0, 0.0, 0.0, 0.0, 0.0, 0.0, 0.0, 0.0, 0.0, 0.0, 0.0, 0.0, 0.0, 0.0, 0.0, 0.0, 0.0, 0.0, 0.0, 0.0, 0.0, 0.0, 0.0, 0.0, 0.0, 0.0, 0.0, 0.0, 0.0, 0.0, 0.0, 0.0, 0.0, 0.0, 0.0, 0.0, 0.0, 0.0, 0.0, 0.0, 0.0, 0.0, 0.0, 0.0, 0.0, 0.0, 0.0, 0.0, 0.0, 0.0, 0.0, 0.0, 0.0, 0.0, 0.0, 0.0, 0.0, 0.0, 0.0, 0.0, 0.0, 0.0, 0.0, 0.0, 0.0, 0.0, 0.0, 0.0, 0.0, 0.0, 0.0, 0.0, 0.0, 0.0, 0.0, 0.0, 0.0, 0.0, 0.0, 0.0, 0.0, 0.0, 0.0, 0.0, 0.0, 0.0, 0.0, 0.0, 0.0, 0.0, 0.0, 0.0, 0.0, 0.0, 0.0, 0.0]
svctm
[15.64, 15.5, 15.38, 15.38, 15.5, 15.38, 15.62, 15.47, 15.38, 15.62, 15.62, 15.62, 15.38, 15.5, 15.5, 15.62, 15.38, 15.5, 15.5, 15.62, 15.47, 15.5, 15.5, 15.53, 15.5, 15.5, 15.5, 15.5, 15.38, 15.75, 15.5, 15.38, 15.5, 15.62, 15.5, 15.5, 15.75, 15.62, 16.0, 15.5, 15.75, 15.62, 16.13, 15.62, 15.5, 15.75, 15.75, 15.62, 15.75, 16.26, 15.87, 15.87, 15.5, 15.75, 15.75, 15.75, 15.75, 15.87, 15.75, 15.75, 15.75, 15.62, 15.62, 15.75, 15.87, 15.62, 15.87, 15.75, 15.75, 16.0, 15.87, 15.62, 15.87, 15.75, 15.78, 15.87, 15.87, 15.62, 15.62, 15.75, 15.75, 15.5, 15.62, 15.87, 15.75, 15.87, 15.62, 15.87, 15.62, 15.75, 15.62, 15.75, 15.87, 15.62, 16.0, 15.62, 16.0, 15.62, 15.87, 15.62, 15.87, 15.75, 15.62, 15.75, 15.87, 15.62, 15.87, 15.87, 15.62, 15.75, 16.0, 15.5, 15.75, 16.0, 15.75, 15.62, 15.62, 16.0, 15.62, 15.62, 15.75, 15.87, 15.75, 16.03, 15.75, 15.75, 15.62, 15.87, 15.62, 15.87, 15.87, 15.75, 15.5, 16.0, 15.62, 15.5, 15.75, 15.75, 15.75, 15.62, 15.87, 15.75, 15.5, 15.62, 16.0, 15.75, 15.9, 15.5, 15.87, 16.0, 15.62, 15.75, 15.62, 15.87, 15.75, 15.5, 15.62, 16.13, 15.62, 15.5, 16.0, 15.87, 15.62, 15.87, 15.75, 15.62, 15.62, 16.13, 15.42, 15.72, 15.87, 15.87, 15.75, 15.87, 15.87, 15.75, 15.75, 16.13, 15.62, 16.13, 15.62, 16.13, 15.78, 15.87, 15.87, 15.87, 16.0]
r
[0.0, 0.0, 0.0, 0.0, 0.0, 0.0, 0.0, 0.0, 0.0, 0.0, 0.0, 0.0, 0.0, 0.0, 0.0, 0.0, 0.0, 0.0, 0.0, 0.0, 0.0, 0.0, 0.0, 0.0, 0.0, 0.0, 0.0, 0.0, 0.0, 0.0, 0.0, 0.0, 0.0, 0.0, 0.0, 0.0, 0.0, 0.0, 0.0, 0.0, 0.0, 0.0, 0.0, 0.0, 0.0, 0.0, 0.0, 0.0, 0.0, 0.0, 0.0, 0.0, 0.0, 0.0, 0.0, 0.0, 0.0, 0.0, 0.0, 0.0, 0.0, 0.0, 0.0, 0.0, 0.0, 0.0, 0.0, 0.0, 0.0, 0.0, 0.0, 0.0, 0.0, 0.0, 0.0, 0.0, 0.0, 0.0, 0.0, 0.0, 0.0, 0.0, 0.0, 0.0, 0.0, 0.0, 0.0, 0.0, 0.0, 0.0, 0.0, 0.0, 0.0, 0.0, 0.0, 0.0, 0.0, 0.0, 0.54, 0.0, 0.0, 0.0, 0.0, 0.0, 0.0, 0.0, 0.0, 0.0, 0.0, 0.0, 0.0, 0.0, 0.0, 0.0, 0.0, 0.0, 0.0, 0.0, 0.0, 0.0, 0.0, 0.0, 0.0, 0.0, 0.0, 0.0, 0.0, 0.0, 0.0, 0.0, 0.0, 0.0, 0.0, 0.0, 0.0, 0.0, 0.0, 0.0, 0.0, 0.0, 0.0, 0.0, 0.0, 0.0, 0.0, 0.0, 0.0, 0.0, 0.0, 0.0, 0.0, 0.0, 0.0, 0.0, 0.0, 0.0, 0.0, 0.0, 0.0, 0.0, 0.0, 0.0, 0.0, 0.0, 0.0, 0.0, 0.0, 0.0, 0.0, 0.0, 0.0, 0.0, 0.0, 0.0, 0.0, 0.0, 0.0, 0.0, 0.0, 0.0, 0.0, 0.0, 0.0, 0.0, 0.0, 0.0, 0.0]
wrqm
[21.28, 0.0, 0.0, 1.53, 0.0, 0.0, 1.52, 0.0, 0.0, 5.13, 0.0, 4.3, 0.0, 0.0, 4.17, 0.0, 0.0, 4.57, 0.0, 4.19, 0.0, 0.0, 4.15, 0.0, 0.0, 4.57, 0.0, 0.0, 4.02, 1.06, 4.19, 0.0, 0.0, 4.76, 0.0, 0.0, 0.0, 0.0, 4.1, 0.0, 0.0, 0.0, 4.66, 0.0, 0.0, 0.0, 4.62, 0.0, 0.0, 0.0, 5.24, 0.0, 0.0, 0.0, 4.71, 0.0, 0.0, 4.55, 0.0, 0.0, 4.19, 0.0, 0.0, 4.55, 0.0, 0.0, 5.61, 0.0, 0.0, 4.55, 0.0, 0.0, 4.17, 0.0, 0.0, 0.0, 4.17, 0.0, 0.0, 0.0, 4.79, 0.0, 0.0, 4.52, 0.0, 0.0, 4.1, 0.0, 0.0, 4.15, 0.0, 0.0, 4.66, 0.0, 4.3, 0.0, 0.0, 4.15, 0.0, 0.0, 4.71, 0.0, 0.0, 0.0, 4.04, 0.0, 4.21, 0.0, 0.0, 0.0, 4.55, 0.0, 0.0, 4.1, 0.0, 0.0, 0.0, 6.35, 0.0, 0.0, 0.0, 5.35, 0.0, 4.71, 0.0, 0.0, 0.0, 4.64, 0.0, 0.54, 4.08, 0.0, 0.0, 4.74, 0.0, 0.0, 0.0, 4.64, 0.0, 0.0, 0.0, 4.62, 0.0, 0.0, 4.66, 0.0, 0.0, 4.04, 0.0, 0.0, 4.52, 0.0, 0.0, 4.62, 0.0, 0.0, 0.0, 4.06, 0.0, 0.0, 4.59, 0.0, 0.0, 4.15, 0.0, 0.0, 0.0, 4.12, 0.0, 0.0, 0.0, 4.69, 0.0, 4.17, 0.0, 0.0, 0.0, 4.06, 0.0, 4.76, 0.0, 0.0, 4.12, 0.0, 0.0, 0.0, 4.52]
w
[59.04, 68.98, 68.06, 66.33, 69.73, 69.52, 64.97, 69.73, 69.89, 65.64, 67.72, 68.82, 65.66, 68.98, 67.19, 67.37, 69.89, 65.48, 68.25, 67.02, 66.15, 70.49, 66.84, 66.15, 70.11, 65.48, 66.49, 68.62, 65.33, 67.55, 67.54, 69.52, 68.25, 67.72, 66.15, 68.98, 68.28, 65.98, 64.1, 69.73, 67.91, 66.32, 64.25, 69.19, 68.98, 65.13, 65.13, 69.19, 68.65, 62.76, 65.97, 68.48, 68.62, 63.82, 66.49, 68.28, 67.2, 63.64, 67.55, 65.8, 66.49, 69.19, 68.45, 64.14, 66.67, 67.37, 64.29, 68.65, 68.28, 63.13, 67.02, 68.82, 65.62, 66.84, 66.84, 64.95, 65.62, 68.09, 68.82, 63.82, 67.55, 70.11, 67.37, 63.32, 68.65, 67.02, 65.64, 64.95, 68.09, 65.8, 68.82, 67.55, 65.28, 67.02, 67.2, 64.65, 66.49, 66.32, 67.57, 68.45, 65.97, 67.55, 69.19, 67.55, 63.64, 68.82, 66.32, 65.97, 67.72, 68.65, 63.13, 68.98, 68.65, 64.1, 65.46, 69.19, 64.32, 66.14, 68.82, 67.37, 63.82, 67.38, 67.91, 65.45, 64.47, 68.65, 68.45, 64.95, 65.31, 68.48, 64.29, 68.28, 69.35, 65.79, 65.98, 68.98, 68.28, 65.46, 68.28, 68.82, 66.67, 65.13, 68.62, 68.45, 64.77, 66.15, 67.38, 65.15, 67.02, 66.14, 64.32, 67.55, 68.45, 64.62, 66.15, 69.35, 69.19, 62.94, 67.37, 69.73, 63.78, 66.67, 68.45, 65.28, 65.46, 68.45, 65.64, 63.92, 70.27, 68.28, 64.29, 65.62, 67.91, 65.62, 65.28, 68.65, 68.28, 62.94, 68.45, 65.61, 64.65, 65.26, 65.46, 66.32, 67.38, 67.74, 62.81]
avgrqsz
[251.03, 256.0, 256.0, 243.69, 256.0, 256.0, 255.88, 254.26, 256.0, 253.94, 254.69, 253.94, 256.0, 254.57, 251.97, 254.56, 256.0, 253.95, 252.71, 254.88, 253.58, 256.0, 253.95, 254.57, 256.0, 253.95, 252.59, 256.0, 256.0, 250.46, 256.0, 248.92, 255.57, 253.94, 252.65, 256.0, 252.41, 254.06, 254.4, 256.0, 254.93, 254.06, 254.13, 254.0, 250.11, 251.4, 252.22, 252.31, 255.69, 254.24, 252.44, 252.06, 256.0, 256.0, 252.54, 254.99, 256.0, 253.9, 250.71, 253.98, 251.4, 254.94, 253.06, 251.91, 251.62, 255.94, 249.52, 252.16, 256.0, 255.87, 254.6, 254.06, 253.9, 253.54, 252.03, 255.94, 250.41, 252.12, 256.0, 254.99, 248.57, 255.01, 253.0, 248.44, 256.0, 251.94, 255.88, 250.41, 254.0, 254.55, 256.0, 256.0, 251.94, 254.62, 253.89, 256.0, 249.47, 256.0, 252.57, 252.94, 252.89, 253.61, 256.0, 254.05, 255.87, 254.56, 253.9, 252.57, 256.0, 254.05, 254.46, 256.0, 256.0, 253.89, 252.6, 256.0, 256.0, 248.7, 256.0, 256.0, 256.0, 249.52, 256.0, 255.87, 250.65, 254.99, 253.06, 249.84, 251.75, 252.95, 254.54, 253.73, 252.47, 249.41, 252.12, 251.97, 253.98, 251.09, 252.72, 252.19, 251.05, 253.1, 252.34, 252.0, 253.89, 252.66, 253.9, 256.0, 254.54, 253.89, 252.12, 252.85, 251.31, 248.57, 251.53, 253.95, 251.0, 250.58, 250.5, 252.03, 251.84, 249.59, 254.0, 248.83, 252.54, 254.06, 255.0, 250.39, 252.12, 254.05, 256.0, 250.41, 253.67, 255.87, 250.54, 253.29, 252.98, 251.48, 248.88, 253.87, 256.0, 252.45, 256.0, 254.54, 256.0, 256.0, 251.9]
wMB
[7.24, 8.62, 8.51, 7.89, 8.72, 8.69, 8.12, 8.66, 8.74, 8.14, 8.42, 8.53, 8.21, 8.57, 8.27, 8.37, 8.74, 8.12, 8.42, 8.34, 8.19, 8.81, 8.29, 8.22, 8.76, 8.12, 8.2, 8.58, 8.17, 8.26, 8.44, 8.45, 8.52, 8.4, 8.16, 8.62, 8.42, 8.19, 7.96, 8.72, 8.45, 8.23, 7.97, 8.58, 8.42, 7.99, 8.02, 8.52, 8.57, 7.79, 8.13, 8.43, 8.58, 7.98, 8.2, 8.5, 8.4, 7.89, 8.27, 8.16, 8.16, 8.61, 8.46, 7.89, 8.19, 8.42, 7.83, 8.45, 8.53, 7.89, 8.33, 8.54, 8.14, 8.28, 8.23, 8.12, 8.02, 8.38, 8.6, 7.95, 8.2, 8.73, 8.32, 7.68, 8.58, 8.24, 8.2, 7.94, 8.44, 8.18, 8.6, 8.44, 8.03, 8.33, 8.33, 8.08, 8.1, 8.29, 8.4, 8.45, 8.15, 8.37, 8.65, 8.38, 7.95, 8.55, 8.22, 8.14, 8.47, 8.52, 7.84, 8.62, 8.58, 7.95, 8.07, 8.65, 8.04, 8.03, 8.6, 8.42, 7.98, 8.21, 8.49, 8.18, 7.89, 8.55, 8.46, 7.92, 8.03, 8.46, 7.99, 8.46, 8.55, 8.01, 8.12, 8.49, 8.47, 8.03, 8.43, 8.47, 8.17, 8.05, 8.45, 8.42, 8.03, 8.16, 8.35, 8.14, 8.33, 8.2, 7.92, 8.34, 8.4, 7.84, 8.12, 8.6, 8.48, 7.7, 8.24, 8.58, 7.84, 8.12, 8.49, 7.93, 8.07, 8.49, 8.17, 7.81, 8.65, 8.47, 8.04, 8.02, 8.41, 8.2, 7.99, 8.49, 8.43, 7.73, 8.32, 8.13, 8.08, 8.04, 8.18, 8.24, 8.42, 8.47, 7.73]
rrqm
[0.0, 0.0, 0.0, 0.0, 0.0, 0.0, 0.0, 0.0, 0.0, 0.0, 0.0, 0.0, 0.0, 0.0, 0.0, 0.0, 0.0, 0.0, 0.0, 0.0, 0.0, 0.0, 0.0, 0.0, 0.0, 0.0, 0.0, 0.0, 0.0, 0.0, 0.0, 0.0, 0.0, 0.0, 0.0, 0.0, 0.0, 0.0, 0.0, 0.0, 0.0, 0.0, 0.0, 0.0, 0.0, 0.0, 0.0, 0.0, 0.0, 0.0, 0.0, 0.0, 0.0, 0.0, 0.0, 0.0, 0.0, 0.0, 0.0, 0.0, 0.0, 0.0, 0.0, 0.0, 0.0, 0.0, 0.0, 0.0, 0.0, 0.0, 0.0, 0.0, 0.0, 0.0, 0.0, 0.0, 0.0, 0.0, 0.0, 0.0, 0.0, 0.0, 0.0, 0.0, 0.0, 0.0, 0.0, 0.0, 0.0, 0.0, 0.0, 0.0, 0.0, 0.0, 0.0, 0.0, 0.0, 0.0, 0.0, 0.0, 0.0, 0.0, 0.0, 0.0, 0.0, 0.0, 0.0, 0.0, 0.0, 0.0, 0.0, 0.0, 0.0, 0.0, 0.0, 0.0, 0.0, 0.0, 0.0, 0.0, 0.0, 0.0, 0.0, 0.0, 0.0, 0.0, 0.0, 0.0, 0.0, 0.0, 0.0, 0.0, 0.0, 0.0, 0.0, 0.0, 0.0, 0.0, 0.0, 0.0, 0.0, 0.0, 0.0, 0.0, 0.0, 0.0, 0.0, 0.0, 0.0, 0.0, 0.0, 0.0, 0.0, 0.0, 0.0, 0.0, 0.0, 0.0, 0.0, 0.0, 0.0, 0.0, 0.0, 0.0, 0.0, 0.0, 0.0, 0.0, 0.0, 0.0, 0.0, 0.0, 0.0, 0.0, 0.0, 0.0, 0.0, 0.0, 0.0, 0.0, 0.0, 0.0, 0.0, 0.0, 0.0, 0.0, 0.0]
w_await
[830.92, 2071.66, 1895.38, 2153.45, 1427.63, 2212.43, 2191.81, 1070.88, 2133.69, 2259.12, 1409.41, 1769.25, 2288.37, 1068.87, 2156.0, 1416.31, 1820.83, 2209.43, 1261.43, 1931.66, 1812.47, 1438.6, 2212.19, 1599.41, 1554.33, 2313.95, 1352.37, 1507.97, 2332.49, 1305.26, 1267.5, 2818.28, 2022.98, 2491.97, 1852.59, 1345.36, 1955.37, 2060.56, 2333.22, 1379.38, 1612.91, 3006.03, 2106.94, 970.78, 932.12, 3773.83, 2299.37, 1273.0, 2262.74, 2270.21, 1544.41, 1234.76, 2904.06, 2006.93, 1503.46, 1846.08, 2319.24, 2281.81, 1149.64, 1517.45, 2433.57, 1577.5, 1774.62, 2517.35, 1504.73, 1540.69, 2352.41, 836.0, 1571.28, 2284.0, 995.75, 2180.88, 2330.67, 1446.99, 2212.28, 2803.94, 1614.1, 1384.38, 1059.69, 2278.61, 1145.29, 1737.83, 2123.5, 2671.81, 1005.04, 1981.02, 2671.62, 1722.1, 1164.69, 2641.32, 1644.25, 1978.39, 2594.7, 1607.09, 1190.85, 2762.41, 1265.15, 1317.66, 2926.21, 1700.75, 2761.87, 2107.94, 2047.62, 1703.69, 2776.06, 1170.03, 1795.46, 2557.43, 1649.28, 1249.07, 3381.09, 1528.12, 1718.93, 2717.54, 1819.69, 1396.09, 2189.47, 1101.41, 1686.44, 2332.38, 1965.39, 1241.81, 1240.03, 3293.02, 1952.09, 1079.91, 1583.91, 3238.54, 1635.31, 1016.38, 1730.92, 2674.96, 2092.96, 2511.42, 2013.0, 1529.36, 2041.2, 2005.76, 1747.78, 2687.69, 2546.89, 2241.23, 1030.79, 2467.88, 2578.59, 1694.52, 1403.56, 2683.57, 943.97, 1354.43, 3238.66, 1010.96, 1003.78, 3371.37, 1537.35, 1451.88, 2035.03, 2875.29, 1127.06, 1697.05, 2615.3, 1226.89, 1061.34, 2290.32, 2771.37, 1354.62, 2148.59, 1802.29, 768.83, 1888.69, 1832.6, 1979.33, 815.28, 2944.29, 1983.9, 1450.49, 2119.53, 2330.13, 1919.16, 2216.55, 2139.66, 1263.94, 1944.69, 1801.65, 1508.41, 2159.43, 2785.73]
