5 datos recogidos

cpu data:

user
[1.07, 1.1, 1.06, 1.07, 1.1]
nice
[0.0, 0.0, 0.0, 0.0, 0.55]
system
[42.78, 44.75, 38.83, 50.27, 36.26]
iowait
[56.15, 54.14, 60.11, 48.66, 62.09]
steal
[0.0, 0.0, 0.0, 0.0, 0.0]
idle
[0.0, 0.0, 0.0, 0.0, 0.0]

sda data:

util
[66.74, 90.61, 80.85, 106.95, 109.89]
r_await
[0.0, 0.0, 0.0, 0.0, 0.0]
avgqusz
[21.61, 29.4, 40.41, 136.94, 139.56]
await
[62.78, 61.89, 73.73, 279.11, 274.84]
rMB
[0.0, 0.0, 0.0, 0.0, 0.0]
svctm
[1.97, 1.93, 2.01, 2.15, 2.16]
r
[0.0, 0.0, 0.0, 0.0, 0.0]
wrqm
[0.0, 0.0, 8.51, 0.0, 0.0]
w
[339.57, 469.06, 403.19, 497.33, 507.69]
avgrqsz
[256.0, 256.0, 254.54, 254.62, 256.0]
wMB
[42.45, 58.63, 50.11, 61.83, 63.46]
rrqm
[0.0, 0.0, 0.0, 0.0, 0.0]
w_await
[62.78, 61.89, 73.73, 279.11, 274.84]
