34 datos recogidos

cpu data:

user
[1.02, 0.52, 0.0, 0.0, 0.0, 0.55, 0.0, 0.0, 0.53, 0.0, 0.0, 0.0, 0.54, 1.06, 0.53, 0.53, 0.0, 0.53, 0.0, 0.0, 0.0, 0.53, 0.0, 1.05, 0.0, 0.0, 0.0, 0.0, 0.0, 0.0, 0.53, 0.53, 0.0, 0.0]
nice
[0.0, 0.0, 0.0, 0.0, 0.0, 0.0, 0.0, 0.0, 0.0, 0.0, 0.0, 0.0, 0.0, 0.0, 0.0, 0.0, 0.0, 0.53, 0.0, 0.0, 0.0, 0.0, 0.0, 0.0, 0.0, 0.0, 0.0, 0.0, 0.0, 0.0, 0.0, 0.0, 0.0, 0.0]
system
[39.29, 23.32, 22.99, 25.0, 20.56, 15.47, 17.13, 25.54, 24.6, 28.72, 29.02, 26.74, 26.34, 24.87, 26.6, 27.51, 24.6, 25.53, 24.19, 25.68, 24.32, 25.0, 25.41, 25.26, 28.96, 23.91, 22.53, 26.06, 26.98, 24.59, 28.04, 25.4, 24.73, 27.75]
iowait
[59.69, 76.17, 77.01, 75.0, 79.44, 83.98, 82.87, 74.46, 74.87, 71.28, 70.98, 73.26, 73.12, 74.07, 72.87, 71.96, 75.4, 73.4, 75.81, 74.32, 75.68, 74.47, 74.59, 73.68, 71.04, 76.09, 77.47, 73.94, 73.02, 75.41, 71.43, 74.07, 75.27, 72.25]
steal
[0.0, 0.0, 0.0, 0.0, 0.0, 0.0, 0.0, 0.0, 0.0, 0.0, 0.0, 0.0, 0.0, 0.0, 0.0, 0.0, 0.0, 0.0, 0.0, 0.0, 0.0, 0.0, 0.0, 0.0, 0.0, 0.0, 0.0, 0.0, 0.0, 0.0, 0.0, 0.0, 0.0, 0.0]
idle
[0.0, 0.0, 0.0, 0.0, 0.0, 0.0, 0.0, 0.0, 0.0, 0.0, 0.0, 0.0, 0.0, 0.0, 0.0, 0.0, 0.0, 0.0, 0.0, 0.0, 0.0, 0.0, 0.0, 0.0, 0.0, 0.0, 0.0, 0.0, 0.0, 0.0, 0.0, 0.0, 0.0, 0.0]

sda data:

util
[88.98, 103.63, 106.95, 104.17, 111.11, 110.5, 110.5, 108.7, 106.95, 106.38, 103.63, 106.95, 107.53, 105.82, 106.38, 105.82, 106.95, 106.38, 107.53, 109.29, 108.11, 106.38, 108.11, 105.26, 109.29, 108.7, 109.89, 106.38, 105.82, 109.29, 105.82, 105.82, 110.11, 104.71]
r_await
[33.42, 55.06, 49.6, 55.2, 47.5, 58.86, 61.43, 57.25, 60.0, 59.33, 63.53, 55.29, 52.89, 56.0, 63.25, 55.11, 57.88, 57.25, 59.06, 48.25, 56.24, 68.0, 55.29, 62.12, 55.53, 60.0, 56.5, 54.35, 60.0, 49.65, 64.47, 61.41, 59.76, 60.47]
avgqusz
[119.04, 150.36, 154.24, 151.53, 160.94, 159.58, 158.43, 154.07, 150.99, 151.16, 148.38, 152.0, 152.17, 150.41, 151.05, 150.25, 151.12, 149.15, 150.85, 155.52, 154.5, 148.06, 151.92, 149.23, 155.53, 154.27, 155.24, 149.6, 149.64, 152.97, 150.02, 151.54, 161.46, 154.27]
await
[384.98, 481.5, 501.89, 522.72, 498.52, 558.97, 524.93, 461.9, 437.85, 418.54, 442.08, 446.92, 429.21, 461.11, 449.19, 451.36, 462.72, 459.03, 467.17, 468.77, 470.89, 469.11, 438.96, 463.22, 455.54, 460.26, 467.32, 459.6, 451.31, 456.74, 444.69, 440.21, 467.4, 455.97]
rMB
[0.02, 0.0, 0.0, 0.0, 0.0, 0.0, 0.0, 0.0, 0.0, 0.0, 0.0, 0.0, 0.0, 0.0, 0.0, 0.0, 0.0, 0.0, 0.0, 0.0, 0.0, 0.0, 0.0, 0.0, 0.0, 0.0, 0.0, 0.0, 0.0, 0.0, 0.0, 0.0, 0.0, 0.0]
svctm
[3.41, 3.42, 3.55, 3.55, 3.39, 3.94, 3.61, 3.21, 3.12, 2.89, 3.12, 3.15, 3.12, 3.23, 3.14, 3.22, 3.23, 3.22, 3.36, 3.29, 3.31, 3.37, 3.21, 3.25, 3.23, 3.2, 3.38, 3.21, 3.24, 3.18, 3.03, 3.26, 3.21, 3.2]
r
[15.82, 8.81, 8.02, 7.81, 8.89, 7.73, 7.73, 8.7, 9.09, 9.57, 8.81, 9.09, 9.68, 8.99, 8.51, 9.52, 9.09, 8.51, 9.14, 8.74, 9.19, 8.51, 9.19, 8.95, 9.29, 8.7, 8.79, 9.04, 8.99, 9.29, 8.99, 8.99, 9.34, 8.9]
wrqm
[14.8, 25.91, 21.93, 15.1, 27.22, 18.23, 28.73, 29.35, 26.2, 23.4, 22.8, 21.93, 21.51, 18.52, 38.3, 21.16, 18.72, 20.74, 20.97, 12.02, 24.32, 22.87, 21.08, 26.84, 31.15, 22.83, 12.09, 30.32, 20.63, 21.31, 21.69, 20.63, 20.88, 23.56]
w
[245.41, 294.3, 293.58, 285.94, 318.89, 272.38, 298.34, 330.43, 333.69, 357.98, 323.83, 330.48, 334.41, 318.52, 329.79, 319.58, 322.46, 322.34, 311.29, 323.5, 317.3, 306.91, 328.11, 314.74, 329.51, 330.98, 316.48, 322.34, 317.46, 334.43, 339.68, 315.34, 334.07, 318.32]
avgrqsz
[219.25, 227.48, 224.73, 222.99, 223.03, 215.17, 209.24, 217.1, 219.39, 214.96, 219.69, 219.72, 220.68, 221.45, 221.05, 223.69, 225.31, 223.18, 224.95, 223.5, 226.94, 224.9, 221.51, 223.14, 221.19, 220.12, 223.69, 220.27, 220.24, 220.76, 220.63, 222.9, 221.01, 222.19]
wMB
[27.94, 33.66, 33.09, 31.98, 35.69, 29.43, 31.27, 35.94, 36.72, 38.57, 35.68, 36.43, 37.07, 35.41, 36.51, 35.94, 36.47, 36.05, 35.19, 36.25, 36.17, 34.63, 36.48, 35.26, 36.59, 36.5, 35.52, 35.64, 35.1, 37.05, 37.56, 35.3, 37.05, 35.5]
rrqm
[31.12, 0.0, 0.0, 0.0, 0.0, 0.0, 0.0, 0.0, 0.0, 0.0, 0.0, 0.0, 0.0, 0.0, 0.0, 0.0, 0.0, 0.0, 0.0, 0.0, 0.0, 0.0, 0.0, 0.0, 0.0, 0.0, 0.0, 0.0, 0.0, 0.0, 0.0, 0.0, 0.0, 0.0]
w_await
[407.63, 494.27, 514.24, 535.49, 511.09, 573.18, 536.95, 472.55, 448.15, 428.15, 452.38, 457.69, 440.1, 472.55, 459.15, 463.17, 474.13, 469.64, 479.16, 480.14, 482.9, 480.23, 449.7, 474.62, 466.81, 470.77, 478.74, 470.97, 462.4, 468.05, 454.76, 451.01, 478.8, 467.03]
