190 datos recogidos

cpu data:

user
[0.51, 0.0, 0.0, 0.5, 0.51, 0.0, 0.0, 0.0, 0.0, 0.0, 0.0, 0.0, 0.0, 0.0, 0.0, 0.0, 0.0, 0.0, 0.0, 0.0, 0.0, 0.0, 0.0, 0.5, 0.0, 0.5, 0.0, 0.0, 0.0, 0.0, 0.0, 0.0, 0.0, 0.0, 1.53, 0.52, 0.0, 0.0, 0.0, 0.0, 0.0, 0.0, 0.0, 0.0, 0.0, 0.0, 0.5, 0.0, 0.0, 0.0, 0.0, 0.0, 0.0, 0.0, 0.0, 0.5, 0.0, 0.0, 0.0, 0.0, 0.0, 0.51, 0.0, 0.0, 1.0, 0.0, 0.5, 0.0, 0.0, 0.0, 0.0, 0.51, 0.0, 0.0, 0.0, 0.0, 0.0, 0.51, 0.0, 0.0, 0.0, 0.0, 0.0, 0.0, 0.0, 0.0, 0.0, 0.0, 0.0, 0.0, 0.0, 0.51, 0.0, 0.0, 0.51, 0.0, 0.51, 0.0, 0.0, 0.0, 0.0, 0.0, 0.0, 0.0, 0.51, 0.0, 0.0, 0.0, 0.0, 0.0, 0.0, 0.0, 0.0, 0.0, 0.0, 0.0, 0.0, 0.0, 0.0, 0.0, 0.0, 0.0, 0.0, 0.0, 0.51, 0.51, 0.0, 0.0, 0.0, 0.0, 0.52, 0.0, 0.0, 0.0, 0.0, 0.0, 0.0, 0.0, 0.0, 0.0, 0.5, 0.0, 0.0, 0.0, 0.0, 0.0, 0.0, 0.0, 0.5, 0.0, 0.0, 0.0, 0.0, 0.5, 0.0, 0.0, 0.0, 0.0, 0.0, 0.0, 0.51, 0.51, 0.0, 0.0, 0.0, 0.51, 0.0, 0.0, 0.0, 0.0, 0.0, 0.51, 0.0, 0.0, 0.0, 0.0, 0.0, 0.0, 0.0, 0.0, 0.0, 0.0, 0.0, 0.0, 0.51, 0.0, 0.51, 0.0, 0.0, 0.0]
nice
[0.0, 0.0, 0.0, 0.0, 0.0, 0.5, 0.0, 0.0, 0.0, 0.0, 0.0, 0.0, 0.0, 0.0, 0.0, 0.51, 0.0, 0.0, 0.0, 0.0, 0.0, 0.0, 0.0, 0.0, 0.0, 0.0, 0.0, 0.0, 0.0, 0.0, 0.0, 0.0, 0.0, 0.0, 0.0, 0.52, 0.0, 0.0, 0.0, 0.0, 0.0, 0.0, 0.0, 0.0, 0.0, 0.5, 0.0, 0.0, 0.0, 0.0, 0.0, 0.0, 0.0, 0.0, 0.0, 0.0, 0.0, 0.0, 0.0, 0.0, 0.0, 0.0, 0.0, 0.0, 0.0, 0.5, 0.0, 0.0, 0.0, 0.0, 0.0, 0.0, 0.0, 0.0, 0.0, 0.52, 0.0, 0.0, 0.0, 0.0, 0.0, 0.0, 0.0, 0.0, 0.0, 0.0, 0.0, 0.0, 0.0, 0.0, 0.0, 0.0, 0.0, 0.0, 0.0, 0.52, 0.0, 0.0, 0.0, 0.0, 0.0, 0.0, 0.0, 0.0, 0.0, 0.0, 0.0, 0.0, 0.0, 0.0, 0.0, 0.0, 0.0, 0.0, 0.0, 0.51, 0.0, 0.0, 0.0, 0.0, 0.0, 0.0, 0.0, 0.0, 0.0, 0.51, 0.0, 0.0, 0.0, 0.0, 0.0, 0.0, 0.0, 0.0, 0.0, 0.0, 0.0, 0.0, 0.0, 0.0, 0.0, 0.0, 0.0, 0.0, 0.0, 0.0, 0.0, 0.0, 0.0, 0.0, 0.0, 0.0, 0.0, 0.0, 0.0, 0.51, 0.0, 0.0, 0.0, 0.0, 0.0, 0.0, 0.0, 0.0, 0.0, 0.51, 0.0, 0.0, 0.0, 0.0, 0.0, 0.0, 0.0, 0.0, 0.0, 0.0, 0.0, 0.0, 0.0, 0.0, 0.0, 0.0, 0.0, 0.0, 0.0, 0.0, 0.0, 0.0, 0.0, 0.0]
system
[12.63, 11.11, 4.57, 6.0, 4.57, 5.53, 5.03, 6.06, 6.06, 6.06, 6.57, 2.07, 6.57, 4.1, 5.05, 4.1, 5.08, 4.1, 4.59, 3.65, 1.55, 7.04, 5.56, 7.46, 5.58, 5.53, 4.1, 4.62, 3.59, 6.09, 4.59, 4.59, 4.62, 4.1, 4.08, 5.18, 5.58, 4.12, 4.64, 3.59, 5.13, 4.04, 5.05, 5.05, 4.06, 5.5, 4.0, 3.05, 5.05, 5.56, 2.51, 0.0, 0.0, 0.0, 5.03, 5.53, 6.53, 5.08, 6.06, 5.53, 6.06, 6.06, 6.53, 5.58, 6.5, 5.03, 6.03, 4.06, 5.1, 3.08, 5.13, 3.55, 5.1, 4.59, 4.12, 3.63, 5.1, 3.57, 7.07, 3.08, 4.15, 5.1, 5.13, 3.63, 4.59, 5.13, 4.1, 5.08, 4.15, 3.59, 5.61, 4.1, 4.12, 4.62, 5.58, 3.14, 5.58, 5.08, 3.11, 3.63, 4.59, 4.64, 4.1, 5.1, 3.59, 4.62, 3.12, 4.15, 4.59, 4.64, 6.06, 3.61, 4.1, 3.63, 3.11, 5.61, 3.09, 5.1, 3.61, 4.62, 3.12, 5.1, 3.63, 3.63, 4.1, 4.1, 3.61, 4.15, 3.63, 4.62, 3.61, 5.15, 2.6, 4.62, 3.65, 3.57, 5.53, 3.55, 5.05, 4.04, 0.0, 10.0, 5.56, 6.57, 5.56, 5.56, 6.03, 7.04, 6.0, 5.56, 5.08, 7.04, 5.05, 6.0, 3.65, 5.08, 2.59, 3.61, 5.56, 2.59, 4.1, 3.57, 3.63, 6.03, 5.13, 4.04, 4.08, 6.53, 5.1, 3.59, 3.12, 2.56, 6.09, 4.57, 4.62, 3.59, 3.11, 6.09, 4.62, 3.61, 5.08, 3.61, 4.12, 4.08, 4.59, 3.63, 5.56, 4.1, 3.08, 0.5]
iowait
[86.87, 88.89, 95.43, 93.5, 94.92, 93.97, 94.97, 93.94, 93.94, 93.94, 93.43, 97.93, 93.43, 95.9, 94.95, 95.38, 94.92, 95.9, 95.41, 96.35, 98.45, 92.96, 94.44, 92.04, 94.42, 93.97, 95.9, 95.38, 96.41, 93.91, 95.41, 95.41, 95.38, 95.9, 94.39, 93.78, 94.42, 95.88, 95.36, 96.41, 94.87, 95.96, 94.95, 94.95, 95.94, 94.0, 95.5, 96.95, 94.95, 94.44, 97.49, 100.0, 100.0, 100.0, 94.97, 93.97, 93.47, 94.92, 93.94, 94.47, 93.94, 93.43, 93.47, 94.42, 92.5, 94.47, 93.47, 95.94, 94.9, 96.92, 94.87, 95.94, 94.9, 95.41, 95.88, 95.85, 94.9, 95.92, 92.93, 96.92, 95.85, 94.9, 94.87, 96.37, 95.41, 94.87, 95.9, 94.92, 95.85, 96.41, 94.39, 95.38, 95.88, 95.38, 93.91, 96.34, 93.91, 94.92, 96.89, 96.37, 95.41, 95.36, 95.9, 94.9, 95.9, 95.38, 96.88, 95.85, 95.41, 95.36, 93.94, 96.39, 95.9, 96.37, 96.89, 93.88, 96.91, 94.9, 96.39, 95.38, 96.88, 94.9, 96.37, 96.37, 95.38, 94.87, 96.39, 95.85, 96.37, 95.38, 95.88, 94.85, 97.4, 95.38, 96.35, 96.43, 94.47, 96.45, 94.95, 95.96, 99.5, 90.0, 94.44, 93.43, 94.44, 94.44, 93.97, 92.96, 93.5, 94.44, 94.92, 92.96, 94.95, 93.5, 96.35, 94.42, 97.41, 96.39, 94.44, 97.41, 95.38, 95.92, 96.37, 93.97, 94.87, 94.95, 95.92, 93.47, 94.9, 96.41, 96.88, 96.92, 93.91, 95.43, 95.38, 96.41, 96.89, 93.91, 95.38, 96.39, 94.92, 96.39, 95.88, 95.92, 94.9, 96.37, 93.94, 95.9, 96.92, 99.5]
steal
[0.0, 0.0, 0.0, 0.0, 0.0, 0.0, 0.0, 0.0, 0.0, 0.0, 0.0, 0.0, 0.0, 0.0, 0.0, 0.0, 0.0, 0.0, 0.0, 0.0, 0.0, 0.0, 0.0, 0.0, 0.0, 0.0, 0.0, 0.0, 0.0, 0.0, 0.0, 0.0, 0.0, 0.0, 0.0, 0.0, 0.0, 0.0, 0.0, 0.0, 0.0, 0.0, 0.0, 0.0, 0.0, 0.0, 0.0, 0.0, 0.0, 0.0, 0.0, 0.0, 0.0, 0.0, 0.0, 0.0, 0.0, 0.0, 0.0, 0.0, 0.0, 0.0, 0.0, 0.0, 0.0, 0.0, 0.0, 0.0, 0.0, 0.0, 0.0, 0.0, 0.0, 0.0, 0.0, 0.0, 0.0, 0.0, 0.0, 0.0, 0.0, 0.0, 0.0, 0.0, 0.0, 0.0, 0.0, 0.0, 0.0, 0.0, 0.0, 0.0, 0.0, 0.0, 0.0, 0.0, 0.0, 0.0, 0.0, 0.0, 0.0, 0.0, 0.0, 0.0, 0.0, 0.0, 0.0, 0.0, 0.0, 0.0, 0.0, 0.0, 0.0, 0.0, 0.0, 0.0, 0.0, 0.0, 0.0, 0.0, 0.0, 0.0, 0.0, 0.0, 0.0, 0.0, 0.0, 0.0, 0.0, 0.0, 0.0, 0.0, 0.0, 0.0, 0.0, 0.0, 0.0, 0.0, 0.0, 0.0, 0.0, 0.0, 0.0, 0.0, 0.0, 0.0, 0.0, 0.0, 0.0, 0.0, 0.0, 0.0, 0.0, 0.0, 0.0, 0.0, 0.0, 0.0, 0.0, 0.0, 0.0, 0.0, 0.0, 0.0, 0.0, 0.0, 0.0, 0.0, 0.0, 0.0, 0.0, 0.0, 0.0, 0.0, 0.0, 0.0, 0.0, 0.0, 0.0, 0.0, 0.0, 0.0, 0.0, 0.0, 0.0, 0.0, 0.0, 0.0, 0.0, 0.0]
idle
[0.0, 0.0, 0.0, 0.0, 0.0, 0.0, 0.0, 0.0, 0.0, 0.0, 0.0, 0.0, 0.0, 0.0, 0.0, 0.0, 0.0, 0.0, 0.0, 0.0, 0.0, 0.0, 0.0, 0.0, 0.0, 0.0, 0.0, 0.0, 0.0, 0.0, 0.0, 0.0, 0.0, 0.0, 0.0, 0.0, 0.0, 0.0, 0.0, 0.0, 0.0, 0.0, 0.0, 0.0, 0.0, 0.0, 0.0, 0.0, 0.0, 0.0, 0.0, 0.0, 0.0, 0.0, 0.0, 0.0, 0.0, 0.0, 0.0, 0.0, 0.0, 0.0, 0.0, 0.0, 0.0, 0.0, 0.0, 0.0, 0.0, 0.0, 0.0, 0.0, 0.0, 0.0, 0.0, 0.0, 0.0, 0.0, 0.0, 0.0, 0.0, 0.0, 0.0, 0.0, 0.0, 0.0, 0.0, 0.0, 0.0, 0.0, 0.0, 0.0, 0.0, 0.0, 0.0, 0.0, 0.0, 0.0, 0.0, 0.0, 0.0, 0.0, 0.0, 0.0, 0.0, 0.0, 0.0, 0.0, 0.0, 0.0, 0.0, 0.0, 0.0, 0.0, 0.0, 0.0, 0.0, 0.0, 0.0, 0.0, 0.0, 0.0, 0.0, 0.0, 0.0, 0.0, 0.0, 0.0, 0.0, 0.0, 0.0, 0.0, 0.0, 0.0, 0.0, 0.0, 0.0, 0.0, 0.0, 0.0, 0.0, 0.0, 0.0, 0.0, 0.0, 0.0, 0.0, 0.0, 0.0, 0.0, 0.0, 0.0, 0.0, 0.0, 0.0, 0.0, 0.0, 0.0, 0.0, 0.0, 0.0, 0.0, 0.0, 0.0, 0.0, 0.0, 0.0, 0.0, 0.0, 0.0, 0.0, 0.0, 0.0, 0.0, 0.0, 0.0, 0.0, 0.0, 0.0, 0.0, 0.0, 0.0, 0.0, 0.0, 0.0, 0.0, 0.0, 0.0, 0.0, 0.0]

sda data:

util
[92.12, 101.01, 101.52, 100.0, 101.52, 100.5, 100.5, 101.01, 101.01, 101.01, 101.01, 103.63, 101.01, 102.56, 101.01, 102.56, 101.52, 102.56, 102.04, 104.17, 103.09, 100.5, 101.01, 99.5, 101.52, 100.5, 102.56, 102.56, 102.56, 101.52, 102.24, 102.04, 102.56, 102.56, 102.04, 103.63, 101.52, 103.09, 103.09, 102.56, 102.56, 101.01, 101.01, 101.21, 101.52, 100.0, 100.0, 101.52, 101.01, 101.01, 100.5, 100.0, 100.5, 100.0, 100.5, 100.5, 100.5, 101.52, 101.01, 100.5, 101.01, 101.01, 100.5, 101.52, 100.0, 100.5, 100.5, 101.52, 102.04, 102.56, 102.56, 101.52, 102.04, 102.04, 103.09, 103.63, 102.04, 102.04, 101.01, 102.56, 103.63, 102.04, 102.56, 103.63, 102.04, 102.56, 102.56, 101.52, 103.63, 102.56, 102.04, 102.56, 103.09, 102.56, 101.52, 104.71, 101.73, 101.52, 103.63, 103.63, 102.04, 103.09, 102.56, 102.04, 102.56, 102.56, 104.17, 103.63, 102.04, 103.09, 101.01, 103.09, 102.56, 103.63, 103.63, 102.04, 103.09, 102.04, 103.09, 102.56, 104.17, 102.04, 103.63, 103.63, 102.56, 102.56, 103.09, 103.63, 103.63, 102.56, 103.09, 103.09, 104.17, 102.56, 104.17, 102.04, 100.5, 101.52, 101.01, 101.01, 100.5, 93.8, 101.01, 101.01, 101.01, 101.01, 100.5, 100.5, 100.0, 101.01, 101.52, 100.5, 101.01, 100.0, 104.17, 101.52, 103.63, 103.09, 101.01, 103.63, 102.56, 102.04, 103.83, 100.5, 102.56, 101.01, 102.04, 100.5, 102.04, 102.56, 104.17, 102.56, 101.52, 101.52, 102.56, 102.56, 103.63, 101.52, 102.56, 103.09, 101.52, 103.09, 103.09, 102.04, 102.04, 103.63, 101.01, 102.56, 102.56, 100.5]
r_await
[89.26, 208.8, 218.0, 226.22, 227.5, 229.5, 229.5, 224.0, 221.33, 218.0, 223.11, 138.67, 220.44, 213.71, 220.0, 167.5, 161.71, 184.0, 165.5, 128.5, 134.67, 221.0, 212.89, 214.22, 216.89, 228.5, 153.71, 150.5, 168.57, 180.5, 179.5, 163.43, 164.5, 118.5, 159.0, 153.14, 154.0, 129.0, 106.5, 124.57, 141.78, 223.5, 220.89, 222.22, 228.0, 227.5, 228.89, 224.5, 230.22, 211.56, 224.0, 0.0, 0.0, 0.0, 1488.67, 224.5, 227.0, 229.78, 231.0, 230.5, 230.5, 227.56, 229.5, 219.5, 224.89, 218.86, 223.0, 189.71, 193.0, 147.43, 177.5, 168.57, 175.5, 138.86, 138.0, 138.5, 191.5, 162.29, 198.5, 140.0, 166.5, 141.14, 152.89, 136.57, 178.0, 126.5, 145.14, 212.5, 147.0, 146.29, 173.33, 183.43, 111.0, 135.5, 176.0, 97.5, 171.0, 209.0, 146.86, 98.22, 168.57, 169.5, 133.0, 144.0, 148.57, 160.5, 113.71, 123.0, 161.5, 132.0, 164.5, 162.5, 160.0, 127.5, 149.71, 177.33, 152.0, 202.5, 122.5, 141.14, 105.0, 183.0, 107.0, 129.5, 158.86, 163.0, 136.0, 147.5, 121.78, 151.0, 130.29, 120.0, 121.14, 135.0, 94.5, 208.5, 226.22, 223.0, 230.67, 234.0, 238.0, 28.29, 225.5, 226.22, 225.0, 232.5, 231.5, 227.56, 230.5, 225.0, 230.0, 230.67, 229.0, 230.0, 131.43, 201.0, 146.86, 145.71, 210.86, 157.71, 144.0, 136.57, 97.71, 234.5, 202.5, 181.71, 156.57, 189.5, 181.5, 170.29, 161.71, 151.43, 192.5, 163.0, 177.14, 132.57, 118.86, 195.11, 154.29, 126.86, 216.5, 144.0, 148.5, 154.86, 166.86, 130.5, 185.14, 135.0, 127.33, 0.0]
avgqusz
[92.13, 111.97, 119.89, 144.52, 146.38, 144.89, 144.52, 145.93, 145.64, 146.03, 146.22, 148.93, 145.38, 147.1, 146.05, 148.12, 146.37, 147.97, 146.93, 148.72, 148.19, 143.8, 146.34, 143.38, 146.25, 145.52, 148.13, 147.79, 147.27, 146.82, 147.42, 146.54, 148.02, 147.53, 146.4, 149.84, 146.04, 148.45, 148.26, 147.27, 147.6, 146.55, 145.63, 145.48, 147.08, 144.51, 123.83, 95.5, 100.8, 85.26, 80.61, 58.0, 58.29, 58.0, 101.14, 121.43, 145.25, 135.67, 134.52, 144.99, 145.28, 145.17, 145.17, 146.95, 144.3, 144.51, 145.13, 146.95, 146.58, 147.07, 147.62, 146.79, 146.69, 146.41, 148.96, 149.07, 146.69, 147.61, 145.23, 147.29, 149.73, 146.81, 147.41, 149.11, 147.29, 147.81, 146.66, 147.36, 149.04, 146.89, 147.68, 148.31, 148.06, 147.24, 146.67, 151.12, 146.28, 146.78, 149.45, 148.87, 146.32, 149.06, 147.17, 146.62, 148.47, 147.66, 149.42, 149.81, 146.79, 148.39, 145.96, 148.44, 147.26, 149.39, 149.59, 147.09, 148.71, 147.62, 147.71, 147.53, 150.63, 147.24, 148.52, 149.8, 147.56, 147.59, 148.47, 148.66, 150.01, 147.19, 148.6, 148.8, 149.32, 147.73, 150.39, 147.14, 144.46, 147.07, 146.02, 145.6, 126.3, 75.59, 93.98, 105.16, 119.59, 145.97, 145.15, 145.17, 144.33, 145.3, 146.25, 145.08, 146.47, 144.62, 150.18, 146.26, 148.39, 147.99, 145.63, 149.42, 147.95, 146.76, 149.24, 144.94, 147.58, 145.12, 147.25, 145.29, 147.06, 147.74, 150.29, 147.55, 146.16, 145.97, 147.37, 148.19, 149.2, 146.56, 147.7, 148.41, 146.21, 148.26, 148.43, 146.55, 147.24, 149.56, 145.77, 147.88, 147.55, 144.05]
await
[651.4, 1256.06, 1620.2, 1679.19, 2067.92, 2067.91, 2023.29, 2023.14, 2066.3, 1873.77, 1943.64, 2047.89, 2058.59, 1866.45, 1830.15, 2014.87, 1986.55, 1979.67, 1905.53, 1881.81, 1989.34, 1973.83, 1894.79, 1701.15, 1979.27, 1969.57, 2122.96, 1821.33, 2288.52, 1976.54, 1997.82, 1938.98, 1920.88, 1914.9, 2048.68, 1767.84, 2120.08, 1921.74, 1976.73, 1896.14, 1954.74, 1991.72, 2026.74, 1918.05, 2073.9, 2071.52, 2026.41, 1906.59, 1021.38, 1525.39, 977.9, 0.0, 0.0, 0.0, 5973.07, 1740.93, 1878.04, 1915.69, 1897.59, 1877.31, 2027.68, 1927.01, 2319.42, 2012.5, 1883.72, 2118.77, 1925.2, 2032.95, 2019.64, 1910.55, 2052.14, 2131.17, 1933.31, 1964.17, 1943.15, 1937.64, 1983.11, 1879.71, 1946.86, 1971.43, 2137.22, 1787.64, 2102.31, 2060.08, 2067.15, 1916.33, 1973.12, 1994.39, 1999.48, 1927.53, 2047.31, 1973.01, 2211.72, 1888.33, 1910.94, 1787.87, 1875.89, 2236.11, 2008.81, 1977.54, 2102.22, 2025.8, 1773.18, 1986.32, 1976.36, 2020.06, 2098.75, 1850.96, 1953.33, 1878.59, 2028.08, 1912.33, 2069.54, 1879.7, 2069.99, 2123.19, 1910.72, 1950.0, 1840.32, 1949.94, 2148.41, 1968.3, 1958.25, 2067.01, 1825.57, 2127.33, 1930.19, 1817.61, 1996.53, 1862.51, 2107.72, 1853.36, 1798.08, 2035.22, 1888.0, 2209.03, 1867.01, 2142.11, 2098.41, 1859.65, 2149.1, 1058.75, 1401.8, 1275.52, 1408.14, 1813.57, 2051.91, 2086.61, 2039.28, 2086.25, 2059.91, 1928.17, 2132.28, 2034.22, 2181.64, 1839.61, 2225.48, 2108.49, 1908.17, 2140.35, 2085.72, 2130.71, 1992.24, 2067.94, 2029.9, 2241.11, 1863.86, 2055.19, 2201.53, 2026.57, 2073.96, 2031.39, 2160.95, 2128.85, 1963.08, 2046.23, 2216.58, 2000.66, 2026.43, 2065.58, 2189.52, 2058.12, 1924.67, 2203.33, 2140.84, 2006.54, 2011.1, 2048.77, 2066.19, 2164.28]
rMB
[0.0, 0.0, 0.0, 0.0, 0.0, 0.0, 0.0, 0.0, 0.0, 0.0, 0.0, 0.0, 0.0, 0.0, 0.0, 0.0, 0.0, 0.0, 0.0, 0.0, 0.0, 0.0, 0.0, 0.0, 0.0, 0.0, 0.0, 0.0, 0.0, 0.0, 0.0, 0.0, 0.0, 0.0, 0.0, 0.0, 0.0, 0.0, 0.0, 0.0, 0.0, 0.0, 0.0, 0.0, 0.0, 0.0, 0.0, 0.0, 0.0, 0.0, 0.0, 0.0, 0.0, 0.0, 0.0, 0.0, 0.0, 0.0, 0.0, 0.0, 0.0, 0.0, 0.0, 0.0, 0.0, 0.0, 0.0, 0.0, 0.0, 0.0, 0.0, 0.0, 0.0, 0.0, 0.0, 0.0, 0.0, 0.0, 0.0, 0.0, 0.0, 0.0, 0.0, 0.0, 0.0, 0.0, 0.0, 0.0, 0.0, 0.0, 0.0, 0.0, 0.0, 0.0, 0.0, 0.0, 0.0, 0.0, 0.0, 0.0, 0.0, 0.0, 0.0, 0.0, 0.0, 0.0, 0.0, 0.0, 0.0, 0.0, 0.0, 0.0, 0.0, 0.0, 0.0, 0.0, 0.0, 0.0, 0.0, 0.0, 0.0, 0.0, 0.0, 0.0, 0.0, 0.0, 0.0, 0.0, 0.0, 0.0, 0.0, 0.0, 0.0, 0.0, 0.0, 0.0, 0.0, 0.0, 0.0, 0.0, 0.0, 0.02, 0.0, 0.0, 0.0, 0.0, 0.0, 0.0, 0.0, 0.0, 0.0, 0.0, 0.0, 0.0, 0.0, 0.0, 0.0, 0.0, 0.0, 0.0, 0.0, 0.0, 0.0, 0.0, 0.0, 0.0, 0.0, 0.0, 0.0, 0.0, 0.0, 0.0, 0.0, 0.0, 0.0, 0.0, 0.0, 0.0, 0.0, 0.0, 0.0, 0.0, 0.0, 0.0, 0.0, 0.0, 0.0, 0.0, 0.0, 0.0]
svctm
[12.41, 13.79, 14.08, 13.99, 14.08, 14.29, 14.29, 13.79, 13.7, 13.61, 13.89, 13.89, 13.61, 13.61, 13.99, 14.08, 13.99, 12.66, 13.7, 13.51, 13.16, 13.89, 13.16, 13.42, 13.51, 14.29, 14.08, 14.18, 13.61, 13.61, 14.01, 13.79, 12.99, 13.7, 13.61, 13.7, 13.51, 13.16, 13.51, 13.99, 13.99, 13.79, 13.42, 13.73, 13.99, 14.08, 13.99, 13.79, 14.08, 13.89, 24.39, 0.0, 0.0, 0.0, 22.22, 14.08, 14.18, 14.18, 14.49, 14.29, 14.39, 14.08, 14.39, 13.79, 13.99, 13.7, 13.99, 13.99, 13.99, 13.99, 14.08, 13.79, 13.89, 14.08, 13.25, 13.7, 13.51, 13.33, 13.89, 14.29, 13.61, 13.99, 13.61, 13.99, 14.08, 13.7, 13.61, 13.42, 13.7, 13.79, 13.89, 13.99, 14.08, 13.79, 13.89, 13.16, 13.54, 14.18, 13.99, 13.79, 13.7, 13.61, 13.42, 13.79, 13.7, 13.79, 13.89, 13.7, 13.33, 13.61, 13.79, 13.79, 13.99, 13.61, 14.18, 13.51, 13.61, 13.89, 13.42, 14.08, 13.79, 13.42, 13.89, 13.7, 13.79, 13.33, 13.7, 13.42, 13.33, 13.33, 14.08, 13.61, 13.51, 13.89, 13.42, 13.99, 13.7, 13.89, 13.99, 14.39, 14.08, 9.62, 14.08, 13.99, 13.99, 14.49, 14.39, 14.18, 14.39, 14.08, 14.29, 14.29, 14.18, 14.39, 14.39, 14.08, 14.81, 14.29, 14.39, 14.6, 13.89, 14.39, 14.74, 14.39, 14.18, 14.29, 14.49, 13.99, 14.39, 14.6, 14.6, 14.6, 14.39, 14.18, 14.39, 14.29, 14.6, 14.29, 14.49, 14.6, 14.08, 14.49, 14.49, 14.49, 14.49, 14.29, 14.49, 14.18, 14.39, 15.5]
r
[9.6, 5.05, 4.06, 4.5, 4.06, 4.02, 4.02, 4.55, 4.55, 4.04, 4.55, 3.11, 4.55, 3.59, 3.54, 4.1, 3.55, 3.59, 4.08, 4.17, 4.64, 4.02, 4.55, 4.48, 4.57, 4.02, 3.59, 4.1, 3.59, 4.06, 4.08, 3.57, 4.1, 4.1, 4.08, 3.63, 4.06, 4.12, 4.12, 3.59, 4.62, 4.04, 4.55, 4.55, 4.06, 4.0, 4.5, 4.06, 4.55, 4.55, 2.01, 0.0, 0.0, 0.0, 3.02, 4.02, 4.02, 4.57, 4.04, 4.02, 4.04, 4.55, 4.02, 4.06, 4.5, 3.52, 4.02, 3.55, 4.08, 3.59, 4.1, 3.55, 4.08, 3.57, 4.12, 4.15, 4.08, 3.57, 4.04, 3.59, 4.15, 3.57, 4.62, 3.63, 4.08, 4.1, 3.59, 4.06, 4.15, 3.59, 4.59, 3.59, 4.12, 4.1, 4.06, 4.19, 4.06, 4.06, 3.63, 4.66, 3.57, 4.12, 4.1, 4.08, 3.59, 4.1, 3.65, 4.15, 4.08, 4.12, 4.04, 4.12, 3.59, 4.15, 3.63, 4.59, 3.61, 4.08, 4.12, 3.59, 4.17, 4.08, 4.15, 4.15, 3.59, 4.1, 4.12, 4.15, 4.66, 4.1, 3.61, 4.64, 3.65, 4.1, 4.17, 4.08, 4.52, 4.06, 4.55, 4.04, 4.02, 34.0, 4.04, 4.55, 4.04, 4.04, 4.02, 4.52, 4.0, 4.04, 4.06, 4.52, 4.04, 4.0, 3.65, 4.06, 3.63, 3.61, 3.54, 3.63, 4.1, 3.57, 3.63, 4.02, 4.1, 3.54, 3.57, 4.02, 4.08, 3.59, 3.65, 3.59, 4.06, 4.06, 3.59, 3.59, 3.63, 4.57, 3.59, 3.61, 4.06, 3.61, 4.12, 3.57, 3.57, 4.15, 3.54, 4.1, 3.08, 0.0]
wrqm
[1155.56, 0.0, 20.3, 0.0, 0.0, 0.0, 0.5, 45.45, 1.01, 24.24, 0.0, 7.77, 17.68, 22.05, 0.51, 17.95, 0.0, 21.54, 0.51, 8.33, 15.46, 4.52, 0.51, 0.0, 25.38, 0.0, 18.97, 1.54, 1.54, 21.32, 1.02, 22.96, 5.64, 2.56, 16.84, 5.18, 16.75, 3.09, 1.03, 22.05, 1.54, 22.22, 0.51, 2.53, 1.02, 1.0, 43.5, 0.0, 11.62, 0.0, 0.0, 0.0, 0.0, 0.0, 19.1, 0.0, 0.0, 28.43, 0.0, 0.0, 0.51, 32.32, 2.01, 21.83, 0.0, 8.04, 15.08, 1.02, 2.04, 22.05, 12.31, 15.23, 1.02, 9.69, 6.7, 15.03, 5.61, 1.53, 14.14, 5.13, 16.58, 1.53, 6.15, 16.06, 6.12, 1.54, 14.36, 7.11, 16.58, 1.54, 1.53, 22.05, 0.52, 21.54, 6.09, 1.05, 16.75, 3.55, 16.06, 1.04, 6.12, 15.46, 4.62, 17.35, 1.03, 6.15, 13.54, 5.18, 1.02, 17.01, 2.02, 22.68, 2.05, 6.22, 17.1, 9.69, 11.34, 1.53, 7.22, 16.41, 5.21, 1.53, 16.58, 3.63, 17.44, 5.64, 1.03, 18.13, 1.04, 1.03, 3.61, 1.03, 1.56, 51.79, 0.0, 21.43, 2.01, 10.15, 1.01, 1.01, 0.5, 30.5, 1.01, 19.19, 10.61, 0.0, 1.01, 0.0, 1.5, 0.51, 2.54, 1.01, 1.52, 0.5, 2.6, 0.0, 118.65, 2.58, 6.06, 15.54, 2.56, 2.04, 21.76, 8.54, 14.87, 7.58, 8.16, 7.04, 14.8, 2.56, 7.81, 17.44, 1.02, 0.51, 22.05, 6.15, 13.99, 1.02, 6.67, 16.49, 8.63, 1.55, 15.46, 3.06, 19.9, 0.52, 4.55, 16.92, 6.15, 0.5]
w
[64.65, 68.18, 68.02, 67.0, 68.02, 66.33, 66.33, 68.69, 69.19, 70.2, 68.18, 71.5, 69.7, 71.79, 68.69, 68.72, 69.04, 77.44, 70.41, 72.92, 73.71, 68.34, 72.22, 69.65, 70.56, 66.33, 69.23, 68.21, 71.79, 70.56, 68.88, 70.41, 74.87, 70.77, 70.92, 72.02, 71.07, 74.23, 72.16, 69.74, 68.72, 69.19, 70.71, 69.19, 68.53, 67.0, 67.0, 69.54, 67.17, 68.18, 39.2, 0.0, 0.0, 0.0, 42.21, 67.34, 66.83, 67.01, 65.66, 66.33, 66.16, 67.17, 65.83, 69.54, 67.0, 69.85, 67.84, 69.04, 68.88, 69.74, 68.72, 70.05, 69.39, 68.88, 73.71, 71.5, 71.43, 72.96, 68.69, 68.21, 72.02, 69.39, 70.77, 70.47, 68.37, 70.77, 71.79, 71.57, 71.5, 70.77, 68.88, 69.74, 69.07, 70.26, 69.04, 75.39, 71.07, 67.51, 70.47, 70.47, 70.92, 71.65, 72.31, 69.9, 71.28, 70.26, 71.35, 71.5, 72.45, 71.65, 69.19, 70.62, 69.74, 72.02, 69.43, 70.92, 72.16, 69.39, 72.68, 69.23, 71.35, 71.94, 70.47, 71.5, 70.77, 72.82, 71.13, 73.06, 73.06, 72.82, 69.59, 71.13, 73.44, 69.74, 73.44, 68.88, 68.84, 69.04, 67.68, 66.16, 67.34, 63.5, 67.68, 67.68, 68.18, 65.66, 65.83, 66.33, 65.5, 67.68, 67.01, 65.83, 67.17, 65.5, 68.75, 68.02, 66.32, 68.56, 66.67, 67.36, 69.74, 67.35, 66.84, 65.83, 68.21, 67.17, 66.84, 67.84, 66.84, 66.67, 67.71, 66.67, 66.5, 67.51, 67.69, 68.21, 67.36, 66.5, 67.18, 67.01, 68.02, 67.53, 67.01, 66.84, 66.84, 68.39, 66.16, 68.21, 68.21, 64.82]
avgrqsz
[152.93, 219.66, 220.68, 217.89, 223.38, 225.66, 226.11, 216.56, 218.34, 212.95, 214.06, 210.7, 213.61, 212.07, 204.2, 220.85, 212.5, 197.92, 220.11, 211.89, 212.86, 231.0, 218.43, 210.19, 216.66, 228.69, 214.51, 220.71, 209.9, 217.96, 226.29, 221.98, 209.87, 204.05, 218.88, 224.27, 213.07, 220.89, 211.32, 221.76, 218.36, 219.23, 213.75, 207.45, 209.62, 214.93, 216.9, 202.84, 221.13, 200.49, 218.2, 0.0, 0.0, 0.0, 218.47, 209.89, 214.75, 217.03, 221.25, 226.57, 221.76, 222.94, 218.07, 219.64, 212.87, 205.84, 213.99, 218.68, 205.06, 220.02, 221.13, 212.32, 211.19, 214.58, 207.12, 216.38, 220.81, 216.89, 220.28, 220.85, 210.64, 226.06, 204.8, 226.29, 221.13, 214.51, 218.61, 220.7, 225.37, 219.41, 216.31, 229.64, 220.54, 227.59, 228.28, 215.14, 221.03, 229.5, 218.78, 220.75, 215.17, 222.97, 212.32, 217.21, 219.66, 206.97, 224.05, 224.27, 216.23, 221.22, 215.03, 218.98, 223.6, 213.98, 225.41, 208.87, 226.66, 224.06, 211.83, 226.53, 224.28, 201.61, 221.39, 213.4, 226.92, 228.53, 220.42, 223.62, 216.2, 224.05, 224.5, 215.35, 229.24, 219.83, 219.11, 218.52, 221.43, 207.82, 216.01, 216.0, 219.77, 134.96, 220.68, 214.78, 211.92, 224.99, 216.4, 217.37, 226.71, 217.52, 212.63, 219.04, 214.75, 215.77, 223.24, 212.45, 224.29, 213.54, 208.07, 223.0, 220.61, 208.42, 233.23, 221.01, 222.79, 213.31, 224.63, 209.99, 217.61, 224.05, 217.85, 227.09, 219.22, 216.02, 223.71, 213.24, 229.89, 227.04, 215.09, 228.26, 206.82, 225.79, 222.78, 209.7, 226.14, 220.63, 216.32, 213.16, 220.36, 247.57]
wMB
[5.54, 7.85, 7.76, 7.6, 7.86, 7.75, 7.77, 7.74, 7.86, 7.72, 7.6, 7.67, 7.74, 7.8, 7.2, 7.85, 7.53, 7.83, 8.0, 7.97, 8.14, 8.16, 8.19, 7.61, 7.95, 7.85, 7.63, 7.79, 7.72, 7.94, 8.06, 8.02, 8.09, 7.46, 8.01, 8.28, 7.81, 8.45, 7.87, 7.94, 7.82, 7.84, 7.85, 7.47, 7.43, 7.45, 7.57, 7.29, 7.74, 7.12, 4.39, 0.0, 0.0, 0.0, 4.82, 7.31, 7.43, 7.58, 7.53, 7.78, 7.6, 7.8, 7.44, 7.89, 7.43, 7.37, 7.51, 7.75, 7.3, 7.88, 7.86, 7.63, 7.57, 7.59, 7.87, 7.99, 8.14, 8.1, 7.82, 7.74, 7.83, 8.05, 7.54, 8.18, 7.82, 7.84, 8.04, 8.15, 8.32, 7.96, 7.76, 8.22, 7.88, 8.26, 8.15, 8.36, 8.11, 8.02, 7.91, 8.1, 7.82, 8.25, 7.92, 7.84, 8.03, 7.51, 8.2, 8.28, 8.08, 8.18, 7.69, 7.99, 8.0, 7.96, 8.04, 7.7, 8.38, 8.04, 7.94, 8.05, 8.27, 7.48, 8.06, 7.88, 8.24, 8.58, 8.1, 8.43, 8.2, 8.41, 8.02, 7.97, 8.63, 7.92, 8.3, 7.78, 7.93, 7.42, 7.62, 7.4, 7.66, 6.41, 7.73, 7.57, 7.47, 7.65, 7.38, 7.52, 7.69, 7.62, 7.38, 7.52, 7.47, 7.32, 7.89, 7.48, 7.66, 7.52, 7.13, 7.73, 7.95, 7.22, 8.02, 7.54, 7.86, 7.36, 7.72, 7.37, 7.53, 7.68, 7.59, 7.79, 7.55, 7.55, 7.78, 7.47, 7.97, 7.88, 7.43, 7.87, 7.28, 7.84, 7.74, 7.21, 7.77, 7.81, 7.36, 7.52, 7.67, 7.84]
rrqm
[0.0, 0.0, 0.0, 0.0, 0.0, 0.0, 0.0, 0.0, 0.0, 0.0, 0.0, 0.0, 0.0, 0.0, 0.0, 0.0, 0.0, 0.0, 0.0, 0.0, 0.0, 0.0, 0.0, 0.0, 0.0, 0.0, 0.0, 0.0, 0.0, 0.0, 0.0, 0.0, 0.0, 0.0, 0.0, 0.0, 0.0, 0.0, 0.0, 0.0, 0.0, 0.0, 0.0, 0.0, 0.0, 0.0, 0.0, 0.0, 0.0, 0.0, 0.0, 0.0, 0.0, 0.0, 0.0, 0.0, 0.0, 0.0, 0.0, 0.0, 0.0, 0.0, 0.0, 0.0, 0.0, 0.0, 0.0, 0.0, 0.0, 0.0, 0.0, 0.0, 0.0, 0.0, 0.0, 0.0, 0.0, 0.0, 0.0, 0.0, 0.0, 0.0, 0.0, 0.0, 0.0, 0.0, 0.0, 0.0, 0.0, 0.0, 0.0, 0.0, 0.0, 0.0, 0.0, 0.0, 0.0, 0.0, 0.0, 0.0, 0.0, 0.0, 0.0, 0.0, 0.0, 0.0, 0.0, 0.0, 0.0, 0.0, 0.0, 0.0, 0.0, 0.0, 0.0, 0.0, 0.0, 0.0, 0.0, 0.0, 0.0, 0.0, 0.0, 0.0, 0.0, 0.0, 0.0, 0.0, 0.0, 0.0, 0.0, 0.0, 0.0, 0.0, 0.0, 0.0, 0.0, 0.0, 0.0, 0.0, 0.0, 0.0, 0.0, 0.0, 0.0, 0.0, 0.0, 0.0, 0.0, 0.0, 0.0, 0.0, 0.0, 0.0, 0.0, 0.0, 0.0, 0.0, 0.0, 0.0, 0.0, 0.0, 0.0, 0.0, 0.0, 0.0, 0.0, 0.0, 0.0, 0.0, 0.0, 0.0, 0.0, 0.0, 0.0, 0.0, 0.0, 0.0, 0.0, 0.0, 0.0, 0.0, 0.0, 0.0, 0.0, 0.0, 0.0, 0.0, 0.0, 0.0]
w_await
[734.84, 1333.63, 1703.91, 1776.78, 2177.79, 2179.33, 2132.0, 2142.21, 2187.5, 1969.06, 2058.34, 2130.9, 2178.46, 1949.09, 1913.03, 2125.16, 2080.47, 2062.91, 2006.41, 1982.0, 2106.07, 2076.94, 2000.64, 1796.74, 2093.38, 2075.09, 2225.07, 1921.83, 2394.51, 2079.91, 2105.57, 2029.04, 2017.12, 2019.04, 2157.44, 1849.15, 2232.43, 2021.33, 2083.6, 1987.32, 2076.51, 2094.98, 2142.83, 2029.46, 2183.29, 2181.61, 2147.13, 2004.82, 1074.92, 1612.98, 1016.56, 0.0, 0.0, 0.0, 6293.38, 1831.46, 1977.35, 2030.64, 2000.15, 1977.12, 2137.44, 2042.02, 2447.05, 2117.2, 1995.13, 2214.45, 2026.07, 2127.82, 2127.88, 2001.29, 2164.06, 2230.72, 2036.71, 2058.81, 2044.14, 2041.94, 2085.49, 1963.78, 2049.71, 2067.82, 2250.65, 1872.38, 2229.45, 2159.09, 2179.94, 2020.09, 2064.51, 2095.49, 2106.87, 2017.88, 2172.24, 2065.12, 2337.13, 1990.69, 2013.0, 1881.78, 1973.31, 2358.05, 2104.65, 2101.91, 2199.6, 2132.63, 1866.24, 2093.9, 2068.4, 2128.64, 2200.18, 1951.13, 2054.28, 1979.11, 2136.91, 2014.51, 2167.82, 1980.55, 2170.3, 2249.18, 1998.66, 2052.79, 1937.79, 2043.73, 2267.74, 2069.59, 2067.15, 2179.33, 1910.12, 2238.0, 2034.2, 1912.37, 2116.2, 1958.93, 2210.25, 1966.41, 1881.33, 2147.0, 1989.76, 2327.59, 1974.8, 2255.0, 2223.85, 1958.93, 2263.19, 1610.49, 1472.03, 1346.0, 1478.25, 1910.86, 2163.08, 2213.36, 2149.74, 2197.37, 2170.82, 2044.79, 2246.77, 2144.4, 2290.36, 1937.43, 2339.16, 2211.79, 1998.18, 2247.11, 2199.94, 2236.45, 2095.04, 2179.91, 2139.82, 2349.5, 1955.08, 2165.75, 2324.89, 2126.52, 2176.92, 2132.62, 2281.16, 2247.1, 2057.79, 2146.95, 2329.54, 2124.7, 2126.47, 2169.97, 2307.31, 2160.4, 2033.97, 2312.79, 2246.32, 2120.24, 2108.67, 2163.88, 2153.65, 2164.28]
