65 datos recogidos

cpu data:

user
[38.31, 17.93, 8.57, 12.71, 14.92, 13.33, 15.51, 15.14, 14.21, 12.64, 10.18, 12.05, 10.98, 13.33, 13.25, 10.91, 10.3, 9.64, 11.45, 7.78, 8.38, 9.04, 8.88, 7.6, 7.65, 3.49, 9.52, 10.0, 9.36, 10.12, 12.5, 10.91, 9.47, 8.28, 10.12, 8.82, 10.29, 13.98, 12.11, 14.43, 8.29, 12.04, 13.78, 9.84, 8.76, 6.63, 8.21, 5.1, 11.4, 19.69, 24.34, 15.71, 6.22, 2.66, 0.53, 2.06, 3.06, 7.22, 27.41, 13.68, 9.38, 15.87, 30.05, 23.4, 22.22]
nice
[0.0, 0.0, 0.57, 0.0, 0.0, 0.0, 0.0, 0.0, 0.0, 0.0, 0.0, 0.0, 0.0, 0.0, 0.0, 0.0, 0.0, 0.0, 0.0, 0.0, 0.0, 0.0, 0.0, 0.0, 0.0, 0.0, 0.0, 0.0, 0.0, 0.0, 0.0, 0.0, 0.59, 0.0, 0.0, 0.0, 0.0, 0.0, 0.0, 0.0, 0.0, 0.0, 0.51, 0.0, 0.0, 0.0, 0.0, 0.0, 0.0, 0.0, 0.0, 0.0, 0.0, 0.0, 0.0, 0.0, 0.0, 0.0, 0.0, 0.0, 0.0, 0.0, 0.0, 0.0, 0.0]
system
[60.2, 33.15, 14.29, 25.41, 20.99, 20.0, 23.53, 23.78, 24.04, 23.08, 19.76, 18.07, 20.12, 16.36, 16.87, 19.39, 20.61, 21.69, 17.47, 20.36, 18.56, 15.66, 17.16, 17.54, 17.65, 17.44, 15.48, 12.94, 12.87, 17.26, 17.86, 13.94, 17.16, 15.38, 16.07, 18.24, 17.71, 18.28, 20.53, 17.53, 16.06, 18.32, 18.88, 19.69, 12.37, 14.29, 13.85, 11.22, 20.21, 31.09, 33.33, 21.99, 8.81, 3.19, 1.06, 2.58, 5.1, 15.46, 32.99, 21.05, 17.71, 22.22, 33.16, 30.32, 27.51]
iowait
[1.49, 48.91, 76.57, 61.88, 64.09, 66.67, 60.96, 61.08, 61.75, 64.29, 70.06, 69.88, 68.9, 70.3, 69.88, 69.7, 69.09, 68.67, 71.08, 71.86, 73.05, 75.3, 73.96, 74.85, 74.71, 79.07, 75.0, 77.06, 77.78, 72.62, 69.64, 75.15, 72.78, 76.33, 73.81, 72.94, 72.0, 67.74, 67.37, 68.04, 75.65, 69.63, 66.84, 70.47, 78.87, 79.08, 77.95, 83.67, 68.39, 49.22, 42.33, 62.3, 84.97, 94.15, 98.41, 95.36, 91.84, 77.32, 39.59, 65.26, 72.92, 61.9, 36.79, 46.28, 50.26]
steal
[0.0, 0.0, 0.0, 0.0, 0.0, 0.0, 0.0, 0.0, 0.0, 0.0, 0.0, 0.0, 0.0, 0.0, 0.0, 0.0, 0.0, 0.0, 0.0, 0.0, 0.0, 0.0, 0.0, 0.0, 0.0, 0.0, 0.0, 0.0, 0.0, 0.0, 0.0, 0.0, 0.0, 0.0, 0.0, 0.0, 0.0, 0.0, 0.0, 0.0, 0.0, 0.0, 0.0, 0.0, 0.0, 0.0, 0.0, 0.0, 0.0, 0.0, 0.0, 0.0, 0.0, 0.0, 0.0, 0.0, 0.0, 0.0, 0.0, 0.0, 0.0, 0.0, 0.0, 0.0, 0.0]
idle
[0.0, 0.0, 0.0, 0.0, 0.0, 0.0, 0.0, 0.0, 0.0, 0.0, 0.0, 0.0, 0.0, 0.0, 0.0, 0.0, 0.0, 0.0, 0.0, 0.0, 0.0, 0.0, 0.0, 0.0, 0.0, 0.0, 0.0, 0.0, 0.0, 0.0, 0.0, 0.0, 0.0, 0.0, 0.0, 0.0, 0.0, 0.0, 0.0, 0.0, 0.0, 0.0, 0.0, 0.0, 0.0, 0.0, 0.0, 0.0, 0.0, 0.0, 0.0, 0.0, 0.0, 0.0, 0.0, 0.0, 0.0, 0.0, 0.0, 0.0, 0.0, 0.0, 0.0, 0.0, 0.0]

sda data:

util
[30.45, 108.7, 114.29, 110.5, 110.5, 111.11, 106.95, 108.11, 109.29, 109.89, 119.76, 120.48, 121.95, 121.21, 120.48, 121.21, 121.21, 120.48, 120.48, 119.76, 119.76, 120.48, 118.34, 116.96, 117.65, 116.28, 119.05, 117.65, 116.96, 119.05, 119.05, 121.21, 118.34, 118.34, 119.05, 117.65, 114.29, 107.53, 105.26, 103.09, 103.63, 104.71, 102.04, 103.63, 103.09, 102.04, 102.56, 102.04, 103.63, 103.63, 105.82, 104.71, 103.63, 106.38, 105.82, 103.09, 102.04, 103.09, 101.52, 105.26, 104.17, 105.82, 103.63, 106.38, 105.82]
r_await
[0.0, 0.0, 0.0, 0.0, 0.0, 0.0, 0.0, 0.0, 0.0, 0.0, 0.0, 0.0, 0.0, 0.0, 0.0, 0.0, 0.0, 0.0, 0.0, 0.0, 0.0, 0.0, 0.0, 0.0, 0.0, 0.0, 0.0, 0.0, 0.0, 0.0, 0.0, 0.0, 0.0, 0.0, 0.0, 0.0, 0.0, 0.0, 0.0, 0.0, 0.0, 0.0, 164.0, 36.0, 0.0, 0.0, 0.0, 0.0, 0.0, 0.0, 0.0, 0.0, 0.0, 0.0, 0.0, 0.0, 0.0, 0.0, 0.0, 0.0, 0.0, 0.0, 212.0, 0.0, 0.0]
avgqusz
[44.47, 151.73, 163.97, 157.49, 158.77, 159.71, 152.34, 156.13, 156.25, 157.82, 171.47, 172.61, 175.58, 173.0, 173.67, 173.73, 173.63, 173.34, 172.12, 172.73, 171.99, 172.88, 169.58, 166.97, 168.54, 167.96, 170.8, 166.92, 168.59, 170.05, 171.75, 172.56, 171.07, 168.4, 171.04, 168.73, 163.68, 154.75, 151.83, 146.96, 149.47, 150.45, 145.69, 148.5, 148.47, 145.34, 147.84, 144.51, 148.52, 148.84, 151.6, 149.35, 150.74, 153.36, 152.12, 147.92, 147.12, 147.15, 146.25, 151.15, 150.35, 150.2, 149.63, 152.72, 150.95]
await
[311.23, 1599.77, 3068.55, 2546.52, 2358.55, 2495.34, 2512.66, 2466.07, 2510.09, 2512.52, 2521.93, 2536.77, 2459.59, 2485.63, 2496.18, 2505.6, 2507.58, 2478.53, 2540.88, 2556.41, 2743.27, 2929.86, 2964.84, 3109.89, 3216.09, 3228.23, 2879.38, 2713.38, 3271.68, 2549.77, 2438.45, 2914.79, 3216.47, 3241.94, 2709.53, 2855.54, 2990.3, 3086.89, 3253.47, 3083.53, 2345.58, 2686.21, 2982.11, 2856.07, 2280.28, 2334.42, 2426.32, 2068.73, 1828.14, 2036.6, 2084.76, 1672.85, 1437.02, 1523.03, 1453.51, 1524.69, 1670.62, 1852.98, 1998.13, 1996.9, 1832.52, 1902.35, 1925.13, 2120.42, 2125.34]
rMB
[0.0, 0.0, 0.0, 0.0, 0.0, 0.0, 0.0, 0.0, 0.0, 0.0, 0.0, 0.0, 0.0, 0.0, 0.0, 0.0, 0.0, 0.0, 0.0, 0.0, 0.0, 0.0, 0.0, 0.0, 0.0, 0.0, 0.0, 0.0, 0.0, 0.0, 0.0, 0.0, 0.0, 0.0, 0.0, 0.0, 0.0, 0.0, 0.0, 0.0, 0.0, 0.0, 0.02, 0.0, 0.0, 0.0, 0.0, 0.0, 0.0, 0.0, 0.0, 0.0, 0.0, 0.0, 0.0, 0.0, 0.0, 0.0, 0.0, 0.0, 0.0, 0.0, 0.0, 0.0, 0.0]
svctm
[23.54, 23.26, 19.61, 16.13, 17.24, 17.39, 17.39, 17.24, 17.7, 17.39, 17.86, 17.39, 17.09, 17.39, 17.54, 17.39, 17.39, 17.54, 17.7, 18.52, 20.41, 20.62, 21.05, 22.47, 22.47, 22.99, 16.39, 24.69, 19.8, 16.13, 19.42, 22.47, 23.26, 19.42, 19.61, 20.83, 21.28, 22.22, 22.99, 18.02, 16.81, 20.83, 21.51, 16.67, 15.38, 16.81, 16.81, 12.58, 13.51, 14.93, 14.71, 9.71, 10.15, 10.81, 10.2, 10.75, 11.7, 13.99, 14.6, 12.82, 12.9, 13.51, 14.08, 14.93, 14.29]
r
[0.0, 0.0, 0.0, 0.0, 0.0, 0.0, 0.0, 0.0, 0.0, 0.0, 0.0, 0.0, 0.0, 0.0, 0.0, 0.0, 0.0, 0.0, 0.0, 0.0, 0.0, 0.0, 0.0, 0.0, 0.0, 0.0, 0.0, 0.0, 0.0, 0.0, 0.0, 0.0, 0.0, 0.0, 0.0, 0.0, 0.0, 0.0, 0.0, 0.0, 0.0, 0.0, 2.04, 0.52, 0.0, 0.0, 0.0, 0.0, 0.0, 0.0, 0.0, 0.0, 0.0, 0.0, 0.0, 0.0, 0.0, 0.0, 0.0, 0.0, 0.0, 0.0, 0.52, 0.0, 0.0]
wrqm
[2431.34, 1617.39, 1639.43, 2281.77, 1644.2, 2204.44, 1591.44, 2144.86, 2168.31, 1635.16, 2376.05, 1792.77, 2419.51, 2404.85, 1792.77, 2404.85, 1803.64, 2390.36, 1771.69, 2362.87, 1748.5, 1787.35, 1751.48, 1726.32, 1027.65, 1661.63, 2361.9, 1167.06, 2297.08, 2307.14, 1745.83, 1652.12, 936.09, 1705.33, 2251.19, 1675.29, 1588.0, 892.47, 583.68, 1282.47, 1251.81, 1068.59, 560.71, 907.25, 829.38, 792.35, 134.36, 2230.61, 2527.98, 1893.26, 179.89, 123.56, 206.22, 95.74, 239.68, 347.94, 2278.57, 1971.65, 1106.6, 839.47, 1517.19, 2344.97, 2279.79, 1754.79, 1211.64]
w
[12.94, 46.74, 58.29, 68.51, 64.09, 63.89, 61.5, 62.7, 61.75, 63.19, 67.07, 69.28, 71.34, 69.7, 68.67, 69.7, 69.7, 68.67, 68.07, 64.67, 58.68, 58.43, 56.21, 52.05, 52.35, 50.58, 72.62, 47.65, 59.06, 73.81, 61.31, 53.94, 50.89, 60.95, 60.71, 56.47, 53.71, 48.39, 45.79, 57.22, 61.66, 50.26, 45.41, 61.66, 67.01, 60.71, 61.03, 81.12, 76.68, 69.43, 71.96, 107.85, 102.07, 98.4, 103.7, 95.88, 87.24, 73.71, 69.54, 82.11, 80.73, 78.31, 73.06, 71.28, 74.07]
avgrqsz
[246.46, 255.44, 245.8, 243.61, 253.86, 256.0, 256.0, 256.0, 256.0, 256.0, 256.0, 256.0, 256.0, 256.0, 256.0, 256.0, 256.0, 256.0, 256.0, 253.41, 255.02, 253.2, 252.55, 256.0, 254.56, 251.13, 236.46, 253.23, 256.0, 254.65, 249.79, 253.12, 247.07, 214.83, 244.24, 251.08, 243.06, 239.02, 233.84, 149.19, 123.09, 225.75, 187.53, 130.73, 94.46, 114.69, 119.6, 51.92, 253.03, 251.88, 236.82, 30.25, 18.36, 24.61, 16.53, 30.32, 32.7, 255.33, 246.66, 109.85, 88.15, 196.65, 244.34, 229.25, 214.29]
wMB
[1.56, 5.83, 7.0, 8.15, 7.94, 7.99, 7.69, 7.84, 7.72, 7.9, 8.38, 8.66, 8.92, 8.71, 8.58, 8.71, 8.71, 8.58, 8.51, 8.0, 7.31, 7.22, 6.93, 6.51, 6.51, 6.2, 8.38, 5.89, 7.38, 9.18, 7.48, 6.67, 6.14, 6.39, 7.24, 6.92, 6.38, 5.65, 5.23, 4.17, 3.71, 5.54, 4.32, 3.96, 3.09, 3.4, 3.56, 2.06, 9.47, 8.54, 8.32, 1.59, 0.91, 1.18, 0.84, 1.42, 1.39, 9.19, 8.38, 4.4, 3.47, 7.52, 8.78, 7.98, 7.75]
rrqm
[0.0, 0.0, 0.0, 0.0, 0.0, 0.0, 0.0, 0.0, 0.0, 0.0, 0.0, 0.0, 0.0, 0.0, 0.0, 0.0, 0.0, 0.0, 0.0, 0.0, 0.0, 0.0, 0.0, 0.0, 0.0, 0.0, 0.0, 0.0, 0.0, 0.0, 0.0, 0.0, 0.0, 0.0, 0.0, 0.0, 0.0, 0.0, 0.0, 0.0, 0.0, 0.0, 3.06, 0.52, 0.0, 0.0, 0.0, 0.0, 0.0, 0.0, 0.0, 0.0, 0.0, 0.0, 0.0, 0.0, 0.0, 0.0, 0.0, 0.0, 0.0, 0.0, 0.0, 0.0, 1.06]
w_await
[311.23, 1599.77, 3068.55, 2546.52, 2358.55, 2495.34, 2512.66, 2466.07, 2510.09, 2512.52, 2521.93, 2536.77, 2459.59, 2485.63, 2496.18, 2505.6, 2507.58, 2478.53, 2540.88, 2556.41, 2743.27, 2929.86, 2964.84, 3109.89, 3216.09, 3228.23, 2879.38, 2713.38, 3271.68, 2549.77, 2438.45, 2914.79, 3216.47, 3241.94, 2709.53, 2855.54, 2990.3, 3086.89, 3253.47, 3083.53, 2345.58, 2686.21, 3108.76, 2879.76, 2280.28, 2334.42, 2426.32, 2068.73, 1828.14, 2036.6, 2084.76, 1672.85, 1437.02, 1523.03, 1453.51, 1524.69, 1670.62, 1852.98, 1998.13, 1996.9, 1832.52, 1902.35, 1937.28, 2120.42, 2125.34]
