52 datos recogidos

cpu data:

user
[37.69, 36.5, 35.32, 32.0, 28.28, 33.0, 34.5, 35.18, 35.82, 33.0, 40.0, 36.82, 38.19, 35.5, 35.0, 34.5, 34.5, 31.34, 36.5, 35.18, 33.84, 34.33, 39.5, 36.5, 33.5, 35.68, 35.32, 34.5, 37.19, 35.82, 32.66, 37.81, 36.82, 34.17, 36.0, 32.34, 36.68, 35.5, 36.0, 35.32, 37.19, 37.5, 33.67, 37.5, 39.5, 34.33, 35.5, 37.19, 39.8, 40.4, 35.32, 35.5]
nice
[0.0, 0.0, 0.0, 0.0, 0.0, 0.0, 0.0, 0.0, 0.0, 0.5, 0.0, 0.0, 0.0, 0.0, 0.0, 0.0, 0.0, 0.0, 0.0, 0.5, 0.0, 0.0, 0.0, 0.0, 0.0, 0.0, 0.0, 0.0, 0.0, 0.5, 0.0, 0.0, 0.0, 0.0, 0.0, 0.0, 0.0, 0.0, 0.0, 0.0, 0.0, 0.0, 0.0, 0.0, 0.0, 0.0, 0.0, 0.0, 0.0, 0.0, 0.0, 0.0]
system
[59.8, 63.5, 64.68, 68.0, 57.58, 67.0, 65.5, 62.81, 64.18, 66.5, 60.0, 63.18, 61.81, 64.5, 65.0, 65.0, 65.5, 68.66, 60.0, 64.32, 64.65, 65.67, 60.5, 63.5, 65.0, 64.32, 64.68, 65.5, 54.77, 63.68, 67.34, 62.19, 63.18, 65.83, 64.0, 67.66, 63.32, 64.5, 64.0, 64.68, 62.81, 62.5, 66.33, 60.5, 60.5, 65.67, 64.5, 62.81, 60.2, 59.6, 64.68, 61.5]
iowait
[2.51, 0.0, 0.0, 0.0, 14.14, 0.0, 0.0, 2.01, 0.0, 0.0, 0.0, 0.0, 0.0, 0.0, 0.0, 0.5, 0.0, 0.0, 3.5, 0.0, 1.52, 0.0, 0.0, 0.0, 1.5, 0.0, 0.0, 0.0, 8.04, 0.0, 0.0, 0.0, 0.0, 0.0, 0.0, 0.0, 0.0, 0.0, 0.0, 0.0, 0.0, 0.0, 0.0, 2.0, 0.0, 0.0, 0.0, 0.0, 0.0, 0.0, 0.0, 3.0]
steal
[0.0, 0.0, 0.0, 0.0, 0.0, 0.0, 0.0, 0.0, 0.0, 0.0, 0.0, 0.0, 0.0, 0.0, 0.0, 0.0, 0.0, 0.0, 0.0, 0.0, 0.0, 0.0, 0.0, 0.0, 0.0, 0.0, 0.0, 0.0, 0.0, 0.0, 0.0, 0.0, 0.0, 0.0, 0.0, 0.0, 0.0, 0.0, 0.0, 0.0, 0.0, 0.0, 0.0, 0.0, 0.0, 0.0, 0.0, 0.0, 0.0, 0.0, 0.0, 0.0]
idle
[0.0, 0.0, 0.0, 0.0, 0.0, 0.0, 0.0, 0.0, 0.0, 0.0, 0.0, 0.0, 0.0, 0.0, 0.0, 0.0, 0.0, 0.0, 0.0, 0.0, 0.0, 0.0, 0.0, 0.0, 0.0, 0.0, 0.0, 0.0, 0.0, 0.0, 0.0, 0.0, 0.0, 0.0, 0.0, 0.0, 0.0, 0.0, 0.0, 0.0, 0.0, 0.0, 0.0, 0.0, 0.0, 0.0, 0.0, 0.0, 0.0, 0.0, 0.0, 0.0]

sdb data:

util
[29.55, 54.8, 70.25, 90.0, 33.13, 57.0, 75.8, 45.83, 48.56, 68.6, 64.4, 80.8, 65.93, 58.8, 92.0, 54.2, 76.6, 71.64, 64.6, 45.63, 87.27, 37.01, 75.8, 48.4, 70.6, 86.63, 30.65, 77.6, 67.14, 64.48, 61.31, 94.53, 52.74, 81.21, 63.8, 57.91, 84.82, 69.2, 88.6, 79.2, 74.97, 88.0, 50.65, 71.8, 61.4, 32.64, 86.0, 62.11, 48.36, 76.57, 31.44, 77.6]
r_await
[12.0, 0.0, 0.0, 0.0, 0.0, 0.0, 0.0, 44.0, 0.0, 0.0, 0.0, 8.0, 0.0, 0.0, 0.0, 12.0, 0.0, 0.0, 68.0, 0.0, 40.0, 0.0, 0.0, 0.0, 30.0, 0.0, 0.0, 0.0, 0.0, 0.0, 0.0, 0.0, 0.0, 0.0, 0.0, 0.0, 0.0, 0.0, 0.0, 52.0, 0.0, 0.0, 0.0, 44.0, 0.0, 0.0, 0.0, 0.0, 0.0, 0.0, 0.0, 56.0]
avgqusz
[37.21, 29.68, 32.97, 97.35, 16.47, 25.31, 84.07, 23.79, 23.21, 72.63, 34.76, 78.13, 39.92, 25.94, 100.26, 26.15, 34.95, 102.31, 42.58, 22.26, 103.76, 20.59, 52.02, 44.8, 35.28, 80.05, 16.2, 39.3, 74.43, 29.02, 32.41, 113.07, 26.78, 53.94, 57.08, 24.96, 99.16, 48.29, 48.84, 80.29, 35.45, 81.15, 46.87, 35.07, 62.23, 19.25, 53.81, 63.34, 24.48, 63.32, 19.96, 40.19]
await
[291.77, 424.58, 254.75, 458.03, 472.53, 273.41, 533.8, 232.06, 238.96, 527.37, 229.86, 324.06, 501.35, 254.62, 432.3, 352.65, 245.02, 517.32, 558.18, 229.55, 537.98, 264.59, 230.45, 638.41, 240.0, 412.73, 279.23, 221.95, 465.61, 359.86, 229.4, 490.12, 502.46, 243.67, 554.03, 260.13, 391.04, 602.29, 263.32, 617.05, 272.72, 318.25, 721.39, 240.19, 505.97, 230.24, 256.59, 658.36, 249.75, 251.07, 654.16, 231.74]
rMB
[0.01, 0.0, 0.02, 0.0, 0.0, 0.0, 0.0, 0.01, 0.0, 0.0, 0.0, 0.02, 0.0, 0.0, 0.0, 0.01, 0.0, 0.0, 0.02, 0.0, 0.0, 0.0, 0.0, 0.0, 0.02, 0.0, 0.0, 0.0, 0.0, 0.0, 0.0, 0.0, 0.02, 0.0, 0.0, 0.0, 0.01, 0.0, 0.0, 0.02, 0.0, 0.0, 0.0, 0.01, 0.0, 0.0, 0.0, 0.0, 0.02, 0.0, 0.0, 0.0]
svctm
[5.55, 5.0, 5.08, 5.11, 5.09, 5.14, 4.81, 4.88, 4.78, 4.92, 5.07, 5.12, 4.93, 4.72, 4.78, 5.02, 4.69, 5.02, 5.07, 4.7, 4.76, 4.77, 4.62, 4.82, 4.8, 4.71, 4.97, 4.65, 4.95, 5.1, 5.33, 5.29, 5.02, 4.91, 5.06, 4.81, 4.89, 5.24, 5.75, 5.81, 5.27, 4.9, 5.07, 4.92, 4.99, 5.33, 5.29, 5.07, 4.93, 4.83, 4.94, 4.87]
r
[2.01, 0.0, 1.0, 0.0, 0.0, 0.0, 0.0, 0.5, 0.0, 0.0, 0.0, 0.5, 0.0, 0.0, 0.0, 0.5, 0.0, 0.0, 1.0, 0.0, 0.51, 0.0, 0.0, 0.0, 1.0, 0.0, 0.0, 0.0, 0.5, 0.0, 0.0, 0.0, 1.0, 0.0, 0.0, 0.0, 0.5, 0.0, 0.0, 0.5, 0.0, 0.0, 0.0, 0.5, 0.0, 0.0, 0.0, 0.0, 1.0, 0.0, 0.0, 0.5]
wrqm
[2988.44, 2973.5, 4440.8, 4910.5, 1502.53, 2975.0, 4771.0, 2989.45, 5381.09, 1853.0, 4462.0, 6115.92, 2989.95, 2974.0, 6766.0, 2974.5, 4463.0, 6299.0, 1871.0, 2990.45, 5796.97, 2959.2, 6397.0, 847.0, 4462.0, 5776.88, 2960.7, 4461.5, 4433.17, 2959.7, 4485.43, 5745.77, 2960.2, 6426.63, 2279.0, 2961.19, 7396.98, 1909.5, 6940.5, 3268.66, 4485.43, 6353.5, 670.35, 4462.5, 3766.0, 2959.7, 5932.0, 1696.48, 2959.7, 6783.84, 1479.1, 4463.0]
w
[51.26, 109.5, 137.31, 176.0, 65.15, 111.0, 157.5, 93.47, 101.49, 139.5, 127.0, 157.21, 133.67, 124.5, 192.5, 107.5, 163.5, 142.79, 126.5, 96.98, 182.83, 77.61, 164.0, 100.5, 146.0, 183.92, 61.69, 167.0, 135.18, 126.37, 115.08, 178.61, 103.98, 165.33, 126.0, 120.4, 172.86, 132.0, 154.0, 135.82, 142.21, 179.5, 100.0, 145.5, 123.0, 61.19, 162.5, 122.61, 97.01, 158.59, 63.68, 159.0]
avgrqsz
[238.11, 248.47, 252.58, 252.57, 248.62, 253.12, 250.34, 251.68, 253.84, 251.99, 252.98, 252.06, 252.03, 250.86, 254.36, 249.22, 253.65, 252.66, 247.47, 254.67, 252.94, 246.0, 254.85, 248.36, 251.02, 252.61, 253.61, 254.8, 249.39, 250.3, 254.88, 254.73, 247.2, 254.44, 251.78, 254.91, 254.01, 248.39, 254.34, 250.63, 254.16, 251.86, 248.4, 252.6, 252.94, 249.76, 254.42, 252.62, 249.87, 254.5, 248.69, 252.79]
wMB
[6.18, 13.29, 17.04, 21.71, 7.91, 13.72, 19.25, 11.54, 12.58, 17.16, 15.69, 19.4, 16.45, 15.25, 23.91, 13.13, 20.25, 17.62, 15.39, 12.06, 22.64, 9.32, 20.41, 12.19, 18.0, 22.69, 7.64, 20.78, 16.52, 15.44, 14.32, 22.22, 12.65, 20.54, 15.49, 14.99, 21.49, 16.01, 19.12, 16.67, 17.65, 22.07, 12.13, 18.0, 15.19, 7.46, 20.19, 15.12, 11.94, 19.71, 7.73, 19.68]
rrqm
[0.5, 0.0, 3.48, 0.0, 0.0, 0.0, 0.0, 1.51, 0.0, 0.0, 0.0, 3.48, 0.0, 0.0, 0.0, 1.5, 0.0, 0.0, 3.5, 0.0, 0.51, 0.0, 0.0, 0.0, 3.5, 0.0, 0.0, 0.0, 0.5, 0.0, 0.0, 0.0, 3.48, 0.0, 0.0, 0.0, 1.51, 0.0, 0.0, 3.48, 0.0, 0.0, 0.0, 1.5, 0.0, 0.0, 0.0, 0.0, 3.48, 0.0, 0.0, 0.5]
w_await
[302.75, 424.58, 256.59, 458.03, 472.53, 273.41, 533.8, 233.08, 238.96, 527.37, 229.86, 325.06, 501.35, 254.62, 432.3, 354.23, 245.02, 517.32, 562.06, 229.55, 539.36, 264.59, 230.45, 638.41, 241.44, 412.73, 279.23, 221.95, 467.35, 359.86, 229.4, 490.12, 507.27, 243.67, 554.03, 260.13, 392.17, 602.29, 263.32, 619.12, 272.72, 318.25, 721.39, 240.87, 505.97, 230.24, 256.59, 658.36, 252.31, 251.07, 654.16, 232.29]
