22 datos recogidos

cpu data:

user
[1.02, 1.02, 0.51, 0.0, 1.02, 0.51, 0.51, 0.51, 0.52, 0.0, 0.51, 0.51, 1.03, 0.0, 0.51, 0.0, 0.51, 0.52, 0.51, 0.52, 1.03, 0.51]
nice
[0.0, 0.0, 0.0, 0.0, 0.0, 0.0, 0.0, 0.0, 0.0, 0.0, 0.0, 0.0, 0.0, 0.0, 0.0, 0.52, 0.0, 0.0, 0.0, 0.0, 0.0, 0.0]
system
[49.49, 45.18, 48.48, 47.94, 47.72, 50.25, 44.9, 47.72, 50.0, 50.25, 46.94, 47.69, 47.18, 50.77, 50.77, 48.97, 53.33, 47.94, 48.21, 48.19, 49.23, 50.51]
iowait
[49.49, 53.81, 51.01, 52.06, 51.27, 49.24, 54.59, 51.78, 49.48, 49.75, 52.55, 51.79, 51.79, 49.23, 48.72, 50.52, 46.15, 51.55, 51.28, 51.3, 49.74, 48.98]
steal
[0.0, 0.0, 0.0, 0.0, 0.0, 0.0, 0.0, 0.0, 0.0, 0.0, 0.0, 0.0, 0.0, 0.0, 0.0, 0.0, 0.0, 0.0, 0.0, 0.0, 0.0, 0.0]
idle
[0.0, 0.0, 0.0, 0.0, 0.0, 0.0, 0.0, 0.0, 0.0, 0.0, 0.0, 0.0, 0.0, 0.0, 0.0, 0.0, 0.0, 0.0, 0.0, 0.0, 0.0, 0.0]

sdd data:

util
[84.29, 91.98, 89.09, 93.4, 88.73, 89.54, 92.04, 88.12, 92.58, 90.56, 91.84, 93.54, 92.51, 91.28, 88.21, 89.9, 91.9, 94.43, 92.1, 92.85, 88.41, 92.24]
r_await
[29.56, 35.75, 33.29, 34.25, 32.0, 30.82, 38.13, 33.16, 32.59, 32.12, 34.84, 34.25, 34.38, 31.62, 31.18, 34.12, 28.73, 33.75, 33.21, 31.75, 32.24, 31.53]
avgqusz
[34.13, 34.9, 37.62, 37.93, 31.58, 35.95, 37.29, 35.36, 36.66, 36.44, 37.96, 37.73, 37.63, 36.14, 35.51, 35.29, 38.56, 40.02, 36.31, 36.19, 34.57, 36.25]
await
[156.22, 170.87, 162.75, 167.47, 164.95, 161.87, 162.37, 175.8, 167.29, 161.32, 163.79, 165.1, 175.01, 167.5, 157.4, 157.72, 162.59, 170.89, 168.19, 159.74, 164.59, 164.49]
rMB
[0.01, 0.01, 0.01, 0.01, 0.01, 0.01, 0.01, 0.01, 0.01, 0.01, 0.01, 0.01, 0.01, 0.01, 0.01, 0.01, 0.01, 0.01, 0.01, 0.01, 0.01, 0.01]
svctm
[4.15, 4.21, 4.2, 4.21, 4.22, 3.96, 4.39, 4.29, 3.96, 4.02, 4.17, 4.23, 4.31, 4.06, 3.77, 3.99, 4.11, 4.2, 4.19, 4.08, 4.08, 3.99]
r
[18.37, 16.24, 15.66, 16.49, 16.24, 17.26, 15.31, 15.74, 17.53, 16.75, 15.82, 16.41, 16.41, 16.41, 17.44, 16.49, 16.92, 16.49, 16.92, 16.58, 16.92, 17.35]
wrqm
[46.43, 38.58, 50.51, 46.91, 50.25, 44.67, 40.82, 46.7, 43.81, 46.7, 35.71, 46.67, 45.13, 43.08, 43.08, 36.6, 48.21, 48.97, 45.64, 49.74, 46.67, 47.96]
w
[184.69, 202.03, 196.46, 205.15, 193.91, 209.14, 194.39, 189.85, 216.49, 208.63, 204.59, 204.62, 198.46, 208.21, 216.41, 208.76, 206.67, 208.25, 203.08, 210.88, 200.0, 213.78]
avgrqsz
[606.41, 612.53, 624.25, 601.73, 620.15, 615.73, 624.24, 614.87, 597.06, 615.83, 610.84, 612.32, 595.34, 608.91, 606.16, 623.73, 618.25, 596.44, 619.8, 613.52, 615.0, 607.46]
wMB
[60.12, 65.28, 64.65, 65.12, 63.63, 68.06, 63.91, 61.71, 68.22, 67.76, 65.73, 66.08, 62.45, 66.77, 69.2, 68.6, 67.49, 65.44, 66.57, 68.13, 65.13, 68.54]
rrqm
[0.0, 0.0, 0.0, 0.0, 0.0, 0.0, 0.0, 0.0, 0.0, 0.0, 0.0, 0.0, 0.0, 0.0, 0.0, 0.0, 0.0, 0.0, 0.0, 0.0, 0.0, 0.0]
w_await
[168.82, 181.73, 173.07, 178.18, 176.08, 172.69, 172.16, 187.63, 178.19, 171.69, 173.76, 175.6, 186.64, 178.21, 167.57, 167.49, 173.55, 181.75, 179.43, 169.8, 175.78, 175.28]
