82 datos recogidos

cpu data:

user
[38.0, 39.0, 36.5, 37.5, 32.34, 35.68, 33.5, 37.0, 32.5, 34.5, 40.3, 37.19, 34.5, 38.0, 35.0, 35.82, 28.0, 33.0, 33.5, 31.66, 38.19, 39.0, 35.82, 34.0, 34.0, 28.28, 2.07, 1.03, 2.04, 0.51, 1.02, 0.0, 0.0, 0.0, 0.0, 0.0, 0.0, 0.0, 35.5, 37.5, 34.0, 35.5, 35.82, 35.68, 35.68, 35.0, 38.0, 19.7, 1.02, 0.51, 8.08, 32.83, 39.3, 38.19, 35.0, 40.8, 39.7, 34.33, 37.37, 35.0, 37.81, 37.5, 41.0, 32.66, 40.8, 32.34, 37.19, 35.0, 36.5, 36.5, 33.17, 38.81, 36.5, 32.34, 37.19, 35.68, 36.18, 39.8, 35.18, 36.5, 38.5, 37.31]
nice
[0.0, 0.0, 0.0, 0.0, 0.0, 0.0, 0.0, 0.0, 0.0, 0.0, 0.0, 0.0, 0.0, 0.0, 0.0, 0.5, 0.0, 0.0, 0.0, 0.0, 0.0, 0.0, 0.0, 0.0, 0.0, 0.0, 0.0, 0.0, 0.0, 0.0, 0.0, 0.0, 0.0, 0.0, 0.0, 0.5, 0.0, 0.0, 0.0, 0.0, 0.0, 0.0, 0.0, 0.0, 0.0, 0.0, 0.0, 0.0, 0.0, 0.0, 0.0, 0.0, 0.0, 0.0, 0.0, 0.5, 0.0, 0.0, 0.0, 0.0, 0.0, 0.0, 0.0, 0.0, 0.0, 0.5, 0.0, 0.0, 0.0, 0.0, 0.0, 0.0, 0.0, 0.0, 0.0, 0.0, 0.0, 0.0, 0.0, 0.0, 0.0, 0.0]
system
[57.5, 60.0, 62.5, 61.5, 65.17, 64.32, 66.5, 63.0, 67.5, 65.5, 58.71, 62.81, 65.5, 62.0, 65.0, 63.68, 64.0, 67.0, 66.5, 47.74, 61.81, 61.0, 63.68, 66.0, 63.0, 47.47, 2.59, 2.58, 2.55, 2.55, 1.02, 0.0, 0.0, 0.0, 0.0, 0.0, 0.0, 1.01, 64.5, 62.5, 66.0, 64.5, 64.18, 61.81, 64.32, 59.0, 61.0, 31.31, 3.05, 2.04, 13.13, 66.16, 60.7, 61.81, 65.0, 58.71, 60.3, 65.67, 62.63, 61.0, 62.19, 62.5, 59.0, 67.34, 57.71, 58.71, 58.79, 65.0, 63.5, 63.5, 66.83, 61.19, 63.0, 67.66, 58.29, 64.32, 63.82, 60.2, 56.28, 63.5, 61.5, 62.69]
iowait
[4.5, 1.0, 1.0, 1.0, 2.49, 0.0, 0.0, 0.0, 0.0, 0.0, 1.0, 0.0, 0.0, 0.0, 0.0, 0.0, 8.0, 0.0, 0.0, 20.6, 0.0, 0.0, 0.5, 0.0, 3.0, 24.24, 95.34, 96.39, 95.41, 96.94, 97.96, 100.0, 100.0, 100.0, 100.0, 99.5, 100.0, 98.99, 0.0, 0.0, 0.0, 0.0, 0.0, 2.51, 0.0, 6.0, 1.0, 48.99, 95.94, 97.45, 78.79, 1.01, 0.0, 0.0, 0.0, 0.0, 0.0, 0.0, 0.0, 4.0, 0.0, 0.0, 0.0, 0.0, 1.49, 8.46, 4.02, 0.0, 0.0, 0.0, 0.0, 0.0, 0.5, 0.0, 4.52, 0.0, 0.0, 0.0, 8.54, 0.0, 0.0, 0.0]
steal
[0.0, 0.0, 0.0, 0.0, 0.0, 0.0, 0.0, 0.0, 0.0, 0.0, 0.0, 0.0, 0.0, 0.0, 0.0, 0.0, 0.0, 0.0, 0.0, 0.0, 0.0, 0.0, 0.0, 0.0, 0.0, 0.0, 0.0, 0.0, 0.0, 0.0, 0.0, 0.0, 0.0, 0.0, 0.0, 0.0, 0.0, 0.0, 0.0, 0.0, 0.0, 0.0, 0.0, 0.0, 0.0, 0.0, 0.0, 0.0, 0.0, 0.0, 0.0, 0.0, 0.0, 0.0, 0.0, 0.0, 0.0, 0.0, 0.0, 0.0, 0.0, 0.0, 0.0, 0.0, 0.0, 0.0, 0.0, 0.0, 0.0, 0.0, 0.0, 0.0, 0.0, 0.0, 0.0, 0.0, 0.0, 0.0, 0.0, 0.0, 0.0, 0.0]
idle
[0.0, 0.0, 0.0, 0.0, 0.0, 0.0, 0.0, 0.0, 0.0, 0.0, 0.0, 0.0, 0.0, 0.0, 0.0, 0.0, 0.0, 0.0, 0.0, 0.0, 0.0, 0.0, 0.0, 0.0, 0.0, 0.0, 0.0, 0.0, 0.0, 0.0, 0.0, 0.0, 0.0, 0.0, 0.0, 0.0, 0.0, 0.0, 0.0, 0.0, 0.0, 0.0, 0.0, 0.0, 0.0, 0.0, 0.0, 0.0, 0.0, 0.0, 0.0, 0.0, 0.0, 0.0, 0.0, 0.0, 0.0, 0.0, 0.0, 0.0, 0.0, 0.0, 0.0, 0.0, 0.0, 0.0, 0.0, 0.0, 0.0, 0.0, 0.0, 0.0, 0.0, 0.0, 0.0, 0.0, 0.0, 0.0, 0.0, 0.0, 0.0, 0.0]

sdb data:

util
[29.2, 69.0, 62.6, 84.4, 57.51, 74.97, 84.0, 57.6, 71.0, 68.8, 66.47, 89.45, 53.4, 71.6, 70.8, 71.64, 81.2, 62.2, 69.8, 96.68, 100.5, 76.0, 66.47, 69.8, 85.2, 71.11, 103.63, 103.09, 102.04, 102.04, 102.04, 101.52, 101.01, 100.5, 100.0, 100.5, 100.0, 100.5, 100.0, 70.2, 72.8, 69.2, 71.84, 91.26, 49.25, 66.8, 68.4, 94.34, 101.52, 102.04, 101.01, 101.01, 72.84, 72.16, 72.4, 85.57, 63.12, 72.44, 78.18, 89.2, 84.58, 70.2, 68.2, 98.09, 63.68, 80.2, 70.35, 84.6, 95.8, 75.6, 84.62, 99.5, 66.4, 88.36, 75.18, 81.41, 93.87, 75.82, 78.39, 75.8, 82.8, 81.0]
r_await
[8.44, 0.0, 0.0, 8.0, 0.0, 0.0, 0.0, 56.0, 0.0, 0.0, 16.0, 0.0, 0.0, 0.0, 120.0, 0.0, 0.0, 0.0, 0.0, 0.0, 76.0, 0.0, 0.0, 0.0, 64.0, 0.0, 0.0, 0.0, 0.0, 0.0, 0.0, 0.0, 0.0, 0.0, 0.0, 0.0, 0.0, 0.0, 40.0, 0.0, 0.0, 0.0, 84.0, 60.0, 0.0, 20.0, 0.0, 0.0, 0.0, 0.0, 6820.0, 18.0, 0.0, 20.0, 30.0, 0.0, 24.0, 0.0, 0.0, 80.0, 24.0, 0.0, 88.0, 0.0, 32.0, 0.0, 66.4, 0.0, 0.0, 0.0, 0.0, 0.0, 0.0, 0.0, 96.0, 0.0, 0.0, 0.0, 0.0, 0.0, 0.0, 0.0]
avgqusz
[34.36, 25.19, 19.01, 82.43, 20.31, 23.21, 84.81, 18.36, 44.03, 52.0, 21.52, 84.46, 17.5, 23.08, 68.83, 22.2, 67.04, 19.96, 21.81, 140.68, 144.73, 80.03, 47.97, 22.38, 84.42, 74.32, 164.77, 163.92, 162.14, 161.22, 161.22, 160.41, 159.6, 158.79, 158.0, 158.79, 158.0, 154.61, 143.55, 75.71, 48.06, 55.34, 22.25, 85.2, 15.84, 27.3, 61.01, 96.53, 144.85, 163.27, 155.95, 143.83, 74.16, 60.85, 21.17, 94.43, 21.93, 35.68, 79.76, 35.14, 84.6, 34.91, 20.28, 129.28, 21.8, 67.11, 41.62, 28.42, 119.32, 78.78, 56.22, 111.39, 21.99, 90.38, 62.35, 24.06, 131.2, 32.62, 50.35, 65.7, 25.18, 92.96]
await
[248.0, 314.62, 149.65, 332.2, 419.32, 138.12, 525.16, 136.11, 163.09, 543.3, 134.33, 367.94, 335.51, 175.57, 478.72, 154.75, 303.57, 327.04, 150.29, 1036.16, 917.69, 562.38, 606.69, 142.57, 499.48, 64.44, 0.0, 0.0, 7196.0, 0.0, 0.0, 0.0, 0.0, 0.0, 0.0, 0.0, 0.0, 24859.53, 3986.25, 755.38, 155.83, 596.77, 178.17, 479.22, 156.75, 135.73, 514.93, 251.44, 0.0, 0.0, 6876.23, 909.56, 634.22, 682.26, 167.71, 410.12, 423.64, 159.7, 693.32, 266.8, 315.71, 545.01, 160.46, 647.67, 366.83, 269.13, 632.71, 192.79, 422.8, 1111.65, 208.61, 839.58, 207.61, 387.88, 800.68, 191.96, 432.27, 821.17, 183.93, 733.25, 195.1, 335.42]
rMB
[0.03, 0.0, 0.0, 0.0, 0.0, 0.0, 0.0, 0.02, 0.0, 0.0, 0.0, 0.0, 0.0, 0.0, 0.02, 0.0, 0.0, 0.0, 0.0, 0.0, 0.02, 0.0, 0.0, 0.0, 0.0, 0.0, 0.0, 0.0, 0.0, 0.0, 0.0, 0.0, 0.0, 0.0, 0.0, 0.0, 0.0, 0.0, 0.02, 0.0, 0.0, 0.0, 0.04, 0.01, 0.0, 0.01, 0.0, 0.0, 0.0, 0.0, 0.03, 0.01, 0.0, 0.08, 0.02, 0.0, 0.0, 0.0, 0.0, 0.01, 0.02, 0.0, 0.03, 0.0, 0.01, 0.0, 0.1, 0.0, 0.0, 0.0, 0.0, 0.0, 0.0, 0.0, 0.01, 0.0, 0.0, 0.0, 0.02, 0.0, 0.0, 0.0]
svctm
[5.26, 4.86, 4.65, 4.91, 5.3, 4.91, 5.08, 4.61, 4.77, 5.12, 4.64, 5.16, 4.68, 4.99, 5.08, 4.78, 5.03, 5.5, 4.99, 12.83, 5.14, 5.22, 5.26, 4.88, 4.92, 52.15, 0.0, 0.0, 2000.0, 0.0, 0.0, 0.0, 0.0, 0.0, 0.0, 0.0, 0.0, 19.42, 4.98, 5.22, 4.79, 5.32, 5.25, 5.16, 4.85, 4.7, 5.32, 51.89, 0.0, 0.0, 14.18, 5.25, 5.76, 5.63, 5.01, 5.26, 5.58, 5.2, 5.67, 6.78, 5.15, 5.73, 5.11, 5.93, 5.69, 5.48, 6.19, 6.22, 6.01, 6.3, 5.83, 6.25, 5.93, 5.84, 6.5, 5.61, 5.95, 6.57, 5.59, 6.42, 5.73, 5.88]
r
[4.5, 0.0, 0.0, 0.5, 0.0, 0.0, 0.0, 0.5, 0.0, 0.0, 0.5, 0.0, 0.0, 0.0, 0.5, 0.0, 0.0, 0.0, 0.5, 0.0, 0.5, 0.0, 0.0, 0.0, 0.5, 0.0, 0.0, 0.0, 0.0, 0.0, 0.0, 0.0, 0.0, 0.0, 0.0, 0.0, 0.0, 0.0, 0.5, 0.5, 0.0, 0.5, 0.5, 0.5, 0.0, 0.5, 0.0, 0.0, 0.0, 0.0, 0.51, 1.01, 0.0, 1.01, 1.0, 0.0, 0.5, 0.0, 0.0, 0.5, 0.5, 0.0, 0.5, 0.0, 0.5, 0.0, 2.51, 0.0, 0.0, 0.0, 0.0, 0.0, 0.0, 0.0, 0.5, 0.0, 0.0, 0.0, 0.5, 0.0, 0.0, 0.0]
wrqm
[2975.0, 2971.5, 3966.0, 6485.5, 1972.64, 4982.41, 4703.5, 3966.0, 6445.5, 1962.5, 4932.84, 5523.12, 2975.0, 3963.5, 4954.5, 3945.27, 5746.0, 2974.5, 3964.5, 3941.71, 6360.3, 4124.0, 1740.8, 4956.5, 4598.0, 2872.73, 0.0, 0.0, 0.0, 0.0, 0.0, 0.0, 0.0, 0.0, 0.0, 0.0, 0.0, 1128.14, 6357.5, 1881.0, 6901.5, 1872.5, 3946.77, 5357.79, 3985.93, 5484.5, 2304.5, 2003.54, 526.4, 0.0, 2001.52, 5385.86, 4408.96, 1887.44, 3966.5, 5832.84, 2988.94, 5994.03, 1907.58, 4958.0, 5865.67, 1982.5, 3967.0, 5884.92, 2959.7, 6269.15, 1992.46, 3965.5, 6367.5, 1344.0, 6464.82, 2919.4, 3966.0, 6355.72, 1512.06, 3986.43, 6330.15, 1971.64, 6415.58, 1952.0, 3967.0, 6372.14]
w
[51.0, 142.0, 134.5, 171.5, 108.46, 152.76, 165.5, 124.5, 149.0, 134.5, 142.79, 173.37, 114.0, 143.5, 139.0, 149.75, 161.5, 113.0, 139.5, 75.38, 194.97, 145.5, 126.37, 143.0, 172.5, 13.64, 0.0, 0.0, 0.51, 0.0, 0.0, 0.0, 0.0, 0.0, 0.0, 0.0, 0.0, 51.76, 200.5, 134.0, 152.0, 129.5, 136.32, 176.38, 101.51, 141.5, 128.5, 18.18, 0.0, 0.0, 70.71, 191.41, 126.37, 127.14, 143.5, 162.69, 112.56, 139.3, 137.88, 131.0, 163.68, 122.5, 133.0, 165.33, 111.44, 146.27, 111.06, 136.0, 159.5, 120.0, 145.23, 159.2, 112.0, 151.24, 115.08, 145.23, 157.79, 115.42, 139.7, 118.0, 144.5, 137.81]
avgrqsz
[233.08, 247.41, 252.19, 251.33, 245.58, 252.63, 250.32, 252.26, 248.97, 250.26, 250.78, 253.22, 248.7, 247.97, 251.47, 250.05, 252.48, 246.34, 249.0, 253.65, 251.41, 248.52, 248.76, 250.63, 249.29, 246.81, 0.0, 0.0, 256.0, 0.0, 0.0, 0.0, 0.0, 0.0, 0.0, 0.0, 0.0, 252.35, 252.76, 249.96, 252.61, 248.4, 252.22, 250.0, 251.64, 253.38, 246.97, 255.33, 0.0, 0.0, 253.5, 253.84, 247.94, 248.22, 251.4, 253.55, 242.88, 253.89, 250.32, 251.25, 253.21, 247.05, 253.6, 251.04, 250.03, 254.07, 243.93, 251.09, 250.18, 247.93, 250.69, 251.72, 251.43, 254.74, 246.43, 251.76, 250.55, 249.45, 254.14, 245.69, 254.31, 250.97]
wMB
[6.28, 17.15, 16.56, 21.1, 13.01, 18.84, 20.23, 15.38, 18.11, 16.44, 17.54, 21.44, 13.84, 17.38, 17.11, 18.28, 19.91, 13.59, 17.02, 9.34, 23.98, 17.66, 15.35, 17.5, 21.05, 1.64, 0.0, 0.0, 0.06, 0.0, 0.0, 0.0, 0.0, 0.0, 0.0, 0.0, 0.0, 6.38, 24.79, 16.41, 18.75, 15.76, 16.81, 21.58, 12.47, 17.56, 15.5, 2.27, 0.0, 0.0, 8.78, 23.84, 15.3, 15.45, 17.71, 20.14, 13.4, 17.27, 16.85, 16.12, 20.28, 14.78, 16.5, 20.27, 13.66, 18.15, 13.42, 16.67, 19.48, 14.53, 17.78, 19.57, 13.75, 18.81, 13.9, 17.85, 19.3, 14.06, 17.38, 14.16, 17.94, 16.89]
rrqm
[4.0, 0.0, 0.0, 0.5, 0.0, 0.0, 0.0, 3.5, 0.0, 0.0, 0.5, 0.0, 0.0, 0.0, 3.5, 0.0, 0.0, 0.0, 0.5, 0.0, 3.52, 0.0, 0.0, 0.0, 0.5, 0.0, 0.0, 0.0, 0.0, 0.0, 0.0, 0.0, 0.0, 0.0, 0.0, 0.0, 0.0, 0.0, 3.5, 0.5, 0.0, 0.5, 10.45, 1.51, 0.0, 1.0, 0.0, 7.58, 0.0, 0.0, 0.0, 1.52, 0.0, 18.59, 5.0, 0.5, 0.0, 0.0, 0.0, 1.5, 3.48, 0.0, 7.5, 0.0, 1.49, 0.0, 23.62, 0.0, 0.0, 0.0, 0.0, 0.0, 0.0, 0.0, 1.51, 0.0, 0.0, 0.0, 3.52, 0.0, 0.0, 0.0]
w_await
[269.14, 314.62, 149.65, 333.14, 419.32, 138.12, 525.16, 136.43, 163.09, 543.3, 134.75, 367.94, 335.51, 175.57, 480.01, 154.75, 303.57, 327.04, 150.82, 1036.16, 919.86, 562.38, 606.69, 142.57, 500.74, 64.44, 0.0, 0.0, 7196.0, 0.0, 0.0, 0.0, 0.0, 0.0, 0.0, 0.0, 0.0, 24859.53, 3996.09, 758.19, 155.83, 599.07, 178.51, 480.41, 156.75, 136.14, 514.93, 251.44, 0.0, 0.0, 6876.63, 914.27, 634.22, 687.49, 168.67, 410.12, 425.43, 159.7, 693.32, 267.51, 316.6, 545.01, 160.74, 647.67, 368.32, 269.13, 645.52, 192.79, 422.8, 1111.65, 208.61, 839.58, 207.61, 387.88, 803.76, 191.96, 432.27, 821.17, 184.59, 733.25, 195.1, 335.42]
