15 datos recogidos

cpu data:

user
[28.14, 32.5, 36.36, 37.81, 36.68, 42.29, 33.0, 36.5, 40.7, 35.0, 39.11, 36.87, 39.0, 33.83, 35.0]
nice
[0.0, 0.0, 0.0, 0.0, 0.0, 0.0, 0.0, 0.0, 0.0, 0.0, 0.5, 0.0, 0.0, 0.0, 0.0]
system
[49.75, 67.5, 63.13, 55.72, 63.32, 57.71, 66.5, 63.5, 57.79, 65.0, 59.9, 62.12, 61.0, 66.17, 64.5]
iowait
[22.11, 0.0, 0.51, 6.47, 0.0, 0.0, 0.5, 0.0, 1.51, 0.0, 0.5, 1.01, 0.0, 0.0, 0.5]
steal
[0.0, 0.0, 0.0, 0.0, 0.0, 0.0, 0.0, 0.0, 0.0, 0.0, 0.0, 0.0, 0.0, 0.0, 0.0]
idle
[0.0, 0.0, 0.0, 0.0, 0.0, 0.0, 0.0, 0.0, 0.0, 0.0, 0.0, 0.0, 0.0, 0.0, 0.0]

sdd data:

util
[6.03, 65.2, 19.19, 18.71, 16.08, 17.31, 17.4, 18.4, 22.51, 12.0, 14.26, 18.79, 15.4, 18.71, 16.0]
r_await
[0.0, 0.0, 0.0, 0.0, 0.0, 0.0, 60.0, 0.0, 0.0, 0.0, 0.0, 0.0, 0.0, 0.0, 0.0]
avgqusz
[2.61, 11.14, 1.62, 4.06, 1.43, 1.54, 3.52, 1.59, 3.97, 1.09, 1.25, 3.78, 1.41, 1.64, 3.6]
await
[44.0, 362.19, 40.65, 90.76, 43.82, 38.0, 96.59, 39.85, 78.22, 44.49, 38.83, 86.98, 43.51, 40.69, 101.52]
rMB
[0.0, 0.0, 0.0, 0.01, 0.0, 0.0, 0.02, 0.0, 0.0, 0.0, 0.0, 0.0, 0.0, 0.02, 0.0]
svctm
[20.0, 17.39, 4.75, 4.18, 4.92, 4.58, 4.64, 4.6, 4.44, 4.9, 4.43, 4.33, 4.74, 4.64, 4.51]
r
[0.0, 0.0, 0.0, 0.5, 0.0, 0.0, 0.5, 0.0, 0.0, 0.0, 0.5, 0.0, 0.0, 0.5, 0.0]
wrqm
[3062.81, 3048.0, 4105.05, 5295.52, 4083.92, 5054.73, 4222.5, 5080.0, 6293.47, 3047.5, 4023.76, 5344.95, 4063.5, 5054.73, 4263.0]
w
[3.02, 37.5, 40.4, 44.28, 32.66, 37.81, 37.0, 40.0, 50.75, 24.5, 31.68, 43.43, 32.5, 39.8, 35.5]
avgrqsz
[854.67, 1023.89, 1024.0, 954.4, 1008.25, 1024.0, 963.73, 1024.0, 1000.0, 1003.1, 1008.49, 992.47, 1008.25, 1012.15, 968.68]
wMB
[1.26, 18.75, 20.2, 20.86, 16.08, 18.91, 17.63, 20.0, 24.78, 12.0, 15.84, 21.05, 16.0, 19.9, 16.79]
rrqm
[0.0, 0.0, 0.0, 1.49, 0.0, 0.0, 3.5, 0.0, 0.0, 0.0, 0.5, 0.0, 0.0, 3.48, 0.0]
w_await
[44.0, 362.19, 40.65, 91.78, 43.82, 38.0, 97.08, 39.85, 78.22, 44.49, 39.44, 86.98, 43.51, 41.2, 101.52]
