32 datos recogidos

cpu data:

user
[1.14, 0.0, 0.0, 0.0, 0.0, 0.0, 0.0, 0.0, 0.0, 0.0, 0.0, 0.0, 0.61, 0.0, 0.0, 0.0, 0.0, 0.0, 0.62, 0.0, 0.0, 0.0, 0.0, 0.0, 0.64, 0.0, 1.18, 0.0, 0.0, 0.0, 0.0, 0.55]
nice
[0.0, 0.0, 0.0, 0.57, 0.0, 0.0, 0.0, 0.0, 0.0, 0.0, 0.0, 0.0, 0.0, 0.0, 0.0, 0.0, 0.0, 0.0, 0.0, 0.0, 0.0, 0.0, 0.0, 0.0, 0.0, 0.0, 0.0, 0.0, 0.0, 0.0, 0.0, 0.0]
system
[25.57, 5.0, 13.02, 13.64, 6.83, 6.21, 10.71, 8.75, 5.36, 13.5, 8.07, 6.36, 14.72, 8.18, 5.71, 16.05, 6.88, 6.78, 16.88, 9.26, 10.17, 9.49, 6.25, 15.05, 8.33, 9.32, 10.06, 8.7, 7.6, 14.53, 8.7, 12.71]
iowait
[73.3, 95.0, 86.98, 85.8, 93.17, 93.79, 89.29, 91.25, 94.64, 86.5, 91.93, 93.64, 84.66, 91.82, 94.29, 83.95, 93.12, 93.22, 82.5, 90.74, 89.83, 90.51, 93.75, 84.95, 91.03, 90.68, 88.76, 91.3, 92.4, 85.47, 91.3, 86.74]
steal
[0.0, 0.0, 0.0, 0.0, 0.0, 0.0, 0.0, 0.0, 0.0, 0.0, 0.0, 0.0, 0.0, 0.0, 0.0, 0.0, 0.0, 0.0, 0.0, 0.0, 0.0, 0.0, 0.0, 0.0, 0.0, 0.0, 0.0, 0.0, 0.0, 0.0, 0.0, 0.0]
idle
[0.0, 0.0, 0.0, 0.0, 0.0, 0.0, 0.0, 0.0, 0.0, 0.0, 0.0, 0.0, 0.0, 0.0, 0.0, 0.0, 0.0, 0.0, 0.0, 0.0, 0.0, 0.0, 0.0, 0.0, 0.0, 0.0, 0.0, 0.0, 0.0, 0.0, 0.0, 0.0]

sde data:

util
[100.0, 125.0, 118.34, 113.64, 124.22, 124.22, 118.81, 125.0, 119.05, 122.45, 124.22, 115.61, 122.45, 125.79, 114.29, 123.21, 125.0, 112.77, 125.0, 123.46, 112.99, 126.58, 125.0, 107.31, 128.21, 124.22, 118.11, 124.47, 116.73, 116.51, 124.22, 110.5]
r_await
[0.0, 0.0, 0.0, 0.0, 68.0, 0.0, 0.0, 0.0, 0.0, 0.0, 0.0, 0.0, 0.0, 0.0, 0.0, 0.0, 0.0, 0.0, 0.0, 0.0, 0.0, 0.0, 0.0, 0.0, 0.0, 0.0, 0.0, 0.0, 0.0, 0.0, 0.0, 0.0]
avgqusz
[119.63, 158.51, 163.56, 138.57, 178.19, 177.96, 145.91, 179.19, 166.61, 150.08, 178.57, 155.35, 155.9, 180.42, 145.69, 166.08, 179.53, 135.08, 178.1, 177.15, 138.74, 182.71, 180.01, 130.45, 183.4, 178.53, 143.61, 179.93, 166.95, 141.53, 178.0, 131.42]
await
[451.93, 591.25, 562.04, 529.35, 581.03, 563.72, 669.21, 562.53, 542.57, 690.04, 561.99, 540.45, 686.54, 554.01, 538.26, 701.86, 544.27, 700.69, 536.44, 550.41, 687.87, 492.93, 750.47, 563.43, 612.22, 529.66, 603.24, 570.88, 814.98, 555.25, 584.21, 618.29]
rMB
[0.0, 0.0, 0.0, 0.0, 0.0, 0.0, 0.0, 0.0, 0.0, 0.0, 0.0, 0.0, 0.0, 0.0, 0.0, 0.0, 0.0, 0.0, 0.0, 0.0, 0.0, 0.0, 0.0, 0.0, 0.0, 0.0, 0.0, 0.0, 0.0, 0.0, 0.0, 0.0]
svctm
[4.42, 4.44, 4.49, 4.38, 4.5, 4.38, 4.39, 4.39, 4.32, 4.53, 4.37, 4.28, 4.56, 4.38, 4.27, 4.59, 4.37, 4.35, 4.48, 4.39, 4.61, 4.45, 4.51, 4.51, 4.42, 4.62, 4.47, 4.59, 4.45, 4.62, 4.38, 4.55]
r
[0.0, 0.0, 0.0, 0.0, 0.62, 0.0, 0.0, 0.0, 0.0, 0.0, 0.0, 0.0, 0.0, 0.0, 0.0, 0.0, 0.0, 0.0, 0.0, 0.0, 0.0, 0.0, 0.0, 0.0, 0.0, 0.0, 0.0, 0.0, 0.0, 0.0, 0.0, 0.0]
wrqm
[10.23, 5.0, 0.0, 5.11, 0.0, 0.0, 4.17, 0.0, 0.0, 4.29, 0.0, 0.0, 4.29, 0.0, 0.0, 4.94, 0.0, 3.95, 0.0, 0.0, 3.95, 0.0, 0.0, 3.76, 0.0, 0.0, 4.14, 0.0, 4.09, 0.0, 0.0, 3.87]
w
[226.14, 281.25, 263.31, 259.66, 275.16, 283.85, 270.83, 285.0, 275.6, 270.55, 284.47, 269.94, 268.71, 287.42, 267.43, 268.52, 286.25, 259.32, 278.75, 281.48, 245.2, 284.18, 276.88, 238.17, 289.74, 268.94, 264.5, 271.43, 262.57, 252.33, 283.85, 243.09]
avgrqsz
[236.42, 237.26, 234.14, 236.34, 236.05, 237.3, 235.78, 237.3, 237.34, 235.65, 237.69, 237.36, 235.62, 237.3, 237.37, 235.59, 237.69, 235.96, 237.11, 237.3, 235.0, 237.04, 234.56, 234.58, 236.14, 234.61, 235.51, 236.01, 235.58, 234.62, 235.36, 235.58]
wMB
[26.11, 32.58, 30.1, 29.96, 31.78, 32.89, 31.18, 33.02, 31.94, 31.13, 33.02, 31.29, 30.91, 33.3, 31.0, 30.89, 33.22, 29.88, 32.27, 32.61, 28.14, 32.89, 31.71, 27.28, 33.41, 30.81, 30.42, 31.28, 30.2, 28.91, 32.62, 27.96]
rrqm
[0.0, 0.0, 0.0, 0.0, 0.0, 0.0, 0.0, 0.0, 0.0, 0.0, 0.0, 0.0, 0.0, 0.0, 0.0, 0.0, 0.0, 0.0, 0.0, 0.0, 0.0, 0.0, 0.0, 0.0, 0.0, 0.0, 0.0, 0.0, 0.0, 0.0, 0.0, 0.0]
w_await
[451.93, 591.25, 562.04, 529.35, 582.19, 563.72, 669.21, 562.53, 542.57, 690.04, 561.99, 540.45, 686.54, 554.01, 538.26, 701.86, 544.27, 700.69, 536.44, 550.41, 687.87, 492.93, 750.47, 563.43, 612.22, 529.66, 603.24, 570.88, 814.98, 555.25, 584.21, 618.29]
