25 datos recogidos

cpu data:

user
[0.0, 0.62, 0.0, 0.0, 0.0, 0.61, 0.0, 0.0, 0.0, 0.62, 0.0, 0.0, 0.0, 0.0, 0.0, 0.0, 0.0, 0.0, 0.0, 0.0, 0.0, 0.0, 0.56, 0.0, 0.51]
nice
[0.0, 0.62, 0.0, 0.0, 0.0, 0.0, 0.0, 0.0, 0.0, 0.0, 0.0, 0.62, 0.0, 0.0, 0.0, 0.0, 0.0, 0.0, 0.0, 0.0, 0.0, 0.0, 0.0, 0.0, 0.0]
system
[25.45, 5.62, 7.45, 13.61, 11.11, 10.37, 7.45, 12.27, 10.98, 7.41, 8.75, 8.7, 9.88, 11.49, 10.61, 10.34, 9.04, 11.36, 11.17, 9.71, 10.23, 12.36, 12.29, 10.8, 5.08]
iowait
[74.55, 93.12, 92.55, 86.39, 88.89, 89.02, 92.55, 87.73, 89.02, 91.98, 91.25, 90.68, 90.12, 88.51, 89.39, 89.66, 90.96, 88.64, 88.83, 90.29, 89.77, 87.64, 87.15, 89.2, 94.42]
steal
[0.0, 0.0, 0.0, 0.0, 0.0, 0.0, 0.0, 0.0, 0.0, 0.0, 0.0, 0.0, 0.0, 0.0, 0.0, 0.0, 0.0, 0.0, 0.0, 0.0, 0.0, 0.0, 0.0, 0.0, 0.0]
idle
[0.0, 0.0, 0.0, 0.0, 0.0, 0.0, 0.0, 0.0, 0.0, 0.0, 0.0, 0.0, 0.0, 0.0, 0.0, 0.0, 0.0, 0.0, 0.0, 0.0, 0.0, 0.0, 0.0, 0.0, 0.0]

sde data:

util
[106.67, 125.0, 124.22, 118.34, 123.46, 121.95, 124.22, 122.7, 121.95, 123.46, 125.0, 124.22, 123.46, 114.94, 111.73, 114.94, 112.99, 113.64, 111.73, 114.29, 113.64, 112.36, 111.73, 113.64, 101.52]
r_await
[0.0, 0.0, 0.0, 0.0, 0.0, 0.0, 0.0, 0.0, 0.0, 0.0, 0.0, 0.0, 0.0, 48.44, 51.56, 34.55, 40.0, 50.55, 48.0, 24.0, 41.33, 54.0, 39.6, 29.6, 68.0]
avgqusz
[152.91, 179.47, 178.4, 170.73, 177.19, 174.85, 178.1, 175.65, 174.6, 177.28, 179.35, 178.35, 177.19, 166.54, 160.19, 164.61, 163.07, 163.46, 161.01, 164.51, 163.17, 161.16, 160.71, 162.75, 143.59]
await
[516.12, 506.36, 525.85, 662.8, 506.64, 600.9, 568.39, 528.05, 589.59, 544.52, 486.98, 635.03, 511.5, 667.28, 687.77, 677.09, 666.49, 677.73, 653.73, 658.72, 654.46, 632.24, 625.67, 615.78, 534.53]
rMB
[0.0, 0.0, 0.0, 0.0, 0.0, 0.0, 0.0, 0.0, 0.0, 0.0, 0.0, 0.0, 0.0, 0.0, 0.0, 0.0, 0.0, 0.0, 0.0, 0.0, 0.0, 0.0, 0.0, 0.0, 0.0]
svctm
[4.46, 3.64, 3.94, 4.21, 3.87, 3.89, 3.91, 3.8, 4.08, 3.78, 3.8, 3.91, 3.8, 4.45, 4.85, 4.66, 4.78, 4.42, 4.56, 4.63, 4.71, 4.21, 4.47, 4.2, 3.53]
r
[0.0, 0.0, 0.0, 0.0, 0.0, 0.0, 0.0, 0.0, 0.0, 0.0, 0.0, 0.0, 0.0, 5.17, 5.03, 6.32, 5.08, 6.25, 5.59, 5.71, 5.11, 5.62, 5.59, 5.68, 0.51]
wrqm
[24.24, 5.62, 6.21, 37.28, 7.41, 29.27, 7.45, 6.75, 6.1, 38.27, 9.38, 27.95, 5.56, 25.86, 9.5, 20.69, 6.21, 20.45, 8.94, 13.71, 10.8, 7.87, 22.91, 9.66, 6.09]
w
[239.39, 343.75, 315.53, 281.07, 319.14, 313.41, 317.39, 322.7, 298.78, 326.54, 329.38, 317.39, 324.69, 252.87, 225.14, 240.23, 231.07, 250.57, 239.66, 241.14, 236.36, 261.24, 244.13, 264.77, 287.31]
avgrqsz
[212.09, 194.36, 211.75, 209.36, 206.89, 193.6, 202.18, 203.19, 198.08, 202.89, 202.57, 194.93, 202.92, 189.35, 191.56, 191.79, 189.49, 189.8, 190.9, 186.29, 180.98, 177.34, 177.01, 173.84, 173.53]
wMB
[24.79, 32.62, 32.62, 28.73, 32.24, 29.63, 31.33, 32.02, 28.9, 32.35, 32.58, 30.21, 32.17, 23.86, 21.53, 23.09, 21.85, 23.8, 22.86, 22.45, 21.34, 23.1, 21.58, 22.95, 24.39]
rrqm
[0.0, 0.0, 0.0, 0.0, 0.0, 0.0, 0.0, 0.0, 0.0, 0.0, 0.0, 0.0, 0.0, 0.0, 0.0, 0.0, 0.0, 0.0, 0.0, 0.0, 0.0, 0.0, 0.0, 0.0, 0.0]
w_await
[516.12, 506.36, 525.85, 662.8, 506.64, 600.9, 568.39, 528.05, 589.59, 544.52, 486.98, 635.03, 511.5, 679.94, 701.98, 694.0, 680.27, 693.37, 667.85, 673.76, 667.72, 644.67, 639.08, 628.36, 535.36]
