203 datos recogidos

cpu data:

user
[0.0, 0.0, 0.0, 0.0, 0.0, 0.52, 0.0, 0.0, 0.0, 0.0, 0.0, 0.0, 0.0, 0.0, 0.0, 0.0, 0.0, 0.55, 0.0, 0.0, 0.0, 0.0, 0.53, 0.0, 0.0, 0.0, 0.51, 0.0, 0.0, 0.0, 0.0, 0.0, 0.0, 0.0, 0.0, 0.55, 0.0, 0.0, 0.0, 0.0, 0.53, 0.0, 0.0, 0.0, 0.0, 0.0, 0.0, 0.0, 0.0, 0.0, 0.0, 0.0, 0.0, 0.0, 0.0, 0.0, 0.0, 0.0, 0.0, 0.0, 0.0, 0.0, 0.0, 0.0, 0.0, 0.52, 0.0, 0.0, 0.0, 0.0, 0.0, 0.51, 0.0, 0.0, 0.53, 0.0, 0.5, 0.0, 0.0, 0.0, 0.0, 0.0, 0.0, 0.0, 0.0, 0.0, 0.0, 0.0, 0.0, 0.0, 0.0, 0.0, 0.0, 0.0, 0.0, 1.0, 0.0, 0.0, 0.0, 0.0, 0.0, 0.0, 0.0, 0.5, 0.0, 0.0, 0.0, 0.0, 0.0, 0.0, 0.0, 0.0, 0.0, 0.0, 0.0, 0.0, 0.0, 0.0, 0.0, 0.0, 0.0, 0.0, 0.0, 0.0, 0.0, 0.53, 0.5, 0.0, 0.0, 0.0, 0.53, 0.0, 0.0, 0.0, 0.0, 0.0, 0.0, 0.0, 0.0, 0.0, 0.0, 0.0, 0.0, 0.0, 0.0, 0.0, 0.0, 0.53, 0.54, 0.0, 0.0, 0.0, 0.0, 0.0, 0.0, 0.0, 0.0, 0.0, 0.0, 0.0, 0.0, 0.0, 0.0, 0.0, 0.0, 0.0, 0.0, 0.0, 0.0, 0.0, 0.0, 0.0, 0.0, 0.0, 0.0, 0.0, 0.0, 0.0, 0.0, 0.0, 0.0, 0.0, 0.0, 0.54, 0.0, 0.52, 0.0, 0.0, 0.0, 0.0, 0.0, 0.0, 0.52, 0.0, 0.0, 0.0, 0.0, 0.0, 0.0, 0.52, 0.0, 0.0, 0.0]
nice
[0.0, 0.0, 0.0, 0.0, 0.0, 0.0, 0.0, 0.0, 0.0, 0.0, 0.0, 0.0, 0.0, 0.0, 0.54, 0.0, 0.0, 0.0, 0.0, 0.0, 0.0, 0.0, 0.0, 0.0, 0.0, 0.0, 0.0, 0.0, 0.0, 0.0, 0.0, 0.0, 0.0, 0.0, 0.5, 0.0, 0.0, 0.0, 0.0, 0.0, 0.0, 0.0, 0.0, 0.0, 0.0, 0.0, 0.0, 0.0, 0.0, 0.0, 0.0, 0.0, 0.0, 0.0, 0.0, 0.0, 0.0, 0.0, 0.0, 0.0, 0.0, 0.0, 0.0, 0.0, 0.53, 0.0, 0.0, 0.0, 0.0, 0.0, 0.0, 0.0, 0.0, 0.0, 0.53, 0.0, 0.0, 0.0, 0.0, 0.0, 0.0, 0.0, 0.0, 0.0, 0.0, 0.0, 0.0, 0.0, 0.0, 0.0, 0.0, 0.0, 0.0, 0.0, 0.51, 0.0, 0.0, 0.0, 0.0, 0.0, 0.0, 0.0, 0.0, 0.0, 0.0, 0.0, 0.0, 0.0, 0.0, 0.0, 0.0, 0.0, 0.0, 0.0, 0.52, 0.0, 0.0, 0.0, 0.0, 0.0, 0.0, 0.0, 0.0, 0.0, 0.0, 0.0, 0.0, 0.0, 0.0, 0.0, 0.0, 0.0, 0.0, 0.0, 0.5, 0.0, 0.0, 0.0, 0.0, 0.0, 0.0, 0.0, 0.0, 0.0, 0.53, 0.0, 0.0, 0.0, 0.0, 0.0, 0.0, 0.0, 0.0, 0.0, 0.0, 0.0, 0.0, 0.0, 0.0, 0.0, 0.0, 0.0, 0.0, 0.0, 0.52, 0.0, 0.0, 0.0, 0.0, 0.0, 0.0, 0.0, 0.0, 0.0, 0.0, 0.0, 0.0, 0.0, 0.0, 0.0, 0.0, 0.0, 0.0, 0.0, 0.52, 0.0, 0.0, 0.0, 0.0, 0.0, 0.0, 0.0, 0.0, 0.0, 0.0, 0.0, 0.0, 0.0, 0.0, 0.0, 0.0, 0.0, 0.0]
system
[5.59, 1.06, 0.0, 1.51, 4.32, 3.09, 0.53, 0.53, 0.0, 3.76, 0.52, 5.1, 1.05, 2.03, 7.53, 1.05, 0.51, 3.83, 4.55, 4.57, 1.6, 0.0, 6.91, 0.52, 5.13, 1.06, 0.0, 5.79, 1.57, 0.51, 4.37, 1.01, 5.26, 0.0, 0.5, 3.28, 1.53, 4.15, 1.07, 0.0, 6.32, 0.0, 0.0, 6.95, 0.52, 3.61, 0.54, 0.0, 5.26, 2.01, 5.79, 3.12, 0.0, 6.7, 1.06, 0.0, 5.82, 0.0, 4.04, 1.61, 0.0, 5.21, 0.53, 0.0, 6.32, 0.52, 0.0, 7.45, 2.04, 4.19, 1.03, 6.06, 0.54, 1.01, 3.68, 0.53, 0.5, 5.85, 0.52, 0.5, 5.91, 0.0, 4.69, 0.52, 0.5, 4.81, 0.52, 3.54, 0.55, 0.0, 6.15, 0.0, 0.51, 6.91, 0.0, 1.5, 3.78, 0.0, 4.71, 0.0, 0.0, 4.84, 0.51, 3.5, 2.16, 0.0, 5.67, 1.04, 0.0, 3.78, 1.02, 3.11, 0.0, 0.51, 5.24, 0.52, 0.0, 4.79, 0.51, 0.0, 5.32, 0.0, 4.23, 0.0, 3.55, 1.07, 2.01, 6.15, 0.51, 0.0, 4.28, 0.0, 4.69, 0.52, 2.51, 4.19, 1.0, 5.7, 1.55, 1.01, 3.72, 0.0, 5.76, 1.07, 2.65, 0.54, 1.04, 5.29, 2.15, 2.12, 1.62, 0.53, 3.76, 0.53, 5.61, 7.07, 1.06, 2.67, 1.08, 0.0, 5.43, 1.08, 3.68, 1.61, 0.52, 6.38, 3.17, 2.65, 3.17, 1.56, 3.26, 1.08, 2.12, 2.14, 0.0, 5.88, 1.08, 1.06, 1.08, 1.55, 3.72, 2.11, 3.61, 2.7, 1.56, 5.21, 1.08, 0.51, 6.88, 6.38, 2.09, 1.08, 0.0, 3.74, 1.6, 2.09, 1.06, 4.06, 5.32, 4.66, 0.0, 6.42, 1.58]
iowait
[94.41, 98.94, 100.0, 98.49, 95.68, 96.39, 99.47, 99.47, 100.0, 96.24, 99.48, 94.9, 98.95, 97.97, 91.94, 98.95, 99.49, 95.63, 95.45, 95.43, 98.4, 100.0, 92.55, 99.48, 94.87, 98.94, 99.49, 94.21, 98.43, 99.49, 95.63, 98.99, 94.74, 100.0, 99.0, 96.17, 98.47, 95.85, 98.93, 100.0, 93.16, 100.0, 100.0, 93.05, 99.48, 96.39, 99.46, 100.0, 94.74, 97.99, 94.21, 96.88, 100.0, 93.3, 98.94, 100.0, 94.18, 100.0, 95.96, 98.39, 100.0, 94.79, 99.47, 100.0, 93.16, 98.97, 100.0, 92.55, 97.96, 95.81, 98.97, 93.43, 99.46, 98.99, 95.26, 99.47, 99.0, 94.15, 99.48, 99.5, 94.09, 100.0, 95.31, 99.48, 99.5, 95.19, 99.48, 96.46, 99.45, 100.0, 93.85, 100.0, 99.49, 93.09, 99.49, 97.5, 96.22, 100.0, 95.29, 100.0, 100.0, 95.16, 99.49, 96.0, 97.84, 100.0, 94.33, 98.96, 100.0, 96.22, 98.98, 96.89, 100.0, 99.49, 94.24, 99.48, 100.0, 95.21, 99.49, 100.0, 94.68, 100.0, 95.77, 100.0, 96.45, 98.4, 97.49, 93.85, 99.49, 100.0, 95.19, 100.0, 95.31, 99.48, 96.98, 95.81, 99.0, 94.3, 98.45, 98.99, 96.28, 100.0, 94.24, 98.93, 96.83, 99.46, 98.96, 94.18, 97.31, 97.88, 98.38, 99.47, 96.24, 99.47, 94.39, 92.93, 98.94, 97.33, 98.92, 100.0, 94.57, 98.92, 96.32, 98.39, 98.97, 93.62, 96.83, 97.35, 96.83, 98.44, 96.74, 98.92, 97.88, 97.86, 100.0, 94.12, 98.92, 98.94, 98.92, 98.45, 96.28, 97.89, 96.39, 96.76, 97.92, 94.27, 98.92, 99.49, 93.12, 93.62, 97.91, 98.92, 99.48, 96.26, 98.4, 97.91, 98.94, 95.94, 94.68, 94.82, 100.0, 93.58, 98.42]
steal
[0.0, 0.0, 0.0, 0.0, 0.0, 0.0, 0.0, 0.0, 0.0, 0.0, 0.0, 0.0, 0.0, 0.0, 0.0, 0.0, 0.0, 0.0, 0.0, 0.0, 0.0, 0.0, 0.0, 0.0, 0.0, 0.0, 0.0, 0.0, 0.0, 0.0, 0.0, 0.0, 0.0, 0.0, 0.0, 0.0, 0.0, 0.0, 0.0, 0.0, 0.0, 0.0, 0.0, 0.0, 0.0, 0.0, 0.0, 0.0, 0.0, 0.0, 0.0, 0.0, 0.0, 0.0, 0.0, 0.0, 0.0, 0.0, 0.0, 0.0, 0.0, 0.0, 0.0, 0.0, 0.0, 0.0, 0.0, 0.0, 0.0, 0.0, 0.0, 0.0, 0.0, 0.0, 0.0, 0.0, 0.0, 0.0, 0.0, 0.0, 0.0, 0.0, 0.0, 0.0, 0.0, 0.0, 0.0, 0.0, 0.0, 0.0, 0.0, 0.0, 0.0, 0.0, 0.0, 0.0, 0.0, 0.0, 0.0, 0.0, 0.0, 0.0, 0.0, 0.0, 0.0, 0.0, 0.0, 0.0, 0.0, 0.0, 0.0, 0.0, 0.0, 0.0, 0.0, 0.0, 0.0, 0.0, 0.0, 0.0, 0.0, 0.0, 0.0, 0.0, 0.0, 0.0, 0.0, 0.0, 0.0, 0.0, 0.0, 0.0, 0.0, 0.0, 0.0, 0.0, 0.0, 0.0, 0.0, 0.0, 0.0, 0.0, 0.0, 0.0, 0.0, 0.0, 0.0, 0.0, 0.0, 0.0, 0.0, 0.0, 0.0, 0.0, 0.0, 0.0, 0.0, 0.0, 0.0, 0.0, 0.0, 0.0, 0.0, 0.0, 0.0, 0.0, 0.0, 0.0, 0.0, 0.0, 0.0, 0.0, 0.0, 0.0, 0.0, 0.0, 0.0, 0.0, 0.0, 0.0, 0.0, 0.0, 0.0, 0.0, 0.0, 0.0, 0.0, 0.0, 0.0, 0.0, 0.0, 0.0, 0.0, 0.0, 0.0, 0.0, 0.0, 0.0, 0.0, 0.0, 0.0, 0.0, 0.0]
idle
[0.0, 0.0, 0.0, 0.0, 0.0, 0.0, 0.0, 0.0, 0.0, 0.0, 0.0, 0.0, 0.0, 0.0, 0.0, 0.0, 0.0, 0.0, 0.0, 0.0, 0.0, 0.0, 0.0, 0.0, 0.0, 0.0, 0.0, 0.0, 0.0, 0.0, 0.0, 0.0, 0.0, 0.0, 0.0, 0.0, 0.0, 0.0, 0.0, 0.0, 0.0, 0.0, 0.0, 0.0, 0.0, 0.0, 0.0, 0.0, 0.0, 0.0, 0.0, 0.0, 0.0, 0.0, 0.0, 0.0, 0.0, 0.0, 0.0, 0.0, 0.0, 0.0, 0.0, 0.0, 0.0, 0.0, 0.0, 0.0, 0.0, 0.0, 0.0, 0.0, 0.0, 0.0, 0.0, 0.0, 0.0, 0.0, 0.0, 0.0, 0.0, 0.0, 0.0, 0.0, 0.0, 0.0, 0.0, 0.0, 0.0, 0.0, 0.0, 0.0, 0.0, 0.0, 0.0, 0.0, 0.0, 0.0, 0.0, 0.0, 0.0, 0.0, 0.0, 0.0, 0.0, 0.0, 0.0, 0.0, 0.0, 0.0, 0.0, 0.0, 0.0, 0.0, 0.0, 0.0, 0.0, 0.0, 0.0, 0.0, 0.0, 0.0, 0.0, 0.0, 0.0, 0.0, 0.0, 0.0, 0.0, 0.0, 0.0, 0.0, 0.0, 0.0, 0.0, 0.0, 0.0, 0.0, 0.0, 0.0, 0.0, 0.0, 0.0, 0.0, 0.0, 0.0, 0.0, 0.0, 0.0, 0.0, 0.0, 0.0, 0.0, 0.0, 0.0, 0.0, 0.0, 0.0, 0.0, 0.0, 0.0, 0.0, 0.0, 0.0, 0.0, 0.0, 0.0, 0.0, 0.0, 0.0, 0.0, 0.0, 0.0, 0.0, 0.0, 0.0, 0.0, 0.0, 0.0, 0.0, 0.0, 0.0, 0.0, 0.0, 0.0, 0.0, 0.0, 0.0, 0.0, 0.0, 0.0, 0.0, 0.0, 0.0, 0.0, 0.0, 0.0, 0.0, 0.0, 0.0, 0.0, 0.0, 0.0]

sda data:

util
[108.16, 105.82, 104.17, 100.5, 108.11, 103.09, 105.82, 106.38, 101.52, 107.53, 104.17, 102.04, 104.71, 101.52, 107.53, 104.71, 101.01, 109.29, 101.01, 101.52, 106.38, 100.5, 106.38, 103.09, 102.77, 106.38, 101.01, 105.26, 104.71, 101.01, 125.68, 85.86, 105.26, 106.95, 100.0, 109.29, 102.04, 103.63, 106.95, 101.52, 105.26, 104.71, 100.5, 106.95, 103.63, 103.09, 107.53, 101.52, 171.79, 36.98, 120.0, 89.38, 102.04, 103.09, 106.38, 100.5, 105.82, 104.17, 101.01, 107.53, 101.52, 104.17, 105.82, 100.5, 105.26, 103.09, 101.01, 106.38, 102.04, 135.92, 71.79, 101.01, 108.7, 101.01, 105.26, 105.26, 99.7, 106.38, 103.63, 100.0, 107.53, 101.52, 104.17, 104.71, 100.5, 106.95, 103.63, 100.81, 158.9, 56.24, 102.36, 104.17, 101.01, 106.38, 102.56, 99.8, 108.11, 101.01, 104.71, 104.71, 100.5, 107.53, 101.52, 100.0, 108.11, 101.01, 103.09, 104.17, 101.01, 108.11, 101.52, 103.63, 106.95, 101.01, 104.29, 103.63, 100.5, 106.38, 101.52, 101.01, 106.38, 100.5, 105.82, 102.04, 101.52, 106.95, 100.5, 102.56, 102.56, 100.7, 106.74, 100.7, 104.17, 103.63, 100.5, 104.71, 100.0, 103.63, 103.09, 101.01, 106.38, 102.04, 104.71, 106.95, 105.82, 108.7, 103.63, 105.82, 107.53, 105.82, 108.11, 105.26, 107.53, 106.38, 102.04, 108.7, 105.82, 106.95, 107.53, 103.09, 108.7, 107.53, 105.26, 107.53, 103.09, 106.38, 105.82, 105.82, 105.82, 104.17, 108.7, 108.11, 105.82, 106.95, 105.26, 106.95, 107.53, 106.38, 108.11, 103.63, 137.45, 74.53, 103.09, 108.11, 104.17, 104.17, 108.11, 102.56, 105.82, 106.38, 104.71, 107.53, 104.71, 107.17, 106.95, 104.71, 132.98, 76.14, 127.66, 82.9, 102.56, 106.95, 105.26]
r_await
[9.6, 0.0, 0.0, 0.0, 0.0, 0.0, 0.0, 248.0, 0.0, 0.0, 0.0, 0.0, 0.0, 0.0, 0.0, 108.0, 0.0, 0.0, 0.0, 0.0, 0.0, 0.0, 0.0, 0.0, 280.0, 0.0, 0.0, 0.0, 0.0, 0.0, 0.0, 0.0, 0.0, 300.0, 0.0, 0.0, 0.0, 0.0, 0.0, 0.0, 0.0, 0.0, 0.0, 0.0, 0.0, 364.0, 0.0, 0.0, 0.0, 0.0, 0.0, 0.0, 0.0, 208.0, 0.0, 0.0, 0.0, 0.0, 0.0, 0.0, 0.0, 0.0, 0.0, 188.0, 0.0, 0.0, 0.0, 0.0, 0.0, 0.0, 0.0, 0.0, 0.0, 176.0, 0.0, 0.0, 0.0, 0.0, 0.0, 0.0, 0.0, 0.0, 380.0, 0.0, 0.0, 0.0, 0.0, 0.0, 0.0, 0.0, 0.0, 0.0, 0.0, 64.0, 0.0, 0.0, 0.0, 0.0, 0.0, 0.0, 0.0, 0.0, 0.0, 32.0, 0.0, 0.0, 0.0, 0.0, 0.0, 0.0, 0.0, 0.0, 0.0, 0.0, 0.0, 316.0, 0.0, 0.0, 0.0, 0.0, 0.0, 0.0, 0.0, 0.0, 0.0, 0.0, 0.0, 224.0, 0.0, 0.0, 0.0, 0.0, 0.0, 0.0, 0.0, 0.0, 0.0, 0.0, 0.0, 0.0, 508.0, 0.0, 236.0, 0.0, 0.0, 0.0, 0.0, 296.0, 0.0, 0.0, 0.0, 0.0, 0.0, 0.0, 72.0, 0.0, 0.0, 0.0, 0.0, 0.0, 220.0, 0.0, 0.0, 0.0, 0.0, 0.0, 0.0, 0.0, 104.0, 0.0, 0.0, 0.0, 0.0, 0.0, 56.0, 0.0, 0.0, 0.0, 0.0, 0.0, 0.0, 0.0, 0.0, 256.0, 0.0, 0.0, 0.0, 0.0, 0.0, 0.0, 344.0, 0.0, 0.0, 0.0, 0.0, 0.0, 0.0, 0.0, 308.0, 0.0, 0.0, 0.0, 0.0]
avgqusz
[137.47, 151.79, 142.84, 57.07, 123.65, 72.31, 150.88, 151.4, 95.77, 109.77, 142.92, 61.67, 143.11, 71.6, 133.77, 144.67, 53.99, 153.41, 116.4, 48.77, 151.6, 78.38, 122.14, 135.4, 60.94, 152.77, 114.05, 80.56, 148.03, 66.89, 160.05, 103.46, 69.24, 152.05, 84.41, 119.11, 132.24, 62.99, 152.99, 101.86, 95.78, 148.87, 73.65, 125.57, 133.66, 42.53, 153.75, 104.6, 172.56, 34.86, 92.43, 128.22, 126.06, 61.57, 152.64, 96.86, 95.73, 138.96, 53.8, 152.31, 117.16, 70.5, 152.04, 94.86, 91.81, 144.95, 65.17, 129.81, 114.62, 118.47, 86.42, 54.93, 154.19, 112.36, 77.82, 151.09, 93.01, 97.95, 140.9, 52.97, 146.23, 113.09, 64.99, 149.54, 82.76, 102.83, 138.86, 52.05, 223.84, 61.61, 56.72, 144.12, 72.8, 108.73, 135.63, 47.87, 151.77, 108.59, 71.35, 145.14, 66.72, 123.78, 132.64, 47.81, 150.44, 116.17, 61.73, 146.64, 73.67, 116.0, 121.7, 61.12, 153.03, 99.63, 74.01, 140.08, 67.64, 114.85, 127.7, 45.6, 142.94, 78.07, 95.06, 123.09, 47.48, 151.13, 95.13, 72.27, 129.62, 46.24, 145.3, 100.67, 67.87, 137.56, 58.16, 121.16, 106.4, 56.09, 139.53, 61.16, 97.24, 125.79, 104.58, 152.25, 148.97, 156.22, 126.16, 99.65, 154.34, 106.04, 154.87, 141.97, 116.65, 149.9, 99.69, 123.09, 146.42, 148.06, 154.25, 106.91, 130.08, 151.74, 96.89, 154.04, 120.97, 113.84, 151.26, 119.8, 151.75, 128.65, 146.24, 155.09, 117.34, 153.26, 131.22, 93.26, 155.11, 115.11, 154.48, 133.61, 127.43, 106.9, 100.52, 152.81, 143.74, 84.36, 154.34, 122.83, 92.21, 152.79, 106.98, 153.64, 139.41, 102.33, 152.76, 117.11, 187.17, 91.16, 127.46, 119.3, 111.13, 107.17, 149.44]
await
[812.2, 1803.84, 2455.33, 2947.32, 924.36, 1664.83, 1364.0, 2486.2, 2344.59, 1366.58, 2035.52, 2173.42, 1051.29, 2470.54, 910.84, 2113.87, 2664.18, 1005.96, 2222.09, 2952.1, 880.23, 2672.46, 976.55, 1836.77, 2675.75, 1165.52, 2224.74, 1975.26, 1299.14, 2785.86, 1154.65, 1499.02, 2873.24, 1216.98, 2390.71, 1614.99, 1773.39, 2624.8, 1183.41, 2544.14, 1462.48, 1672.11, 2890.41, 923.51, 2230.09, 2306.87, 948.99, 2436.55, 1495.54, 2064.1, 1799.07, 1187.09, 2992.74, 2166.78, 1305.87, 2223.43, 2027.96, 1304.23, 3377.67, 1010.55, 1900.38, 2806.38, 1098.57, 2847.16, 1802.53, 1879.31, 2909.48, 1008.71, 2016.93, 1989.93, 1047.52, 3125.94, 1041.64, 2110.52, 2446.77, 1415.13, 2436.04, 2131.1, 1799.81, 3013.03, 871.88, 2472.0, 2165.67, 1281.81, 2588.71, 1723.72, 1351.35, 3581.66, 1012.53, 2052.65, 3471.76, 1166.08, 2716.38, 1470.08, 1716.37, 3555.88, 1019.96, 2111.49, 2659.32, 1570.75, 2670.35, 1514.47, 1621.5, 3746.73, 771.62, 2575.29, 2651.91, 1244.61, 2936.9, 1265.14, 1922.64, 3051.31, 1176.5, 2918.37, 2059.44, 1701.16, 3217.32, 1578.41, 1875.77, 3816.74, 1063.67, 2349.1, 2065.43, 1917.15, 3453.48, 885.8, 2558.21, 2757.6, 1321.18, 3610.74, 732.48, 2568.18, 2765.16, 1344.36, 3374.48, 1316.19, 2486.57, 2580.51, 1278.8, 3102.9, 1169.4, 1914.21, 2194.15, 1221.68, 1831.24, 2516.03, 1937.18, 1490.4, 1221.45, 2356.69, 1174.32, 2130.09, 1635.86, 1495.84, 2043.0, 1158.67, 1244.97, 2527.52, 2014.63, 1806.79, 1325.8, 1435.15, 2028.33, 1518.48, 1892.11, 1524.12, 1602.38, 2079.23, 1161.02, 2020.59, 1942.76, 1630.39, 2314.94, 1241.16, 2219.47, 1216.64, 1388.17, 2255.43, 1444.55, 1823.44, 1566.6, 1354.46, 1916.8, 1761.56, 1896.23, 1979.76, 1343.32, 1863.51, 1511.71, 1297.61, 2519.02, 1397.84, 2031.51, 1909.71, 1378.21, 2303.01, 1479.49, 2354.24, 1293.99, 1389.14, 2425.23, 1232.75, 1648.94]
rMB
[0.01, 0.0, 0.0, 0.0, 0.0, 0.0, 0.0, 0.0, 0.0, 0.0, 0.0, 0.0, 0.0, 0.0, 0.0, 0.0, 0.0, 0.0, 0.0, 0.0, 0.0, 0.0, 0.0, 0.0, 0.0, 0.0, 0.0, 0.0, 0.0, 0.0, 0.0, 0.0, 0.0, 0.0, 0.0, 0.0, 0.0, 0.0, 0.0, 0.0, 0.0, 0.0, 0.0, 0.0, 0.0, 0.0, 0.0, 0.0, 0.0, 0.0, 0.0, 0.0, 0.0, 0.0, 0.0, 0.0, 0.0, 0.0, 0.0, 0.0, 0.0, 0.0, 0.0, 0.0, 0.0, 0.0, 0.0, 0.0, 0.0, 0.0, 0.0, 0.0, 0.0, 0.0, 0.0, 0.0, 0.0, 0.0, 0.0, 0.0, 0.0, 0.0, 0.0, 0.0, 0.0, 0.0, 0.0, 0.0, 0.0, 0.0, 0.0, 0.0, 0.0, 0.0, 0.0, 0.0, 0.0, 0.0, 0.0, 0.0, 0.0, 0.0, 0.0, 0.0, 0.0, 0.0, 0.0, 0.0, 0.0, 0.0, 0.0, 0.0, 0.0, 0.0, 0.0, 0.0, 0.0, 0.0, 0.0, 0.0, 0.0, 0.0, 0.0, 0.0, 0.0, 0.0, 0.0, 0.0, 0.0, 0.0, 0.0, 0.0, 0.0, 0.0, 0.0, 0.0, 0.0, 0.0, 0.0, 0.0, 0.0, 0.0, 0.0, 0.0, 0.0, 0.0, 0.0, 0.0, 0.0, 0.0, 0.0, 0.0, 0.0, 0.0, 0.0, 0.0, 0.0, 0.0, 0.0, 0.0, 0.0, 0.0, 0.0, 0.0, 0.0, 0.0, 0.0, 0.0, 0.0, 0.0, 0.0, 0.0, 0.0, 0.0, 0.0, 0.0, 0.0, 0.0, 0.0, 0.0, 0.0, 0.0, 0.0, 0.0, 0.0, 0.0, 0.0, 0.0, 0.0, 0.0, 0.0, 0.0, 0.0, 0.0, 0.0, 0.0, 0.0, 0.0, 0.0, 0.0, 0.0, 0.0, 0.0]
svctm
[15.74, 15.87, 18.69, 17.86, 17.86, 18.02, 16.13, 16.67, 17.24, 16.95, 16.13, 16.95, 16.81, 16.95, 16.53, 16.67, 18.02, 18.87, 18.35, 25.0, 16.67, 17.54, 17.24, 17.54, 17.89, 17.24, 17.7, 17.7, 17.24, 17.86, 18.11, 17.35, 18.18, 18.18, 17.39, 18.02, 17.86, 18.18, 17.39, 17.7, 17.7, 17.7, 17.7, 17.54, 17.39, 18.87, 17.7, 18.35, 17.84, 17.52, 17.67, 18.65, 17.7, 19.61, 18.69, 18.87, 19.05, 18.87, 19.42, 19.05, 19.05, 20.2, 18.87, 19.05, 18.87, 19.23, 19.42, 19.61, 18.69, 19.23, 18.67, 19.42, 19.05, 19.42, 19.23, 18.87, 19.09, 19.61, 18.87, 19.05, 19.42, 19.8, 20.41, 18.87, 19.61, 19.8, 19.23, 19.76, 19.28, 20.15, 20.37, 20.83, 20.83, 20.41, 20.41, 20.79, 21.05, 21.05, 21.28, 20.2, 20.62, 21.28, 20.83, 20.41, 20.83, 20.83, 21.51, 20.41, 20.41, 21.05, 21.28, 20.41, 20.83, 20.41, 23.16, 24.1, 22.73, 22.73, 22.99, 22.99, 23.26, 22.99, 23.81, 22.99, 23.81, 22.47, 22.99, 23.53, 22.73, 22.52, 24.05, 23.03, 23.26, 22.73, 22.99, 23.53, 22.99, 23.26, 22.99, 21.98, 24.1, 17.54, 18.87, 13.51, 14.08, 13.33, 13.42, 14.29, 13.16, 13.89, 13.79, 13.42, 14.29, 13.42, 13.89, 13.89, 13.79, 14.18, 13.7, 13.16, 14.08, 13.33, 13.89, 13.79, 13.7, 14.49, 13.51, 13.7, 13.42, 13.42, 14.08, 13.42, 13.99, 13.79, 13.33, 13.99, 13.89, 14.18, 13.79, 13.89, 14.85, 14.3, 14.29, 14.18, 14.39, 14.71, 14.08, 14.29, 14.6, 14.39, 15.38, 14.39, 14.29, 15.07, 13.79, 14.49, 14.37, 14.02, 14.2, 14.29, 14.6, 14.93, 14.18]
r
[2.79, 0.0, 0.0, 0.0, 0.0, 0.0, 0.0, 0.53, 0.0, 0.0, 0.0, 0.0, 0.0, 0.0, 0.0, 0.52, 0.0, 0.0, 0.0, 0.0, 0.0, 0.0, 0.0, 0.0, 0.51, 0.0, 0.0, 0.0, 0.0, 0.0, 0.0, 0.0, 0.0, 0.53, 0.0, 0.0, 0.0, 0.0, 0.0, 0.0, 0.0, 0.0, 0.0, 0.0, 0.0, 0.52, 0.0, 0.0, 0.0, 0.0, 0.0, 0.0, 0.0, 0.52, 0.0, 0.0, 0.0, 0.0, 0.0, 0.0, 0.0, 0.0, 0.0, 0.5, 0.0, 0.0, 0.0, 0.0, 0.0, 0.0, 0.0, 0.0, 0.0, 0.51, 0.0, 0.0, 0.0, 0.0, 0.0, 0.0, 0.0, 0.0, 0.52, 0.0, 0.0, 0.0, 0.0, 0.0, 0.0, 0.0, 0.0, 0.0, 0.0, 0.53, 0.0, 0.0, 0.0, 0.0, 0.0, 0.0, 0.0, 0.0, 0.0, 0.5, 0.0, 0.0, 0.0, 0.0, 0.0, 0.0, 0.0, 0.0, 0.0, 0.0, 0.0, 0.52, 0.0, 0.0, 0.0, 0.0, 0.0, 0.0, 0.0, 0.0, 0.0, 0.0, 0.0, 0.51, 0.0, 0.0, 0.0, 0.0, 0.0, 0.0, 0.0, 0.0, 0.0, 0.0, 0.0, 0.0, 0.53, 0.0, 0.52, 0.0, 0.0, 0.0, 0.0, 0.53, 0.0, 0.0, 0.0, 0.0, 0.0, 0.0, 0.51, 0.0, 0.0, 0.0, 0.0, 0.0, 0.54, 0.0, 0.0, 0.0, 0.0, 0.0, 0.0, 0.0, 0.53, 0.0, 0.0, 0.0, 0.0, 0.0, 0.53, 0.0, 0.0, 0.0, 0.0, 0.0, 0.0, 0.0, 0.0, 0.54, 0.0, 0.0, 0.0, 0.0, 0.0, 0.0, 0.52, 0.0, 0.0, 0.0, 0.0, 0.0, 0.0, 0.0, 0.53, 0.0, 0.0, 0.0, 0.0]
wrqm
[3.91, 0.0, 5.21, 0.5, 1.08, 5.67, 0.0, 0.0, 4.57, 4.3, 4.69, 4.08, 0.52, 6.09, 4.84, 4.71, 0.0, 2.19, 4.55, 4.06, 4.79, 0.0, 6.38, 4.12, 5.13, 0.0, 4.55, 5.79, 4.71, 0.0, 3.28, 4.04, 2.11, 0.0, 4.5, 2.73, 4.59, 6.22, 0.0, 4.06, 4.74, 4.19, 0.0, 6.42, 4.15, 0.0, 0.0, 4.57, 4.21, 6.53, 6.84, 0.0, 4.08, 5.15, 0.0, 4.52, 4.76, 4.69, 3.54, 0.0, 4.06, 4.17, 0.0, 4.02, 4.74, 4.64, 0.0, 4.26, 4.59, 1.57, 4.62, 3.03, 0.54, 4.55, 1.58, 0.0, 4.48, 5.85, 4.15, 0.0, 4.3, 4.06, 3.65, 0.0, 4.52, 5.88, 4.66, 4.55, 4.4, 0.0, 6.15, 4.17, 0.0, 2.13, 4.62, 2.0, 1.08, 4.55, 3.14, 4.19, 0.0, 2.69, 4.06, 1.5, 0.54, 4.55, 6.19, 4.69, 0.0, 3.78, 4.06, 2.07, 0.0, 4.04, 7.85, 4.66, 0.0, 3.72, 4.57, 0.0, 10.64, 0.0, 3.7, 4.08, 3.55, 0.0, 4.02, 4.1, 4.62, 0.0, 1.6, 4.52, 4.17, 4.66, 0.0, 4.71, 4.0, 3.63, 4.12, 0.0, 0.53, 4.59, 5.24, 4.81, 1.59, 0.0, 4.15, 3.7, 0.0, 6.35, 0.0, 4.74, 2.15, 0.0, 6.63, 4.89, 4.76, 2.14, 0.0, 4.12, 3.26, 4.84, 3.16, 0.0, 4.64, 7.98, 0.0, 4.76, 0.0, 4.69, 2.72, 0.0, 7.94, 0.0, 4.21, 4.28, 0.0, 5.85, 0.0, 4.15, 1.6, 0.0, 7.22, 2.16, 4.69, 3.65, 0.0, 4.1, 6.88, 0.0, 4.71, 0.0, 4.71, 2.67, 0.0, 7.33, 1.06, 5.08, 2.66, 0.0, 4.62, 2.14, 4.21]
w
[65.92, 66.67, 55.73, 56.28, 60.54, 57.22, 65.61, 63.3, 58.88, 63.44, 64.58, 60.2, 62.3, 59.9, 65.05, 62.3, 56.06, 57.92, 55.05, 40.61, 63.83, 57.29, 61.7, 58.76, 56.92, 61.7, 57.07, 59.47, 60.73, 56.57, 69.4, 49.49, 57.89, 58.29, 57.5, 60.66, 57.14, 56.99, 61.5, 57.36, 59.47, 59.16, 56.78, 60.96, 59.59, 54.12, 60.75, 55.33, 96.32, 21.11, 67.89, 47.92, 57.65, 52.06, 56.91, 53.27, 55.56, 55.21, 52.02, 56.45, 53.3, 51.56, 56.08, 52.26, 55.79, 53.61, 52.02, 54.26, 54.59, 70.68, 38.46, 52.02, 57.07, 51.52, 54.74, 55.79, 52.24, 54.26, 54.92, 52.5, 55.38, 51.27, 50.52, 55.5, 51.26, 54.01, 53.89, 51.01, 82.42, 27.92, 50.26, 50.0, 48.48, 51.6, 50.26, 48.0, 51.35, 47.98, 49.21, 51.83, 48.74, 50.54, 48.73, 48.5, 51.89, 48.48, 47.94, 51.04, 49.49, 51.35, 47.72, 50.78, 51.34, 49.49, 45.03, 42.49, 44.22, 46.81, 44.16, 43.94, 45.74, 43.72, 44.44, 44.39, 42.64, 47.59, 43.72, 43.08, 45.13, 44.72, 44.39, 43.72, 44.79, 45.6, 43.72, 44.5, 43.5, 44.56, 44.85, 45.96, 43.62, 58.16, 54.97, 79.14, 75.13, 81.52, 77.2, 73.54, 81.72, 76.19, 78.38, 78.42, 75.27, 79.26, 72.96, 78.26, 76.72, 75.4, 78.49, 78.35, 76.63, 80.65, 75.79, 77.96, 75.26, 73.4, 78.31, 77.25, 78.31, 77.6, 77.17, 80.54, 75.66, 77.54, 78.42, 76.47, 77.42, 75.0, 78.38, 74.61, 92.55, 52.11, 72.16, 75.68, 72.4, 70.83, 76.76, 71.79, 72.49, 73.94, 67.54, 74.73, 73.3, 71.12, 77.54, 72.25, 92.55, 54.31, 89.36, 58.03, 70.26, 71.66, 74.21]
avgrqsz
[239.67, 253.97, 256.0, 253.21, 250.5, 241.87, 251.1, 252.87, 249.45, 250.71, 254.39, 248.2, 252.57, 248.34, 240.0, 250.27, 249.08, 252.3, 253.28, 249.8, 254.87, 251.09, 244.48, 254.39, 243.14, 248.76, 253.1, 245.45, 251.24, 253.07, 251.21, 250.29, 246.84, 245.75, 250.71, 252.18, 252.43, 248.8, 253.77, 255.36, 244.46, 255.36, 256.0, 241.61, 250.92, 247.25, 253.66, 253.65, 250.27, 250.1, 238.95, 239.65, 250.62, 248.94, 252.86, 252.45, 244.11, 250.49, 247.61, 256.0, 249.98, 247.76, 253.58, 248.23, 242.87, 253.46, 256.0, 249.8, 250.32, 242.13, 245.55, 239.77, 253.26, 245.59, 247.54, 252.91, 252.95, 247.45, 252.98, 249.68, 241.24, 254.89, 245.31, 250.11, 252.86, 247.68, 250.46, 250.69, 250.88, 250.18, 247.1, 256.0, 248.75, 234.2, 254.2, 245.58, 244.55, 253.22, 248.17, 250.1, 251.46, 247.49, 251.83, 245.31, 255.17, 256.0, 242.84, 249.71, 252.98, 246.48, 252.26, 238.69, 250.92, 252.65, 243.35, 252.05, 254.27, 241.36, 252.97, 255.72, 243.81, 248.55, 244.76, 256.0, 249.52, 247.28, 249.84, 240.66, 250.36, 244.31, 250.89, 253.06, 248.09, 253.18, 251.49, 245.18, 249.93, 234.98, 253.06, 249.93, 236.72, 252.42, 247.85, 249.95, 251.27, 250.88, 254.17, 245.83, 252.53, 248.67, 250.65, 253.48, 247.43, 256.0, 245.89, 246.83, 254.79, 246.87, 250.03, 250.47, 245.8, 252.37, 248.06, 250.65, 251.56, 248.0, 250.49, 247.67, 248.54, 253.74, 241.13, 254.39, 245.31, 254.79, 248.48, 247.89, 248.5, 249.19, 254.79, 251.94, 245.38, 253.25, 246.97, 246.7, 250.47, 246.29, 250.25, 252.97, 243.91, 251.11, 247.2, 248.23, 253.26, 247.76, 250.04, 246.84, 251.4, 249.27, 237.49, 252.14, 250.28, 245.19, 251.91]
wMB
[8.03, 8.27, 6.97, 6.96, 7.4, 6.76, 8.04, 7.88, 7.17, 7.77, 8.02, 7.3, 7.68, 7.26, 7.62, 7.68, 6.82, 7.14, 6.81, 4.95, 7.94, 7.02, 7.37, 7.3, 6.82, 7.49, 7.05, 7.13, 7.45, 6.99, 8.51, 6.05, 6.98, 7.06, 7.04, 7.47, 7.04, 6.92, 7.62, 7.15, 7.1, 7.38, 7.1, 7.19, 7.3, 6.59, 7.52, 6.85, 11.77, 2.58, 7.92, 5.61, 7.06, 6.39, 7.03, 6.57, 6.62, 6.75, 6.29, 7.06, 6.51, 6.24, 6.94, 6.39, 6.62, 6.63, 6.5, 6.62, 6.67, 8.36, 4.61, 6.09, 7.06, 6.24, 6.62, 6.89, 6.45, 6.56, 6.78, 6.4, 6.52, 6.38, 6.11, 6.78, 6.33, 6.53, 6.59, 6.24, 10.1, 3.41, 6.06, 6.25, 5.89, 5.96, 6.24, 5.76, 6.13, 5.93, 5.96, 6.33, 5.99, 6.11, 5.99, 5.87, 6.47, 6.06, 5.68, 6.22, 6.11, 6.18, 5.88, 5.92, 6.29, 6.11, 5.35, 5.29, 5.49, 5.52, 5.45, 5.49, 5.45, 5.31, 5.31, 5.55, 5.2, 5.75, 5.33, 5.12, 5.52, 5.34, 5.44, 5.4, 5.43, 5.64, 5.37, 5.33, 5.31, 5.11, 5.54, 5.61, 5.1, 7.17, 6.71, 9.66, 9.22, 9.99, 9.58, 8.89, 10.08, 9.25, 9.59, 9.71, 9.09, 9.91, 8.82, 9.43, 9.54, 9.09, 9.58, 9.58, 9.26, 9.94, 9.18, 9.54, 9.24, 8.89, 9.58, 9.34, 9.57, 9.62, 9.09, 10.0, 9.06, 9.65, 9.58, 9.26, 9.39, 9.13, 9.75, 9.18, 11.09, 6.44, 8.7, 9.18, 8.85, 8.52, 9.38, 8.87, 8.63, 9.07, 8.21, 9.06, 9.06, 8.6, 9.47, 8.71, 11.36, 6.61, 10.42, 7.14, 8.59, 8.58, 9.13]
rrqm
[0.0, 0.0, 0.0, 0.0, 0.0, 0.0, 0.0, 0.0, 0.0, 0.0, 0.0, 0.0, 0.0, 0.0, 0.0, 0.0, 0.0, 0.0, 0.0, 0.0, 0.0, 0.0, 0.0, 0.0, 0.0, 0.0, 0.0, 0.0, 0.0, 0.0, 0.0, 0.0, 0.0, 0.0, 0.0, 0.0, 0.0, 0.0, 0.0, 0.0, 0.0, 0.0, 0.0, 0.0, 0.0, 0.0, 0.0, 0.0, 0.0, 0.0, 0.0, 0.0, 0.0, 0.0, 0.0, 0.0, 0.0, 0.0, 0.0, 0.0, 0.0, 0.0, 0.0, 0.0, 0.0, 0.0, 0.0, 0.0, 0.0, 0.0, 0.0, 0.0, 0.0, 0.0, 0.0, 0.0, 0.0, 0.0, 0.0, 0.0, 0.0, 0.0, 0.0, 0.0, 0.0, 0.0, 0.0, 0.0, 0.0, 0.0, 0.0, 0.0, 0.0, 0.0, 0.0, 0.0, 0.0, 0.0, 0.0, 0.0, 0.0, 0.0, 0.0, 0.0, 0.0, 0.0, 0.0, 0.0, 0.0, 0.0, 0.0, 0.0, 0.0, 0.0, 0.0, 0.0, 0.0, 0.0, 0.0, 0.0, 0.0, 0.0, 0.0, 0.0, 0.0, 0.0, 0.0, 0.0, 0.0, 0.0, 0.0, 0.0, 0.0, 0.0, 0.0, 0.0, 0.0, 0.0, 0.0, 0.0, 0.0, 0.0, 0.0, 0.0, 0.0, 0.0, 0.0, 0.0, 0.0, 0.0, 0.0, 0.0, 0.0, 0.0, 0.0, 0.0, 0.0, 0.0, 0.0, 0.0, 0.0, 0.0, 0.0, 0.0, 0.0, 0.0, 0.0, 0.0, 0.0, 0.0, 0.0, 0.0, 0.0, 0.0, 0.0, 0.0, 0.0, 0.0, 0.0, 0.0, 0.0, 0.0, 0.0, 0.0, 0.0, 0.0, 0.0, 0.0, 0.0, 0.0, 0.0, 0.0, 0.0, 0.0, 0.0, 0.0, 0.0, 0.0, 0.0, 0.0, 0.0, 0.0, 0.0]
w_await
[846.2, 1803.84, 2455.33, 2947.32, 924.36, 1664.83, 1364.0, 2505.01, 2344.59, 1366.58, 2035.52, 2173.42, 1051.29, 2470.54, 910.84, 2130.72, 2664.18, 1005.96, 2222.09, 2952.1, 880.23, 2672.46, 976.55, 1836.77, 2697.33, 1165.52, 2224.74, 1975.26, 1299.14, 2785.86, 1154.65, 1499.02, 2873.24, 1225.39, 2390.71, 1614.99, 1773.39, 2624.8, 1183.41, 2544.14, 1462.48, 1672.11, 2890.41, 923.51, 2230.09, 2325.37, 948.99, 2436.55, 1495.54, 2064.1, 1799.07, 1187.09, 2992.74, 2186.18, 1305.87, 2223.43, 2027.96, 1304.23, 3377.67, 1010.55, 1900.38, 2806.38, 1098.57, 2872.73, 1802.53, 1879.31, 2909.48, 1008.71, 2016.93, 1989.93, 1047.52, 3125.94, 1041.64, 2129.49, 2446.77, 1415.13, 2436.04, 2131.1, 1799.81, 3013.03, 871.88, 2472.0, 2184.08, 1281.81, 2588.71, 1723.72, 1351.35, 3581.66, 1012.53, 2052.65, 3471.76, 1166.08, 2716.38, 1484.58, 1716.37, 3555.88, 1019.96, 2111.49, 2659.32, 1570.75, 2670.35, 1514.47, 1621.5, 3785.03, 771.62, 2575.29, 2651.91, 1244.61, 2936.9, 1265.14, 1922.64, 3051.31, 1176.5, 2918.37, 2059.44, 1718.05, 3217.32, 1578.41, 1875.77, 3816.74, 1063.67, 2349.1, 2065.43, 1917.15, 3453.48, 885.8, 2558.21, 2787.76, 1321.18, 3610.74, 732.48, 2568.18, 2765.16, 1344.36, 3374.48, 1316.19, 2486.57, 2580.51, 1278.8, 3102.9, 1177.46, 1914.21, 2212.8, 1221.68, 1831.24, 2516.03, 1937.18, 1498.99, 1221.45, 2356.69, 1174.32, 2130.09, 1635.86, 1495.84, 2056.78, 1158.67, 1244.97, 2527.52, 2014.63, 1806.79, 1333.65, 1435.15, 2028.33, 1518.48, 1892.11, 1524.12, 1602.38, 2079.23, 1168.16, 2020.59, 1942.76, 1630.39, 2314.94, 1241.16, 2233.99, 1216.64, 1388.17, 2255.43, 1444.55, 1823.44, 1566.6, 1354.46, 1916.8, 1772.31, 1896.23, 1979.76, 1343.32, 1863.51, 1511.71, 1297.61, 2535.88, 1397.84, 2031.51, 1909.71, 1378.21, 2303.01, 1479.49, 2354.24, 1299.86, 1389.14, 2425.23, 1232.75, 1648.94]
