57 datos recogidos

cpu data:

user
[1.21, 0.0, 0.0, 0.0, 0.0, 0.0, 0.0, 0.0, 0.0, 0.0, 1.17, 0.0, 0.0, 0.0, 0.0, 0.56, 0.0, 0.0, 0.0, 0.0, 0.0, 0.0, 0.0, 0.0, 0.0, 0.0, 0.0, 0.0, 0.0, 0.0, 0.0, 0.0, 0.0, 0.0, 0.57, 0.0, 0.0, 0.0, 0.62, 0.0, 0.61, 0.0, 0.0, 0.62, 0.0, 0.0, 0.0, 0.0, 0.0, 0.0, 0.0, 0.61, 0.0, 0.0, 0.0, 0.0, 0.0]
nice
[0.0, 0.0, 0.0, 0.0, 0.0, 0.0, 0.0, 0.0, 0.0, 0.0, 0.0, 0.0, 0.0, 0.0, 0.0, 0.0, 0.0, 0.0, 0.0, 0.61, 0.0, 0.0, 0.0, 0.0, 0.0, 0.0, 0.0, 0.0, 0.0, 0.6, 0.0, 0.0, 0.0, 0.0, 0.0, 0.0, 0.0, 0.0, 0.0, 0.59, 0.0, 0.0, 0.0, 0.0, 0.0, 0.0, 0.0, 0.0, 0.0, 0.0, 0.0, 0.0, 0.0, 0.0, 0.0, 0.0, 0.0]
system
[23.64, 6.71, 9.14, 8.23, 7.32, 10.92, 8.07, 13.48, 7.32, 5.59, 9.36, 6.83, 8.57, 9.38, 8.02, 10.11, 8.02, 5.85, 9.94, 9.2, 9.88, 7.5, 10.98, 11.86, 6.83, 8.02, 13.48, 8.07, 6.63, 11.9, 7.41, 8.52, 10.62, 6.83, 10.34, 7.41, 5.2, 13.41, 7.5, 7.65, 8.48, 4.68, 12.96, 8.64, 11.67, 6.88, 7.65, 11.76, 8.07, 9.71, 8.59, 7.36, 10.98, 6.92, 6.21, 13.12, 6.88]
iowait
[75.15, 93.29, 90.86, 91.77, 92.68, 89.08, 91.93, 86.52, 92.68, 94.41, 89.47, 93.17, 91.43, 90.62, 91.98, 89.33, 91.98, 94.15, 90.06, 90.18, 90.12, 92.5, 89.02, 88.14, 93.17, 91.98, 86.52, 91.93, 93.37, 87.5, 92.59, 91.48, 89.38, 93.17, 89.08, 92.59, 94.8, 86.59, 91.88, 91.76, 90.91, 95.32, 87.04, 90.74, 88.33, 93.12, 92.35, 88.24, 91.93, 90.29, 91.41, 92.02, 89.02, 93.08, 93.79, 86.88, 93.12]
steal
[0.0, 0.0, 0.0, 0.0, 0.0, 0.0, 0.0, 0.0, 0.0, 0.0, 0.0, 0.0, 0.0, 0.0, 0.0, 0.0, 0.0, 0.0, 0.0, 0.0, 0.0, 0.0, 0.0, 0.0, 0.0, 0.0, 0.0, 0.0, 0.0, 0.0, 0.0, 0.0, 0.0, 0.0, 0.0, 0.0, 0.0, 0.0, 0.0, 0.0, 0.0, 0.0, 0.0, 0.0, 0.0, 0.0, 0.0, 0.0, 0.0, 0.0, 0.0, 0.0, 0.0, 0.0, 0.0, 0.0, 0.0]
idle
[0.0, 0.0, 0.0, 0.0, 0.0, 0.0, 0.0, 0.0, 0.0, 0.0, 0.0, 0.0, 0.0, 0.0, 0.0, 0.0, 0.0, 0.0, 0.0, 0.0, 0.0, 0.0, 0.0, 0.0, 0.0, 0.0, 0.0, 0.0, 0.0, 0.0, 0.0, 0.0, 0.0, 0.0, 0.0, 0.0, 0.0, 0.0, 0.0, 0.0, 0.0, 0.0, 0.0, 0.0, 0.0, 0.0, 0.0, 0.0, 0.0, 0.0, 0.0, 0.0, 0.0, 0.0, 0.0, 0.0, 0.0]

sde data:

util
[107.88, 121.95, 114.06, 126.58, 121.95, 114.94, 124.22, 112.36, 122.2, 124.22, 116.96, 124.22, 114.29, 125.0, 123.46, 112.36, 123.46, 116.96, 124.22, 122.7, 116.28, 125.0, 121.95, 112.99, 124.22, 123.46, 112.13, 124.22, 120.48, 118.81, 123.46, 113.64, 125.0, 124.22, 115.17, 123.21, 115.61, 121.95, 125.25, 117.18, 121.45, 116.96, 123.21, 123.46, 110.89, 125.0, 117.65, 117.41, 124.22, 114.06, 122.7, 122.7, 115.38, 125.79, 112.99, 125.0, 125.0]
r_await
[0.0, 0.0, 0.0, 0.0, 80.0, 0.0, 0.0, 0.0, 0.0, 0.0, 0.0, 0.0, 0.0, 0.0, 0.0, 0.0, 0.0, 0.0, 0.0, 0.0, 0.0, 0.0, 0.0, 0.0, 0.0, 0.0, 0.0, 0.0, 0.0, 0.0, 0.0, 0.0, 0.0, 0.0, 0.0, 0.0, 0.0, 0.0, 0.0, 0.0, 0.0, 0.0, 0.0, 60.0, 0.0, 0.0, 0.0, 0.0, 0.0, 0.0, 0.0, 0.0, 0.0, 0.0, 0.0, 0.0, 0.0]
avgqusz
[154.04, 174.62, 137.24, 182.16, 175.25, 151.73, 178.38, 146.49, 175.34, 178.17, 142.1, 178.35, 140.21, 179.18, 176.77, 134.72, 176.91, 149.31, 171.64, 177.22, 150.04, 180.35, 176.1, 136.35, 178.23, 176.88, 129.88, 178.28, 169.47, 147.47, 177.43, 137.72, 178.63, 178.2, 144.0, 177.22, 142.76, 172.29, 180.35, 135.0, 172.36, 143.4, 175.29, 176.46, 134.57, 179.82, 163.66, 144.64, 178.15, 138.22, 175.7, 174.99, 141.22, 180.54, 143.79, 171.98, 179.04]
await
[517.69, 357.34, 875.16, 492.2, 766.92, 550.1, 689.97, 652.07, 615.03, 584.72, 610.58, 676.77, 630.36, 577.45, 644.64, 553.15, 642.91, 655.8, 426.96, 588.86, 809.8, 492.82, 491.09, 842.59, 548.73, 516.51, 708.25, 599.45, 683.71, 453.86, 792.12, 614.43, 477.16, 726.37, 551.66, 665.83, 647.79, 541.15, 678.89, 539.81, 579.79, 684.49, 525.49, 678.76, 508.04, 689.99, 641.95, 432.7, 743.15, 579.44, 587.1, 727.27, 546.42, 615.77, 686.81, 521.4, 655.46]
rMB
[0.0, 0.0, 0.0, 0.0, 0.0, 0.0, 0.0, 0.0, 0.0, 0.0, 0.0, 0.0, 0.0, 0.0, 0.0, 0.0, 0.0, 0.0, 0.0, 0.0, 0.0, 0.0, 0.0, 0.0, 0.0, 0.0, 0.0, 0.0, 0.0, 0.0, 0.0, 0.0, 0.0, 0.0, 0.0, 0.0, 0.0, 0.0, 0.0, 0.0, 0.0, 0.0, 0.0, 0.0, 0.0, 0.0, 0.0, 0.0, 0.0, 0.0, 0.0, 0.0, 0.0, 0.0, 0.0, 0.0, 0.0]
svctm
[4.56, 4.56, 4.45, 4.67, 4.49, 4.58, 4.44, 4.65, 4.5, 4.69, 4.47, 4.63, 4.4, 4.66, 4.52, 4.61, 4.5, 4.57, 4.55, 4.37, 4.57, 4.49, 4.38, 4.54, 4.61, 4.42, 4.54, 4.42, 4.58, 4.49, 4.68, 4.38, 4.58, 4.46, 4.62, 4.48, 4.49, 4.55, 4.67, 4.4, 4.62, 4.44, 4.61, 4.56, 4.57, 4.5, 4.42, 4.69, 4.56, 4.54, 4.52, 4.65, 4.48, 4.63, 4.42, 4.66, 4.49]
r
[0.0, 0.0, 0.0, 0.0, 0.61, 0.0, 0.0, 0.0, 0.0, 0.0, 0.0, 0.0, 0.0, 0.0, 0.0, 0.0, 0.0, 0.0, 0.0, 0.0, 0.0, 0.0, 0.0, 0.0, 0.0, 0.0, 0.0, 0.0, 0.0, 0.0, 0.0, 0.0, 0.0, 0.0, 0.0, 0.0, 0.0, 0.0, 0.0, 0.0, 0.0, 0.0, 0.0, 0.62, 0.0, 0.0, 0.0, 0.0, 0.0, 0.0, 0.0, 0.0, 0.0, 0.0, 0.0, 0.0, 0.0]
wrqm
[9.7, 0.0, 4.0, 0.0, 0.0, 6.9, 0.0, 6.18, 0.0, 0.0, 6.43, 0.0, 6.29, 0.0, 0.0, 6.18, 0.0, 6.43, 0.62, 0.61, 6.98, 0.62, 0.61, 6.21, 0.62, 0.0, 6.74, 0.0, 0.0, 6.55, 0.0, 6.82, 0.0, 0.0, 6.32, 0.0, 6.36, 0.0, 0.0, 6.47, 0.0, 5.85, 0.0, 0.0, 5.56, 0.0, 5.88, 0.0, 0.0, 6.29, 0.0, 0.61, 5.78, 0.0, 5.65, 0.0, 0.0]
w
[236.36, 267.68, 256.57, 270.89, 270.73, 251.15, 279.5, 241.57, 271.34, 264.6, 261.4, 268.32, 260.0, 268.12, 272.84, 243.82, 274.07, 256.14, 273.29, 280.98, 254.65, 278.12, 278.66, 249.15, 269.57, 279.63, 247.19, 281.37, 263.25, 264.88, 263.58, 259.66, 273.12, 278.26, 249.43, 275.31, 257.23, 268.29, 268.12, 266.47, 263.03, 263.16, 267.28, 270.37, 242.78, 277.5, 265.88, 250.59, 272.67, 251.43, 271.17, 263.8, 257.8, 271.7, 255.37, 268.12, 278.12]
avgrqsz
[233.62, 236.76, 235.19, 237.27, 234.14, 236.43, 235.11, 235.22, 236.48, 237.75, 235.22, 234.85, 235.46, 235.47, 236.18, 235.0, 236.58, 236.71, 237.67, 238.04, 235.96, 237.02, 237.79, 235.5, 237.09, 236.8, 234.04, 234.84, 235.77, 235.65, 236.59, 235.15, 234.53, 235.61, 235.3, 235.34, 235.92, 234.56, 235.82, 233.75, 234.56, 235.09, 234.27, 235.63, 234.93, 235.3, 235.2, 235.77, 235.24, 234.31, 235.53, 235.68, 234.69, 235.87, 235.12, 234.93, 234.48]
wMB
[26.96, 30.95, 29.46, 31.38, 31.02, 28.99, 32.09, 27.75, 31.33, 30.72, 30.02, 30.77, 29.89, 30.83, 31.46, 27.98, 31.66, 29.61, 31.72, 32.66, 29.34, 32.19, 32.36, 28.65, 31.21, 32.33, 28.25, 32.26, 30.31, 30.48, 30.45, 29.81, 31.28, 32.01, 28.66, 31.64, 29.63, 30.73, 30.87, 30.41, 30.13, 30.21, 30.57, 31.18, 27.85, 31.88, 30.54, 28.85, 31.32, 28.77, 31.19, 30.36, 29.54, 31.29, 29.32, 30.76, 31.84]
rrqm
[0.0, 0.0, 0.0, 0.0, 0.0, 0.0, 0.0, 0.0, 0.0, 0.0, 0.0, 0.0, 0.0, 0.0, 0.0, 0.0, 0.0, 0.0, 0.0, 0.0, 0.0, 0.0, 0.0, 0.0, 0.0, 0.0, 0.0, 0.0, 0.0, 0.0, 0.0, 0.0, 0.0, 0.0, 0.0, 0.0, 0.0, 0.0, 0.0, 0.0, 0.0, 0.0, 0.0, 0.0, 0.0, 0.0, 0.0, 0.0, 0.0, 0.0, 0.0, 0.0, 0.0, 0.0, 0.0, 0.0, 0.0]
w_await
[517.69, 357.34, 875.16, 492.2, 768.47, 550.1, 689.97, 652.07, 615.03, 584.72, 610.58, 676.77, 630.36, 577.45, 644.64, 553.15, 642.91, 655.8, 426.96, 588.86, 809.8, 492.82, 491.09, 842.59, 548.73, 516.51, 708.25, 599.45, 683.71, 453.86, 792.12, 614.43, 477.16, 726.37, 551.66, 665.83, 647.79, 541.15, 678.89, 539.81, 579.79, 684.49, 525.49, 680.17, 508.04, 689.99, 641.95, 432.7, 743.15, 579.44, 587.1, 727.27, 546.42, 615.77, 686.81, 521.4, 655.46]
