122 datos recogidos

cpu data:

user
[0.55, 0.0, 0.0, 0.0, 0.0, 0.0, 0.0, 0.0, 0.0, 0.54, 0.0, 0.51, 0.0, 0.0, 0.0, 0.0, 0.51, 0.0, 0.0, 0.0, 0.54, 0.0, 0.0, 0.0, 0.0, 0.0, 0.0, 0.0, 0.0, 0.0, 0.0, 0.0, 0.0, 0.0, 0.0, 0.0, 0.0, 0.0, 0.0, 0.0, 0.0, 0.0, 0.0, 0.0, 0.0, 0.0, 0.0, 0.0, 0.0, 0.0, 0.0, 0.0, 0.0, 0.0, 0.0, 0.0, 0.53, 0.0, 0.0, 0.0, 0.0, 0.0, 0.0, 0.0, 0.0, 0.0, 0.0, 0.0, 0.0, 0.0, 0.0, 0.0, 0.0, 0.0, 0.54, 0.0, 0.0, 0.0, 0.0, 0.0, 0.53, 0.0, 0.53, 0.0, 0.0, 0.0, 0.0, 0.0, 0.0, 0.0, 0.0, 0.0, 0.0, 0.0, 0.0, 0.0, 0.0, 0.0, 0.0, 0.0, 0.0, 0.0, 0.0, 0.0, 0.0, 0.0, 0.0, 0.0, 0.0, 0.0, 0.0, 0.53, 0.0, 0.0, 0.0, 0.0, 0.51, 0.53, 0.0, 0.0, 0.0, 0.0]
nice
[0.0, 0.0, 0.0, 0.0, 0.0, 0.0, 0.0, 0.0, 0.0, 0.0, 0.0, 0.0, 0.0, 0.0, 0.0, 0.53, 0.0, 0.0, 0.0, 0.0, 0.0, 0.0, 0.0, 0.0, 0.0, 0.0, 0.0, 0.0, 0.0, 0.0, 0.0, 0.0, 0.0, 0.0, 0.0, 0.55, 0.0, 0.0, 0.0, 0.0, 0.0, 0.0, 0.0, 0.0, 0.0, 0.0, 0.0, 0.0, 0.0, 0.0, 0.0, 0.0, 0.0, 0.0, 0.0, 0.53, 0.0, 0.0, 0.0, 0.0, 0.0, 0.0, 0.0, 0.0, 0.0, 0.0, 0.0, 0.0, 0.0, 0.0, 0.0, 0.0, 0.0, 0.0, 0.0, 0.51, 0.0, 0.0, 0.0, 0.0, 0.0, 0.0, 0.0, 0.0, 0.0, 0.53, 0.0, 0.0, 0.0, 0.0, 0.0, 0.0, 0.0, 0.0, 0.0, 0.0, 0.0, 0.0, 0.0, 0.0, 0.0, 0.0, 0.0, 0.0, 0.0, 0.51, 0.0, 0.0, 0.0, 0.0, 0.0, 0.0, 0.0, 0.0, 0.0, 0.51, 0.0, 0.0, 0.0, 0.0, 0.0, 0.0]
system
[16.94, 1.07, 0.0, 3.14, 1.08, 0.0, 6.32, 0.54, 0.5, 5.43, 0.52, 4.55, 1.65, 0.0, 4.35, 1.05, 3.05, 2.19, 1.52, 0.0, 5.38, 0.51, 4.3, 1.05, 3.11, 1.64, 0.0, 3.76, 0.53, 1.52, 2.76, 0.0, 5.29, 0.0, 0.0, 3.28, 0.51, 4.69, 0.0, 0.0, 5.38, 0.0, 5.08, 0.0, 0.0, 5.38, 0.52, 4.02, 2.73, 0.0, 4.26, 0.53, 3.55, 0.55, 0.0, 3.68, 0.53, 0.0, 4.35, 0.52, 3.63, 0.54, 0.0, 4.3, 1.57, 2.56, 0.55, 0.0, 4.17, 0.54, 0.5, 3.76, 0.0, 0.5, 4.86, 1.53, 3.08, 1.62, 1.01, 3.66, 1.07, 0.0, 4.23, 0.53, 0.0, 6.35, 0.52, 1.52, 3.8, 0.0, 4.59, 1.06, 0.0, 4.81, 0.0, 3.09, 1.08, 0.0, 4.26, 1.04, 3.08, 0.55, 0.0, 4.26, 0.0, 3.03, 0.55, 0.0, 4.64, 1.06, 0.0, 3.72, 1.03, 0.0, 3.83, 0.51, 3.59, 4.26, 0.0, 4.23, 1.04, 0.0]
iowait
[82.51, 98.93, 100.0, 96.86, 98.92, 100.0, 93.68, 99.46, 99.5, 94.02, 99.48, 94.95, 98.35, 100.0, 95.65, 98.42, 96.45, 97.81, 98.48, 100.0, 94.09, 99.49, 95.7, 98.95, 96.89, 98.36, 100.0, 96.24, 99.47, 98.48, 97.24, 100.0, 94.71, 100.0, 100.0, 96.17, 99.49, 95.31, 100.0, 100.0, 94.62, 100.0, 94.92, 100.0, 100.0, 94.62, 99.48, 95.98, 97.27, 100.0, 95.74, 99.47, 96.45, 99.45, 100.0, 95.79, 98.93, 100.0, 95.65, 99.48, 96.37, 99.46, 100.0, 95.7, 98.43, 97.44, 99.45, 100.0, 95.83, 99.46, 99.5, 96.24, 100.0, 99.5, 94.59, 97.96, 96.92, 98.38, 98.99, 96.34, 98.4, 100.0, 95.24, 99.47, 100.0, 93.12, 99.48, 98.48, 96.2, 100.0, 95.41, 98.94, 100.0, 95.19, 100.0, 96.91, 98.92, 100.0, 95.74, 98.96, 96.92, 99.45, 100.0, 95.74, 100.0, 96.46, 99.45, 100.0, 95.36, 98.94, 100.0, 95.74, 98.97, 100.0, 96.17, 98.98, 95.9, 95.21, 100.0, 95.77, 98.96, 100.0]
steal
[0.0, 0.0, 0.0, 0.0, 0.0, 0.0, 0.0, 0.0, 0.0, 0.0, 0.0, 0.0, 0.0, 0.0, 0.0, 0.0, 0.0, 0.0, 0.0, 0.0, 0.0, 0.0, 0.0, 0.0, 0.0, 0.0, 0.0, 0.0, 0.0, 0.0, 0.0, 0.0, 0.0, 0.0, 0.0, 0.0, 0.0, 0.0, 0.0, 0.0, 0.0, 0.0, 0.0, 0.0, 0.0, 0.0, 0.0, 0.0, 0.0, 0.0, 0.0, 0.0, 0.0, 0.0, 0.0, 0.0, 0.0, 0.0, 0.0, 0.0, 0.0, 0.0, 0.0, 0.0, 0.0, 0.0, 0.0, 0.0, 0.0, 0.0, 0.0, 0.0, 0.0, 0.0, 0.0, 0.0, 0.0, 0.0, 0.0, 0.0, 0.0, 0.0, 0.0, 0.0, 0.0, 0.0, 0.0, 0.0, 0.0, 0.0, 0.0, 0.0, 0.0, 0.0, 0.0, 0.0, 0.0, 0.0, 0.0, 0.0, 0.0, 0.0, 0.0, 0.0, 0.0, 0.0, 0.0, 0.0, 0.0, 0.0, 0.0, 0.0, 0.0, 0.0, 0.0, 0.0, 0.0, 0.0, 0.0, 0.0, 0.0, 0.0]
idle
[0.0, 0.0, 0.0, 0.0, 0.0, 0.0, 0.0, 0.0, 0.0, 0.0, 0.0, 0.0, 0.0, 0.0, 0.0, 0.0, 0.0, 0.0, 0.0, 0.0, 0.0, 0.0, 0.0, 0.0, 0.0, 0.0, 0.0, 0.0, 0.0, 0.0, 0.0, 0.0, 0.0, 0.0, 0.0, 0.0, 0.0, 0.0, 0.0, 0.0, 0.0, 0.0, 0.0, 0.0, 0.0, 0.0, 0.0, 0.0, 0.0, 0.0, 0.0, 0.0, 0.0, 0.0, 0.0, 0.0, 0.0, 0.0, 0.0, 0.0, 0.0, 0.0, 0.0, 0.0, 0.0, 0.0, 0.0, 0.0, 0.0, 0.0, 0.0, 0.0, 0.0, 0.0, 0.0, 0.0, 0.0, 0.0, 0.0, 0.0, 0.0, 0.0, 0.0, 0.0, 0.0, 0.0, 0.0, 0.0, 0.0, 0.0, 0.0, 0.0, 0.0, 0.0, 0.0, 0.0, 0.0, 0.0, 0.0, 0.0, 0.0, 0.0, 0.0, 0.0, 0.0, 0.0, 0.0, 0.0, 0.0, 0.0, 0.0, 0.0, 0.0, 0.0, 0.0, 0.0, 0.0, 0.0, 0.0, 0.0, 0.0, 0.0]

sda data:

util
[97.05, 106.95, 104.17, 104.71, 108.11, 101.52, 105.05, 108.11, 100.5, 108.7, 104.71, 101.01, 109.89, 101.52, 108.91, 105.26, 101.52, 109.29, 101.52, 101.01, 107.53, 101.01, 107.53, 104.71, 103.63, 109.29, 102.04, 107.53, 105.82, 101.01, 110.5, 101.52, 105.82, 105.82, 100.5, 109.29, 102.56, 104.17, 108.11, 100.5, 107.53, 103.63, 101.52, 109.29, 101.01, 107.53, 104.17, 100.5, 109.29, 101.01, 106.38, 105.82, 101.52, 109.29, 102.56, 105.26, 106.95, 101.01, 108.7, 103.63, 103.63, 108.11, 101.01, 107.53, 104.71, 102.56, 109.89, 102.56, 104.17, 107.53, 100.0, 107.53, 105.26, 100.0, 108.11, 102.04, 102.56, 108.32, 101.01, 104.71, 106.95, 100.5, 105.82, 105.26, 101.01, 105.82, 104.71, 101.01, 108.7, 103.09, 102.04, 106.38, 101.01, 106.95, 104.71, 102.89, 107.53, 101.01, 106.38, 103.63, 102.56, 109.29, 100.5, 106.38, 104.71, 100.61, 109.29, 101.01, 103.09, 105.82, 101.01, 106.38, 103.09, 100.5, 109.29, 101.52, 102.56, 106.38, 101.01, 105.61, 104.17, 100.5]
r_await
[13.0, 0.0, 0.0, 0.0, 252.0, 0.0, 0.0, 0.0, 0.0, 0.0, 0.0, 0.0, 0.0, 0.0, 0.0, 0.0, 0.0, 0.0, 0.0, 0.0, 0.0, 0.0, 0.0, 0.0, 0.0, 0.0, 0.0, 0.0, 0.0, 0.0, 0.0, 0.0, 0.0, 0.0, 0.0, 0.0, 0.0, 0.0, 0.0, 0.0, 0.0, 0.0, 0.0, 0.0, 0.0, 0.0, 0.0, 0.0, 0.0, 0.0, 0.0, 0.0, 0.0, 0.0, 0.0, 0.0, 0.0, 0.0, 0.0, 0.0, 0.0, 0.0, 0.0, 0.0, 0.0, 0.0, 0.0, 0.0, 0.0, 0.0, 0.0, 0.0, 0.0, 0.0, 0.0, 0.0, 0.0, 0.0, 0.0, 0.0, 0.0, 0.0, 0.0, 0.0, 0.0, 0.0, 0.0, 0.0, 0.0, 0.0, 0.0, 0.0, 0.0, 0.0, 0.0, 0.0, 0.0, 0.0, 0.0, 0.0, 0.0, 0.0, 0.0, 0.0, 0.0, 0.0, 0.0, 0.0, 0.0, 0.0, 0.0, 0.0, 0.0, 0.0, 0.0, 0.0, 0.0, 0.0, 0.0, 0.0, 0.0, 0.0]
avgqusz
[136.0, 153.32, 130.12, 89.56, 155.06, 124.08, 94.63, 154.2, 64.08, 154.9, 145.55, 66.68, 157.37, 95.82, 122.1, 146.84, 66.35, 156.22, 144.45, 72.62, 134.37, 104.5, 109.1, 140.97, 73.88, 157.02, 89.2, 124.84, 147.85, 62.34, 159.85, 108.32, 98.17, 146.98, 70.57, 137.83, 127.55, 82.23, 155.22, 81.39, 125.3, 135.49, 66.36, 155.45, 72.29, 138.51, 144.99, 57.29, 157.83, 88.34, 117.54, 141.94, 65.14, 156.17, 110.6, 95.27, 151.16, 67.18, 144.93, 127.44, 77.42, 155.83, 87.64, 121.15, 139.98, 65.46, 156.92, 111.45, 89.6, 153.89, 84.78, 114.49, 147.04, 61.22, 146.32, 134.0, 62.23, 155.42, 116.9, 79.94, 154.28, 96.93, 102.01, 149.68, 75.67, 124.9, 143.07, 55.76, 155.63, 130.35, 69.19, 151.42, 77.41, 121.66, 128.98, 70.0, 153.08, 81.49, 116.1, 127.29, 65.71, 156.18, 83.02, 117.3, 133.28, 55.47, 156.78, 107.55, 75.16, 151.43, 81.48, 109.19, 138.29, 51.2, 154.2, 117.83, 65.13, 152.44, 91.71, 100.35, 143.06, 63.03]
await
[831.58, 2133.68, 2170.12, 1447.75, 1758.75, 2207.52, 1358.97, 1829.73, 2246.14, 1003.01, 2225.06, 2224.07, 1170.63, 2389.72, 1195.01, 2154.96, 2231.03, 1017.8, 2621.41, 2804.79, 1202.11, 2060.72, 1579.11, 2115.9, 1947.66, 1131.4, 2740.2, 1188.14, 2228.2, 2507.55, 1046.66, 2219.12, 1504.92, 2126.99, 3351.32, 1221.36, 2269.05, 1888.28, 1602.84, 2685.36, 1186.88, 2047.89, 2502.56, 1351.57, 2551.13, 1124.96, 1913.68, 3007.14, 1056.07, 1969.18, 1801.75, 2067.34, 2481.09, 1259.51, 2450.33, 1620.71, 1672.49, 2859.19, 1106.64, 2341.76, 1873.83, 1519.57, 2726.82, 1239.05, 2236.0, 2292.15, 1276.68, 2343.57, 1878.5, 1952.8, 2655.1, 1451.64, 1975.67, 3000.38, 1116.0, 2493.23, 2483.11, 1262.08, 2359.96, 2217.88, 1720.27, 2689.55, 1627.25, 1772.49, 3095.58, 1259.17, 2389.98, 2695.4, 1055.73, 2348.49, 2403.36, 1470.42, 2679.34, 1358.24, 2173.14, 2435.92, 1318.45, 2920.66, 1339.5, 2298.28, 2252.21, 1451.58, 2564.83, 1534.92, 2090.39, 2984.64, 1190.89, 2767.29, 2135.78, 1744.78, 2745.35, 1691.79, 2089.28, 3196.08, 1057.46, 2686.65, 2396.13, 1492.57, 2598.51, 1953.19, 1902.58, 3255.75]
rMB
[0.01, 0.0, 0.0, 0.0, 0.0, 0.0, 0.0, 0.0, 0.0, 0.0, 0.0, 0.0, 0.0, 0.0, 0.0, 0.0, 0.0, 0.0, 0.0, 0.0, 0.0, 0.0, 0.0, 0.0, 0.0, 0.0, 0.0, 0.0, 0.0, 0.0, 0.0, 0.0, 0.0, 0.0, 0.0, 0.0, 0.0, 0.0, 0.0, 0.0, 0.0, 0.0, 0.0, 0.0, 0.0, 0.0, 0.0, 0.0, 0.0, 0.0, 0.0, 0.0, 0.0, 0.0, 0.0, 0.0, 0.0, 0.0, 0.0, 0.0, 0.0, 0.0, 0.0, 0.0, 0.0, 0.0, 0.0, 0.0, 0.0, 0.0, 0.0, 0.0, 0.0, 0.0, 0.0, 0.0, 0.0, 0.0, 0.0, 0.0, 0.0, 0.0, 0.0, 0.0, 0.0, 0.0, 0.0, 0.0, 0.0, 0.0, 0.0, 0.0, 0.0, 0.0, 0.0, 0.0, 0.0, 0.0, 0.0, 0.0, 0.0, 0.0, 0.0, 0.0, 0.0, 0.0, 0.0, 0.0, 0.0, 0.0, 0.0, 0.0, 0.0, 0.0, 0.0, 0.0, 0.0, 0.0, 0.0, 0.0, 0.0, 0.0]
svctm
[15.44, 15.04, 15.15, 15.5, 15.27, 15.04, 15.12, 15.15, 16.0, 16.53, 16.13, 16.53, 16.26, 16.26, 16.56, 16.26, 16.67, 16.39, 19.61, 18.69, 18.52, 16.26, 17.09, 16.39, 16.81, 16.67, 16.81, 17.09, 16.95, 17.39, 16.81, 16.26, 17.7, 24.1, 21.28, 16.95, 17.54, 17.54, 17.54, 17.86, 17.54, 18.02, 18.52, 17.86, 17.39, 17.86, 17.86, 17.86, 17.54, 17.86, 18.18, 17.39, 18.18, 17.54, 17.39, 18.69, 17.54, 17.7, 17.86, 17.24, 18.35, 17.86, 17.39, 18.35, 17.39, 18.18, 17.86, 18.02, 19.23, 19.05, 18.69, 19.8, 18.52, 18.87, 19.61, 18.69, 19.42, 18.91, 18.69, 19.23, 19.05, 18.87, 19.8, 18.87, 18.87, 19.8, 18.69, 18.69, 19.61, 18.69, 18.87, 18.87, 19.42, 19.61, 19.05, 19.76, 18.87, 19.42, 19.23, 18.69, 20.62, 19.23, 18.87, 20.0, 19.61, 21.19, 20.62, 20.83, 21.51, 20.62, 20.41, 21.28, 20.62, 20.62, 20.83, 20.41, 22.22, 20.41, 20.2, 21.23, 20.83, 20.62]
r
[2.19, 0.0, 0.0, 0.0, 0.54, 0.0, 0.0, 0.0, 0.0, 0.0, 0.0, 0.0, 0.0, 0.0, 0.0, 0.0, 0.0, 0.0, 0.0, 0.0, 0.0, 0.0, 0.0, 0.0, 0.0, 0.0, 0.0, 0.0, 0.0, 0.0, 0.0, 0.0, 0.0, 0.0, 0.0, 0.0, 0.0, 0.0, 0.0, 0.0, 0.0, 0.0, 0.0, 0.0, 0.0, 0.0, 0.0, 0.0, 0.0, 0.0, 0.0, 0.0, 0.0, 0.0, 0.0, 0.0, 0.0, 0.0, 0.0, 0.0, 0.0, 0.0, 0.0, 0.0, 0.0, 0.0, 0.0, 0.0, 0.0, 0.0, 0.0, 0.0, 0.0, 0.0, 0.0, 0.0, 0.0, 0.0, 0.0, 0.0, 0.0, 0.0, 0.0, 0.0, 0.0, 0.0, 0.0, 0.0, 0.0, 0.0, 0.0, 0.0, 0.0, 0.0, 0.0, 0.0, 0.0, 0.0, 0.0, 0.0, 0.0, 0.0, 0.0, 0.0, 0.0, 0.0, 0.0, 0.0, 0.0, 0.0, 0.0, 0.0, 0.0, 0.0, 0.0, 0.0, 0.0, 0.0, 0.0, 0.0, 0.0, 0.0]
wrqm
[0.0, 0.0, 2.6, 0.0, 0.0, 2.54, 0.0, 3.78, 0.0, 0.0, 3.14, 0.0, 0.0, 3.05, 0.0, 3.68, 0.0, 0.0, 3.05, 0.0, 0.0, 3.03, 0.0, 3.66, 0.0, 0.0, 3.57, 0.0, 3.17, 0.0, 0.0, 3.05, 0.0, 3.7, 0.0, 0.0, 3.08, 0.0, 3.24, 0.0, 0.0, 3.11, 0.0, 3.83, 0.0, 0.0, 3.12, 0.0, 0.0, 3.03, 0.0, 3.7, 0.0, 0.0, 3.08, 0.0, 3.21, 0.0, 0.0, 3.11, 0.0, 0.0, 3.54, 0.0, 3.14, 0.0, 0.0, 3.08, 0.0, 0.0, 3.5, 0.0, 3.68, 0.0, 0.0, 3.06, 0.0, 0.0, 3.03, 0.0, 0.0, 3.52, 0.0, 3.16, 0.0, 0.0, 3.14, 0.0, 0.0, 3.61, 0.0, 3.19, 0.0, 0.0, 3.14, 0.0, 0.0, 3.03, 0.0, 3.63, 0.0, 0.0, 3.52, 0.0, 3.14, 0.0, 0.0, 3.03, 0.0, 3.7, 0.0, 0.0, 3.09, 0.0, 0.0, 3.05, 0.0, 0.0, 3.03, 0.0, 3.65, 0.0]
w
[60.66, 71.12, 68.75, 67.54, 70.27, 67.51, 69.47, 71.35, 62.81, 65.76, 64.92, 61.11, 67.58, 62.44, 65.76, 64.74, 60.91, 66.67, 51.78, 54.04, 58.06, 62.12, 62.9, 63.87, 61.66, 65.57, 60.71, 62.9, 62.43, 58.08, 65.75, 62.44, 59.79, 43.92, 47.24, 64.48, 58.46, 59.38, 61.62, 56.28, 61.29, 57.51, 54.82, 61.2, 58.08, 60.22, 58.33, 56.28, 62.3, 56.57, 58.51, 60.85, 55.84, 62.3, 58.97, 56.32, 60.96, 57.07, 60.87, 60.1, 56.48, 60.54, 58.08, 58.6, 60.21, 56.41, 61.54, 56.92, 54.17, 56.45, 53.5, 54.3, 56.84, 53.0, 55.14, 54.59, 52.82, 57.3, 54.04, 54.45, 56.15, 53.27, 53.44, 55.79, 53.54, 53.44, 56.02, 54.04, 55.43, 55.15, 54.08, 56.38, 52.02, 54.55, 54.97, 52.06, 56.99, 52.02, 55.32, 55.44, 49.74, 56.83, 53.27, 53.19, 53.4, 47.47, 53.01, 48.48, 47.94, 51.32, 49.49, 50.0, 50.0, 48.74, 52.46, 49.75, 46.15, 52.13, 50.0, 49.74, 50.0, 48.74]
avgrqsz
[247.37, 256.0, 256.0, 252.47, 254.11, 256.0, 252.55, 254.06, 256.0, 252.36, 256.0, 252.3, 256.0, 256.0, 252.3, 256.0, 246.13, 256.0, 256.0, 256.0, 251.85, 256.0, 252.17, 256.0, 250.22, 256.0, 256.0, 252.24, 256.0, 254.26, 253.92, 256.0, 252.04, 256.0, 253.36, 252.27, 256.0, 252.07, 256.0, 256.0, 252.07, 256.0, 249.56, 256.0, 256.0, 252.07, 255.21, 252.0, 255.23, 252.21, 249.67, 254.54, 251.2, 256.0, 253.77, 247.1, 254.53, 255.22, 252.0, 253.79, 249.54, 254.5, 255.23, 251.96, 253.77, 249.6, 254.5, 256.0, 250.85, 256.0, 253.61, 246.65, 254.44, 255.17, 251.69, 253.61, 249.17, 254.42, 256.0, 248.46, 256.0, 253.58, 249.11, 254.42, 255.17, 251.56, 255.18, 247.85, 251.92, 256.0, 251.02, 256.0, 255.15, 248.31, 253.56, 250.69, 254.42, 255.15, 249.31, 255.18, 248.0, 255.15, 254.42, 249.04, 256.0, 250.3, 256.0, 255.08, 244.9, 255.09, 254.29, 250.38, 254.27, 255.09, 251.33, 255.1, 244.53, 255.1, 254.3, 250.3, 254.25, 255.09]
wMB
[7.58, 8.89, 8.59, 8.33, 8.78, 8.44, 8.57, 8.85, 7.85, 8.1, 8.12, 7.53, 8.45, 7.8, 8.1, 8.09, 7.32, 8.33, 6.47, 6.76, 7.14, 7.77, 7.75, 7.98, 7.53, 8.2, 7.59, 7.75, 7.8, 7.21, 8.15, 7.8, 7.36, 5.49, 5.84, 7.94, 7.31, 7.31, 7.7, 7.04, 7.54, 7.19, 6.68, 7.65, 7.26, 7.41, 7.27, 6.93, 7.76, 6.97, 7.13, 7.56, 6.85, 7.79, 7.31, 6.79, 7.58, 7.11, 7.49, 7.45, 6.88, 7.52, 7.24, 7.21, 7.46, 6.88, 7.65, 7.12, 6.63, 7.06, 6.62, 6.54, 7.06, 6.6, 6.78, 6.76, 6.43, 7.12, 6.76, 6.61, 7.02, 6.6, 6.5, 6.93, 6.67, 6.56, 6.98, 6.54, 6.82, 6.89, 6.63, 7.05, 6.48, 6.61, 6.81, 6.37, 7.08, 6.48, 6.73, 6.91, 6.02, 7.08, 6.62, 6.47, 6.68, 5.8, 6.63, 6.04, 5.73, 6.39, 6.15, 6.11, 6.21, 6.07, 6.44, 6.2, 5.51, 6.49, 6.21, 6.08, 6.21, 6.07]
rrqm
[0.0, 0.0, 0.0, 0.0, 0.0, 0.0, 0.0, 0.0, 0.0, 0.0, 0.0, 0.0, 0.0, 0.0, 0.0, 0.0, 0.0, 0.0, 0.0, 0.0, 0.0, 0.0, 0.0, 0.0, 0.0, 0.0, 0.0, 0.0, 0.0, 0.0, 0.0, 0.0, 0.0, 0.0, 0.0, 0.0, 0.0, 0.0, 0.0, 0.0, 0.0, 0.0, 0.0, 0.0, 0.0, 0.0, 0.0, 0.0, 0.0, 0.0, 0.0, 0.0, 0.0, 0.0, 0.0, 0.0, 0.0, 0.0, 0.0, 0.0, 0.0, 0.0, 0.0, 0.0, 0.0, 0.0, 0.0, 0.0, 0.0, 0.0, 0.0, 0.0, 0.0, 0.0, 0.0, 0.0, 0.0, 0.0, 0.0, 0.0, 0.0, 0.0, 0.0, 0.0, 0.0, 0.0, 0.0, 0.0, 0.0, 0.0, 0.0, 0.0, 0.0, 0.0, 0.0, 0.0, 0.0, 0.0, 0.0, 0.0, 0.0, 0.0, 0.0, 0.0, 0.0, 0.0, 0.0, 0.0, 0.0, 0.0, 0.0, 0.0, 0.0, 0.0, 0.0, 0.0, 0.0, 0.0, 0.0, 0.0, 0.0, 0.0]
w_await
[861.08, 2133.68, 2170.12, 1447.75, 1770.34, 2207.52, 1358.97, 1829.73, 2246.14, 1003.01, 2225.06, 2224.07, 1170.63, 2389.72, 1195.01, 2154.96, 2231.03, 1017.8, 2621.41, 2804.79, 1202.11, 2060.72, 1579.11, 2115.9, 1947.66, 1131.4, 2740.2, 1188.14, 2228.2, 2507.55, 1046.66, 2219.12, 1504.92, 2126.99, 3351.32, 1221.36, 2269.05, 1888.28, 1602.84, 2685.36, 1186.88, 2047.89, 2502.56, 1351.57, 2551.13, 1124.96, 1913.68, 3007.14, 1056.07, 1969.18, 1801.75, 2067.34, 2481.09, 1259.51, 2450.33, 1620.71, 1672.49, 2859.19, 1106.64, 2341.76, 1873.83, 1519.57, 2726.82, 1239.05, 2236.0, 2292.15, 1276.68, 2343.57, 1878.5, 1952.8, 2655.1, 1451.64, 1975.67, 3000.38, 1116.0, 2493.23, 2483.11, 1262.08, 2359.96, 2217.88, 1720.27, 2689.55, 1627.25, 1772.49, 3095.58, 1259.17, 2389.98, 2695.4, 1055.73, 2348.49, 2403.36, 1470.42, 2679.34, 1358.24, 2173.14, 2435.92, 1318.45, 2920.66, 1339.5, 2298.28, 2252.21, 1451.58, 2564.83, 1534.92, 2090.39, 2984.64, 1190.89, 2767.29, 2135.78, 1744.78, 2745.35, 1691.79, 2089.28, 3196.08, 1057.46, 2686.65, 2396.13, 1492.57, 2598.51, 1953.19, 1902.58, 3255.75]
