5 datos recogidos

cpu data:

user
[1.95, 0.55, 1.09, 0.55, 0.54]
nice
[0.0, 0.0, 0.0, 0.0, 0.0]
system
[40.91, 46.41, 50.27, 54.64, 48.11]
iowait
[57.14, 53.04, 48.63, 44.81, 51.35]
steal
[0.0, 0.0, 0.0, 0.0, 0.0]
idle
[0.0, 0.0, 0.0, 0.0, 0.0]

sda data:

util
[111.69, 110.5, 109.29, 106.89, 108.11]
r_await
[0.0, 0.0, 0.0, 0.0, 0.0]
avgqusz
[157.17, 157.15, 132.52, 116.71, 126.98]
await
[261.06, 276.62, 289.72, 276.76, 207.88]
rMB
[0.0, 0.0, 0.0, 0.0, 0.0]
svctm
[2.17, 2.16, 2.12, 2.41, 2.16]
r
[0.0, 0.0, 0.0, 0.0, 0.0]
wrqm
[51.95, 1.1, 0.55, 94.54, 1.08]
w
[515.58, 511.05, 515.3, 443.17, 500.54]
avgrqsz
[254.81, 256.0, 251.14, 254.43, 256.0]
wMB
[64.15, 63.88, 63.19, 55.06, 62.57]
rrqm
[0.0, 0.0, 0.0, 0.0, 0.0]
w_await
[261.06, 276.62, 289.72, 276.76, 207.88]
