34 datos recogidos

cpu data:

user
[1.31, 0.0, 0.0, 0.0, 0.0, 0.52, 0.0, 0.0, 0.0, 0.0, 0.0, 0.0, 0.0, 0.63, 0.0, 1.16, 0.0, 0.0, 0.0, 0.0, 1.09, 0.0, 0.0, 0.0, 0.0, 0.0, 0.0, 0.0, 0.62, 0.0, 0.0, 0.0, 0.0, 0.6]
nice
[0.65, 0.0, 0.0, 0.0, 0.0, 0.0, 0.0, 0.0, 0.0, 0.0, 0.54, 0.0, 0.0, 0.0, 0.0, 0.0, 0.0, 0.0, 0.0, 0.0, 0.0, 0.0, 0.0, 0.0, 0.0, 0.0, 0.0, 0.0, 0.0, 0.0, 0.58, 0.0, 0.0, 0.0]
system
[30.07, 15.6, 13.33, 14.18, 11.59, 23.96, 15.6, 5.99, 38.22, 8.03, 25.41, 11.81, 3.55, 25.79, 8.67, 18.02, 8.22, 11.7, 14.29, 15.28, 22.95, 12.77, 18.18, 15.71, 14.08, 22.73, 12.86, 9.77, 32.3, 15.28, 22.22, 8.63, 8.24, 31.74]
iowait
[67.97, 84.4, 86.67, 85.82, 88.41, 75.52, 84.4, 94.01, 61.78, 91.97, 74.05, 88.19, 96.45, 73.58, 91.33, 80.81, 91.78, 88.3, 85.71, 84.72, 75.96, 87.23, 81.82, 84.29, 85.92, 77.27, 87.14, 90.23, 67.08, 84.72, 77.19, 91.37, 91.76, 67.66]
steal
[0.0, 0.0, 0.0, 0.0, 0.0, 0.0, 0.0, 0.0, 0.0, 0.0, 0.0, 0.0, 0.0, 0.0, 0.0, 0.0, 0.0, 0.0, 0.0, 0.0, 0.0, 0.0, 0.0, 0.0, 0.0, 0.0, 0.0, 0.0, 0.0, 0.0, 0.0, 0.0, 0.0, 0.0]
idle
[0.0, 0.0, 0.0, 0.0, 0.0, 0.0, 0.0, 0.0, 0.0, 0.0, 0.0, 0.0, 0.0, 0.0, 0.0, 0.0, 0.0, 0.0, 0.0, 0.0, 0.0, 0.0, 0.0, 0.0, 0.0, 0.0, 0.0, 0.0, 0.0, 0.0, 0.0, 0.0, 0.0, 0.0]

sda data:

util
[119.22, 141.84, 133.33, 141.84, 144.93, 102.5, 141.84, 119.76, 126.62, 145.99, 100.11, 138.89, 118.34, 125.79, 133.33, 116.28, 136.99, 117.19, 142.86, 138.89, 100.77, 141.84, 121.21, 142.86, 140.85, 111.14, 142.86, 114.94, 116.02, 138.89, 116.96, 143.88, 117.65, 113.29]
r_await
[24.0, 86.0, 181.33, 140.0, 56.0, 195.27, 0.0, 160.0, 160.0, 44.0, 0.0, 118.27, 176.78, 115.72, 187.72, 150.09, 156.0, 159.69, 145.45, 116.0, 53.45, 108.0, 0.0, 36.0, 168.0, 104.0, 0.0, 132.0, 188.0, 0.0, 80.0, 120.0, 0.0, 122.29]
avgqusz
[89.35, 117.67, 105.43, 137.42, 142.49, 51.55, 126.3, 85.77, 98.32, 132.33, 64.4, 123.06, 95.94, 95.51, 124.74, 77.05, 134.04, 75.49, 126.18, 116.36, 61.35, 124.82, 78.57, 120.75, 117.35, 59.42, 129.59, 88.97, 78.21, 127.19, 66.9, 123.9, 92.89, 72.79]
await
[518.64, 849.99, 883.16, 882.23, 1019.43, 790.99, 778.02, 945.48, 516.06, 1028.98, 762.01, 724.71, 979.63, 608.59, 1049.81, 668.28, 947.59, 1014.63, 661.82, 911.96, 699.31, 813.42, 913.71, 660.53, 906.09, 679.08, 744.88, 973.13, 700.87, 905.85, 713.62, 847.16, 845.35, 746.18]
rMB
[0.02, 0.01, 0.04, 0.0, 0.0, 0.1, 0.0, 0.0, 0.0, 0.0, 0.0, 0.37, 0.7, 1.14, 0.89, 0.7, 0.87, 0.81, 0.25, 0.0, 0.09, 0.0, 0.0, 0.0, 0.0, 0.0, 0.0, 0.0, 0.09, 0.0, 0.0, 0.0, 0.0, 0.08]
svctm
[10.36, 10.36, 10.81, 10.05, 9.76, 11.86, 10.53, 10.0, 10.75, 10.7, 10.46, 9.8, 9.85, 10.53, 10.64, 10.05, 10.26, 11.07, 10.2, 10.1, 10.54, 10.42, 10.7, 10.53, 10.47, 10.99, 10.53, 10.47, 11.32, 10.42, 10.81, 11.11, 10.53, 10.87]
r
[3.92, 1.42, 2.0, 0.71, 0.72, 5.73, 0.0, 0.6, 0.64, 0.73, 0.0, 20.83, 24.26, 27.04, 19.33, 26.74, 19.86, 15.2, 15.71, 0.69, 6.01, 0.71, 0.0, 0.71, 0.7, 1.14, 0.0, 0.57, 1.86, 0.0, 0.58, 0.72, 0.0, 4.19]
wrqm
[0.0, 28.37, 10.67, 7.09, 14.49, 6.25, 0.0, 7.19, 35.03, 23.36, 7.57, 4.17, 5.92, 0.63, 1.33, 5.81, 26.71, 5.85, 2.14, 0.69, 8.74, 0.0, 23.03, 20.71, 2.11, 9.09, 6.43, 5.75, 0.0, 3.47, 5.85, 16.55, 24.12, 0.6]
w
[111.11, 135.46, 121.33, 140.43, 147.83, 80.73, 134.75, 119.16, 117.2, 135.77, 95.68, 120.83, 95.86, 92.45, 106.0, 88.95, 113.7, 90.64, 124.29, 136.81, 89.62, 135.46, 113.33, 135.0, 133.8, 100.0, 135.71, 109.2, 100.62, 133.33, 107.6, 128.78, 111.76, 100.0]
avgrqsz
[932.68, 953.78, 924.93, 944.12, 906.15, 880.43, 957.56, 940.12, 949.58, 951.91, 947.48, 815.41, 775.33, 734.61, 825.4, 741.15, 823.06, 813.79, 855.43, 938.67, 892.34, 949.92, 945.67, 956.38, 954.51, 930.25, 963.07, 949.74, 919.03, 962.88, 928.48, 966.09, 959.45, 888.51]
wMB
[52.37, 63.74, 55.66, 65.06, 65.72, 37.07, 63.0, 54.97, 54.63, 63.44, 44.26, 56.04, 44.77, 41.73, 49.62, 41.17, 52.81, 41.25, 58.23, 63.02, 41.57, 63.16, 52.33, 63.37, 62.69, 45.93, 63.82, 50.9, 45.9, 62.69, 49.05, 61.08, 52.36, 45.12]
rrqm
[0.0, 0.0, 0.0, 0.0, 0.0, 0.0, 0.0, 0.0, 0.0, 0.0, 0.0, 0.0, 0.0, 0.0, 0.0, 0.58, 0.0, 0.0, 0.0, 0.0, 0.0, 0.0, 0.0, 0.0, 0.0, 0.0, 0.0, 0.0, 0.0, 0.0, 0.0, 0.0, 0.0, 0.0]
w_await
[536.09, 857.99, 894.73, 885.98, 1024.16, 833.26, 778.02, 949.43, 518.0, 1034.28, 762.01, 829.26, 1182.81, 752.76, 1207.04, 824.08, 1085.88, 1158.04, 727.1, 916.0, 742.63, 817.11, 913.71, 663.83, 909.98, 685.61, 744.88, 977.56, 710.37, 905.85, 717.07, 851.22, 845.35, 772.34]
