113 datos recogidos

cpu data:

user
[0.53, 0.52, 0.0, 0.0, 0.52, 0.0, 0.0, 0.0, 0.0, 0.0, 0.51, 0.52, 0.0, 0.0, 0.0, 0.0, 0.53, 0.51, 0.0, 0.52, 0.0, 0.0, 0.52, 0.0, 0.0, 0.53, 0.0, 0.0, 0.0, 0.51, 0.0, 0.0, 0.0, 0.0, 0.0, 0.0, 0.0, 0.0, 0.0, 0.0, 0.52, 0.54, 0.0, 0.0, 0.52, 0.52, 0.0, 0.0, 0.0, 0.52, 0.0, 0.0, 0.52, 0.0, 0.0, 0.0, 0.0, 0.0, 0.0, 0.0, 1.03, 0.0, 0.0, 0.0, 0.52, 0.0, 0.0, 0.0, 0.53, 0.0, 0.0, 0.0, 0.0, 0.0, 0.0, 0.52, 0.52, 0.0, 0.52, 0.0, 0.0, 0.0, 0.53, 0.52, 0.0, 0.0, 0.52, 0.0, 0.52, 0.52, 0.0, 0.0, 0.0, 0.0, 0.53, 0.0, 0.51, 0.0, 0.0, 0.0, 0.0, 0.0, 0.0, 0.52, 0.0, 0.52, 1.06, 0.0, 0.0, 0.52, 0.0, 0.52, 0.0]
nice
[0.0, 0.52, 0.0, 0.0, 0.0, 0.0, 0.0, 0.0, 0.0, 0.0, 0.0, 0.0, 0.0, 0.0, 0.0, 0.0, 0.0, 0.0, 0.0, 0.0, 0.0, 0.51, 0.0, 0.0, 0.0, 0.0, 0.0, 0.0, 0.0, 0.0, 0.0, 0.52, 0.0, 0.0, 0.0, 0.0, 0.0, 0.0, 0.0, 0.0, 0.0, 0.54, 0.0, 0.0, 0.0, 0.0, 0.0, 0.0, 0.0, 0.0, 0.0, 0.0, 0.0, 0.0, 0.0, 0.0, 0.0, 0.0, 0.0, 0.0, 0.0, 0.52, 0.0, 0.0, 0.0, 0.0, 0.0, 0.0, 0.0, 0.0, 0.0, 0.0, 0.0, 0.0, 0.0, 0.0, 0.0, 0.0, 0.0, 0.0, 0.0, 0.52, 0.0, 0.0, 0.0, 0.0, 0.0, 0.0, 0.0, 0.0, 0.0, 0.0, 0.0, 0.0, 0.0, 0.0, 0.0, 0.0, 0.0, 0.0, 0.0, 0.52, 0.0, 0.0, 0.0, 0.0, 0.0, 0.0, 0.0, 0.0, 0.0, 0.52, 0.0]
system
[28.88, 9.42, 9.33, 7.85, 7.33, 9.69, 8.02, 8.16, 9.74, 6.35, 9.23, 9.33, 7.85, 8.9, 7.81, 8.95, 7.37, 6.67, 8.47, 6.77, 8.47, 8.21, 8.76, 7.41, 8.72, 7.89, 8.76, 8.33, 7.33, 9.69, 8.25, 8.38, 8.29, 6.95, 8.29, 9.38, 8.29, 8.67, 8.9, 7.77, 8.33, 12.37, 9.95, 9.9, 8.38, 7.29, 8.9, 8.81, 7.85, 8.29, 9.79, 9.52, 10.36, 8.33, 8.9, 9.38, 8.85, 6.38, 8.56, 9.52, 9.28, 9.79, 9.28, 7.25, 9.9, 8.33, 7.33, 8.47, 7.41, 8.99, 8.9, 8.99, 8.33, 7.29, 10.88, 7.85, 7.81, 9.9, 8.29, 7.29, 10.36, 8.29, 9.47, 6.22, 11.79, 9.52, 9.95, 8.29, 7.85, 8.9, 8.85, 11.73, 7.37, 10.82, 8.95, 8.95, 8.67, 6.28, 8.38, 8.76, 9.47, 8.85, 9.28, 8.81, 9.84, 8.81, 8.47, 8.9, 9.23, 7.33, 8.85, 9.33, 3.55]
iowait
[70.59, 89.53, 90.67, 92.15, 92.15, 90.31, 91.98, 91.84, 90.26, 93.65, 90.26, 90.16, 92.15, 91.1, 92.19, 91.05, 92.11, 92.82, 91.53, 92.71, 91.53, 91.28, 90.72, 92.59, 91.28, 91.58, 91.24, 91.67, 92.67, 89.8, 91.75, 91.1, 91.71, 93.05, 91.71, 90.62, 91.71, 91.33, 91.1, 92.23, 91.15, 86.56, 90.05, 90.1, 91.1, 92.19, 91.1, 91.19, 92.15, 91.19, 90.21, 90.48, 89.12, 91.67, 91.1, 90.62, 91.15, 93.62, 91.44, 90.48, 89.69, 89.69, 90.72, 92.75, 89.58, 91.67, 92.67, 91.53, 92.06, 91.01, 91.1, 91.01, 91.67, 92.71, 89.12, 91.62, 91.67, 90.1, 91.19, 92.71, 89.64, 91.19, 90.0, 93.26, 88.21, 90.48, 89.53, 91.71, 91.62, 90.58, 91.15, 88.27, 92.63, 89.18, 90.53, 91.05, 90.82, 93.72, 91.62, 91.24, 90.53, 90.62, 90.72, 90.67, 90.16, 90.67, 90.48, 91.1, 90.77, 92.15, 91.15, 89.64, 96.45]
steal
[0.0, 0.0, 0.0, 0.0, 0.0, 0.0, 0.0, 0.0, 0.0, 0.0, 0.0, 0.0, 0.0, 0.0, 0.0, 0.0, 0.0, 0.0, 0.0, 0.0, 0.0, 0.0, 0.0, 0.0, 0.0, 0.0, 0.0, 0.0, 0.0, 0.0, 0.0, 0.0, 0.0, 0.0, 0.0, 0.0, 0.0, 0.0, 0.0, 0.0, 0.0, 0.0, 0.0, 0.0, 0.0, 0.0, 0.0, 0.0, 0.0, 0.0, 0.0, 0.0, 0.0, 0.0, 0.0, 0.0, 0.0, 0.0, 0.0, 0.0, 0.0, 0.0, 0.0, 0.0, 0.0, 0.0, 0.0, 0.0, 0.0, 0.0, 0.0, 0.0, 0.0, 0.0, 0.0, 0.0, 0.0, 0.0, 0.0, 0.0, 0.0, 0.0, 0.0, 0.0, 0.0, 0.0, 0.0, 0.0, 0.0, 0.0, 0.0, 0.0, 0.0, 0.0, 0.0, 0.0, 0.0, 0.0, 0.0, 0.0, 0.0, 0.0, 0.0, 0.0, 0.0, 0.0, 0.0, 0.0, 0.0, 0.0, 0.0, 0.0, 0.0]
idle
[0.0, 0.0, 0.0, 0.0, 0.0, 0.0, 0.0, 0.0, 0.0, 0.0, 0.0, 0.0, 0.0, 0.0, 0.0, 0.0, 0.0, 0.0, 0.0, 0.0, 0.0, 0.0, 0.0, 0.0, 0.0, 0.0, 0.0, 0.0, 0.0, 0.0, 0.0, 0.0, 0.0, 0.0, 0.0, 0.0, 0.0, 0.0, 0.0, 0.0, 0.0, 0.0, 0.0, 0.0, 0.0, 0.0, 0.0, 0.0, 0.0, 0.0, 0.0, 0.0, 0.0, 0.0, 0.0, 0.0, 0.0, 0.0, 0.0, 0.0, 0.0, 0.0, 0.0, 0.0, 0.0, 0.0, 0.0, 0.0, 0.0, 0.0, 0.0, 0.0, 0.0, 0.0, 0.0, 0.0, 0.0, 0.0, 0.0, 0.0, 0.0, 0.0, 0.0, 0.0, 0.0, 0.0, 0.0, 0.0, 0.0, 0.0, 0.0, 0.0, 0.0, 0.0, 0.0, 0.0, 0.0, 0.0, 0.0, 0.0, 0.0, 0.0, 0.0, 0.0, 0.0, 0.0, 0.0, 0.0, 0.0, 0.0, 0.0, 0.0, 0.0]

sde data:

util
[94.12, 104.71, 103.63, 104.71, 104.71, 102.04, 106.95, 102.04, 102.56, 105.82, 102.56, 103.63, 104.71, 104.71, 104.17, 105.26, 105.26, 102.56, 105.82, 104.17, 105.82, 102.56, 103.3, 105.82, 102.56, 105.26, 103.09, 104.17, 104.71, 102.04, 103.09, 104.71, 103.63, 106.95, 103.63, 104.17, 103.63, 102.04, 104.71, 103.63, 104.17, 107.53, 104.71, 104.17, 104.71, 104.17, 104.71, 103.63, 104.71, 103.63, 103.09, 105.82, 103.63, 104.17, 104.71, 104.17, 104.17, 106.38, 106.95, 105.82, 103.09, 103.3, 102.89, 103.63, 104.17, 104.17, 104.71, 105.82, 105.82, 105.82, 104.71, 105.82, 104.17, 104.17, 103.63, 104.71, 104.17, 104.17, 103.63, 104.17, 103.63, 103.63, 105.26, 103.63, 102.56, 106.03, 104.71, 103.63, 104.71, 104.71, 104.17, 102.04, 105.26, 103.09, 105.26, 105.26, 102.04, 104.71, 104.71, 103.09, 105.26, 104.17, 103.09, 103.63, 103.63, 103.63, 105.82, 104.71, 102.56, 104.71, 104.17, 103.63, 101.52]
r_await
[40.73, 158.5, 153.14, 177.33, 184.0, 222.0, 140.0, 227.2, 246.4, 201.6, 203.33, 193.71, 183.33, 142.0, 208.0, 164.67, 193.71, 241.0, 166.86, 206.67, 152.67, 196.67, 223.2, 149.71, 224.0, 166.86, 183.2, 212.67, 181.33, 228.67, 227.33, 170.67, 209.33, 147.33, 222.0, 158.29, 186.4, 272.8, 148.0, 174.0, 139.2, 128.0, 154.86, 153.14, 182.67, 202.67, 180.67, 192.0, 198.67, 210.0, 165.33, 158.5, 166.67, 191.33, 161.71, 187.33, 183.33, 152.0, 145.14, 136.5, 202.0, 158.86, 202.4, 192.67, 209.33, 153.71, 200.0, 158.29, 148.0, 165.33, 152.0, 153.14, 220.8, 200.67, 170.29, 157.33, 183.33, 170.29, 174.67, 171.2, 176.0, 196.0, 164.57, 203.2, 176.57, 149.71, 147.43, 190.0, 152.0, 152.0, 168.0, 189.14, 172.67, 157.14, 157.14, 163.33, 192.0, 213.6, 197.33, 190.67, 141.71, 201.33, 162.67, 193.14, 196.67, 164.0, 171.43, 183.33, 198.0, 180.67, 152.0, 205.71, 214.0]
avgqusz
[133.24, 149.27, 149.95, 153.94, 151.46, 143.55, 149.53, 143.6, 149.2, 149.9, 146.14, 145.44, 146.92, 150.14, 145.73, 150.22, 147.31, 150.37, 152.39, 150.37, 157.1, 146.92, 149.21, 152.83, 147.73, 151.32, 147.98, 148.77, 147.4, 145.25, 153.16, 150.59, 149.17, 151.23, 145.84, 147.22, 151.23, 147.95, 149.58, 151.28, 154.02, 153.99, 153.77, 149.51, 152.02, 145.75, 147.53, 151.09, 154.41, 149.19, 147.88, 155.73, 150.13, 152.54, 150.29, 151.54, 153.61, 154.27, 154.65, 152.63, 147.09, 145.39, 147.25, 147.74, 153.35, 151.19, 151.58, 151.01, 154.19, 152.18, 146.62, 150.81, 148.72, 151.32, 144.6, 146.33, 147.51, 149.75, 148.29, 151.51, 152.13, 152.57, 153.11, 151.7, 151.98, 155.16, 151.95, 145.9, 154.46, 153.09, 153.34, 147.99, 152.71, 147.06, 150.63, 147.27, 144.88, 152.13, 152.84, 150.4, 146.72, 149.42, 150.13, 146.63, 150.24, 153.82, 150.3, 150.34, 147.26, 152.3, 151.85, 148.59, 145.22]
await
[489.01, 869.0, 842.3, 847.25, 1025.99, 950.28, 791.82, 1035.74, 983.03, 1043.24, 844.57, 1098.8, 925.51, 862.43, 917.37, 786.87, 1074.55, 921.55, 879.35, 1028.59, 828.05, 1122.16, 971.85, 894.97, 896.44, 778.84, 1027.11, 957.81, 903.45, 1044.06, 921.97, 1090.09, 946.64, 915.5, 966.8, 700.0, 1062.47, 1148.8, 922.78, 917.39, 859.18, 724.82, 788.22, 821.56, 931.06, 914.41, 856.29, 929.64, 1025.64, 995.38, 867.63, 799.57, 834.25, 1014.21, 852.58, 838.34, 1021.25, 860.55, 740.42, 891.48, 840.37, 826.01, 937.99, 1021.55, 918.6, 970.34, 952.17, 905.44, 889.35, 731.78, 858.42, 891.1, 850.37, 917.96, 892.84, 793.6, 973.69, 865.89, 924.87, 961.18, 777.35, 1045.17, 935.97, 940.52, 917.1, 881.71, 786.22, 901.6, 834.82, 886.89, 1009.12, 825.61, 903.48, 929.14, 777.18, 878.02, 944.33, 988.3, 1034.62, 902.24, 777.81, 1013.37, 872.54, 941.29, 892.97, 814.99, 887.72, 976.68, 874.17, 974.3, 880.45, 980.0, 839.76]
rMB
[0.01, 0.0, 0.0, 0.0, 0.0, 0.0, 0.0, 0.0, 0.0, 0.0, 0.0, 0.0, 0.0, 0.0, 0.0, 0.0, 0.0, 0.0, 0.0, 0.0, 0.0, 0.0, 0.0, 0.0, 0.0, 0.0, 0.0, 0.0, 0.0, 0.0, 0.0, 0.0, 0.0, 0.0, 0.0, 0.0, 0.0, 0.0, 0.0, 0.0, 0.0, 0.0, 0.0, 0.0, 0.0, 0.0, 0.0, 0.0, 0.0, 0.0, 0.0, 0.0, 0.0, 0.0, 0.0, 0.0, 0.0, 0.0, 0.0, 0.0, 0.0, 0.0, 0.0, 0.0, 0.0, 0.0, 0.0, 0.0, 0.0, 0.0, 0.0, 0.0, 0.0, 0.0, 0.0, 0.0, 0.0, 0.0, 0.0, 0.0, 0.0, 0.0, 0.0, 0.0, 0.0, 0.0, 0.0, 0.0, 0.0, 0.0, 0.0, 0.0, 0.0, 0.0, 0.0, 0.0, 0.0, 0.0, 0.0, 0.0, 0.0, 0.0, 0.0, 0.0, 0.0, 0.0, 0.0, 0.0, 0.0, 0.0, 0.0, 0.0, 0.0]
svctm
[4.6, 6.35, 6.25, 6.12, 6.25, 7.6, 5.6, 7.22, 7.35, 7.04, 6.45, 6.76, 6.92, 5.76, 6.58, 6.13, 6.64, 7.55, 5.83, 7.19, 5.95, 6.39, 7.39, 5.48, 6.71, 6.69, 6.47, 7.19, 6.39, 7.04, 7.25, 5.88, 7.02, 6.1, 7.38, 5.76, 6.85, 7.55, 5.76, 7.49, 5.62, 4.67, 5.52, 5.85, 6.08, 6.99, 5.95, 6.9, 6.27, 6.92, 6.43, 5.46, 5.87, 6.85, 5.56, 6.19, 6.45, 6.06, 5.54, 5.45, 6.39, 5.79, 7.31, 6.69, 6.71, 6.23, 7.04, 5.71, 6.1, 5.32, 6.47, 5.75, 6.31, 6.13, 6.35, 6.04, 6.45, 6.62, 6.49, 6.13, 6.12, 6.35, 6.33, 6.71, 5.87, 6.15, 5.45, 6.1, 6.29, 5.97, 6.21, 6.45, 6.25, 5.76, 6.47, 5.46, 7.91, 6.6, 6.31, 6.92, 5.57, 6.71, 6.37, 6.6, 5.78, 6.41, 5.93, 6.15, 6.45, 6.29, 6.69, 6.6, 5.65]
r
[11.76, 4.19, 3.63, 3.14, 3.14, 3.06, 3.74, 2.55, 2.56, 2.65, 3.08, 3.63, 3.14, 3.14, 3.12, 3.16, 3.68, 2.05, 3.7, 3.12, 3.17, 3.08, 2.58, 3.7, 2.56, 3.68, 2.58, 3.12, 3.14, 3.06, 3.09, 3.14, 3.11, 3.21, 3.11, 3.65, 2.59, 2.55, 3.66, 3.11, 2.6, 4.84, 3.66, 3.65, 3.14, 3.12, 3.14, 3.11, 3.14, 3.11, 3.09, 4.23, 3.11, 3.12, 3.66, 3.12, 3.12, 3.19, 3.74, 4.23, 3.09, 3.61, 2.58, 3.11, 3.12, 3.65, 2.62, 3.7, 3.7, 3.17, 3.66, 3.7, 2.6, 3.12, 3.63, 3.14, 3.12, 3.65, 3.11, 2.6, 3.63, 3.11, 3.68, 2.59, 3.59, 3.7, 3.66, 3.11, 3.14, 3.66, 3.12, 3.57, 3.16, 3.61, 3.68, 3.16, 3.06, 2.62, 3.14, 3.09, 3.68, 3.12, 3.09, 3.63, 3.11, 3.11, 3.7, 3.14, 3.08, 3.14, 3.12, 3.63, 1.02]
wrqm
[9.63, 18.85, 2.59, 20.42, 4.19, 12.24, 3.74, 2.04, 11.79, 15.34, 12.82, 1.55, 1.05, 21.47, 4.17, 11.05, 4.21, 2.05, 2.12, 24.48, 1.06, 3.59, 20.62, 3.17, 3.59, 20.53, 0.52, 1.56, 2.09, 23.98, 1.03, 5.24, 23.83, 2.14, 4.15, 21.35, 1.04, 0.0, 3.14, 25.91, 5.21, 1.61, 22.51, 11.98, 3.66, 13.02, 3.14, 1.55, 24.61, 1.04, 12.89, 3.17, 1.55, 24.48, 3.14, 2.6, 24.48, 13.3, 3.74, 2.12, 21.13, 2.58, 11.34, 4.66, 1.56, 21.35, 1.57, 1.06, 23.81, 3.17, 12.57, 1.06, 1.04, 25.0, 3.11, 13.61, 2.6, 2.6, 21.24, 2.08, 5.18, 22.8, 1.05, 3.11, 24.1, 4.23, 4.19, 23.83, 5.24, 4.19, 22.4, 2.55, 3.68, 21.13, 2.63, 2.11, 3.06, 23.04, 4.71, 2.58, 24.74, 6.25, 3.61, 22.28, 3.11, 4.15, 21.69, 3.66, 2.56, 1.05, 23.96, 3.63, 19.29]
w
[193.05, 160.73, 162.18, 168.06, 164.4, 131.12, 187.17, 138.78, 136.92, 147.62, 155.9, 149.74, 148.17, 178.53, 155.21, 168.42, 154.74, 133.85, 177.78, 141.67, 174.6, 157.44, 137.11, 189.42, 150.26, 153.68, 156.7, 141.67, 160.73, 141.84, 139.18, 174.87, 144.56, 172.19, 137.31, 177.08, 148.7, 132.65, 178.01, 135.23, 182.81, 225.27, 185.86, 174.48, 169.11, 145.83, 172.77, 147.15, 163.87, 146.63, 157.22, 189.42, 173.58, 148.96, 184.82, 165.1, 158.33, 172.34, 189.3, 189.95, 158.25, 174.74, 138.14, 151.81, 152.08, 163.54, 146.07, 181.48, 169.84, 195.77, 158.12, 180.42, 162.5, 166.67, 159.59, 170.16, 158.33, 153.65, 156.48, 167.19, 165.8, 160.1, 162.63, 151.81, 171.28, 168.78, 188.48, 166.84, 163.35, 171.73, 164.58, 154.59, 165.26, 175.26, 158.95, 189.47, 126.02, 156.02, 162.83, 145.88, 185.26, 152.08, 158.76, 153.37, 176.17, 158.55, 174.6, 167.02, 155.9, 163.35, 152.6, 153.37, 178.68]
avgrqsz
[201.46, 172.47, 173.07, 166.67, 159.14, 159.84, 164.15, 155.02, 157.81, 158.75, 167.31, 158.51, 166.55, 162.65, 154.31, 157.27, 160.0, 154.61, 158.2, 156.53, 156.3, 156.08, 155.38, 156.39, 161.47, 163.77, 158.86, 165.52, 165.41, 155.77, 157.52, 171.85, 165.38, 165.69, 159.73, 155.8, 156.25, 160.14, 156.75, 165.78, 163.99, 158.23, 152.94, 160.42, 155.68, 156.9, 158.57, 162.23, 164.11, 165.29, 166.19, 161.68, 159.41, 159.25, 155.3, 161.43, 161.52, 160.48, 165.61, 153.61, 159.28, 155.13, 163.42, 160.61, 162.84, 163.59, 161.86, 166.67, 157.22, 159.0, 157.07, 159.57, 150.85, 159.97, 164.7, 163.57, 162.29, 159.84, 158.51, 160.62, 165.28, 159.05, 158.32, 159.56, 159.76, 166.78, 158.69, 162.43, 164.18, 166.44, 161.58, 154.9, 164.24, 167.37, 158.69, 159.4, 159.36, 164.48, 158.37, 162.82, 165.5, 170.15, 158.85, 157.46, 160.47, 164.4, 164.13, 154.0, 161.75, 157.33, 161.85, 165.12, 166.42]
wMB
[20.14, 13.89, 14.01, 13.93, 13.02, 10.47, 15.3, 10.7, 10.75, 11.65, 12.99, 11.87, 12.3, 14.43, 11.93, 13.17, 12.37, 10.26, 14.02, 11.07, 13.57, 12.23, 10.6, 14.75, 12.05, 12.58, 12.35, 11.7, 13.23, 11.02, 10.94, 14.94, 11.92, 14.19, 10.95, 13.75, 11.54, 10.57, 13.9, 11.2, 14.85, 17.78, 14.15, 13.95, 13.09, 11.41, 13.62, 11.9, 13.38, 12.08, 13.01, 15.29, 13.75, 11.82, 14.29, 13.26, 12.73, 13.75, 15.61, 14.56, 12.55, 13.51, 11.23, 12.15, 12.34, 13.35, 11.75, 15.07, 13.32, 15.44, 12.41, 14.34, 12.16, 13.26, 13.12, 13.84, 12.79, 12.27, 12.35, 13.31, 13.67, 12.67, 12.86, 12.03, 13.64, 14.04, 14.89, 13.48, 13.35, 14.25, 13.23, 11.96, 13.51, 14.62, 12.6, 14.99, 10.04, 12.74, 12.83, 11.84, 15.27, 12.89, 12.55, 12.07, 14.05, 12.98, 14.29, 12.79, 12.55, 12.79, 12.31, 12.66, 14.6]
rrqm
[0.0, 0.0, 0.0, 0.0, 0.0, 0.0, 0.0, 0.0, 0.0, 0.0, 0.0, 0.0, 0.0, 0.0, 0.0, 0.0, 0.0, 0.0, 0.0, 0.0, 0.0, 0.0, 0.0, 0.0, 0.0, 0.0, 0.0, 0.0, 0.0, 0.0, 0.0, 0.0, 0.0, 0.0, 0.0, 0.0, 0.0, 0.0, 0.0, 0.0, 0.0, 0.0, 0.0, 0.0, 0.0, 0.0, 0.0, 0.0, 0.0, 0.0, 0.0, 0.0, 0.0, 0.0, 0.0, 0.0, 0.0, 0.0, 0.0, 0.0, 0.0, 0.0, 0.0, 0.0, 0.0, 0.0, 0.0, 0.0, 0.0, 0.0, 0.0, 0.0, 0.0, 0.0, 0.0, 0.0, 0.0, 0.0, 0.0, 0.0, 0.0, 0.0, 0.0, 0.0, 0.0, 0.0, 0.0, 0.0, 0.0, 0.0, 0.0, 0.0, 0.0, 0.0, 0.0, 0.0, 0.0, 0.0, 0.0, 0.0, 0.0, 0.0, 0.0, 0.0, 0.0, 0.0, 0.0, 0.0, 0.0, 0.0, 0.0, 0.0, 0.0]
w_await
[516.33, 887.52, 857.71, 859.78, 1042.08, 967.28, 804.86, 1050.6, 996.82, 1058.32, 857.22, 1120.72, 941.24, 875.11, 931.65, 798.54, 1095.52, 931.98, 894.19, 1046.72, 840.33, 1140.25, 985.92, 909.54, 907.92, 793.51, 1040.99, 974.25, 917.56, 1061.65, 937.41, 1106.61, 962.49, 929.81, 983.67, 711.15, 1077.73, 1165.65, 938.73, 934.48, 869.44, 737.64, 800.71, 835.52, 944.97, 929.66, 868.57, 945.23, 1041.5, 1012.03, 881.44, 813.9, 846.21, 1031.47, 866.28, 850.66, 1037.79, 873.67, 752.19, 908.3, 852.85, 839.79, 951.72, 1038.53, 933.18, 988.55, 965.65, 920.69, 905.52, 740.96, 874.79, 906.25, 860.46, 931.41, 909.26, 805.34, 989.29, 882.4, 939.77, 973.48, 790.5, 1061.66, 953.45, 953.11, 932.62, 897.77, 798.64, 914.86, 847.95, 902.57, 1025.09, 840.32, 917.44, 945.04, 791.55, 889.93, 962.61, 1001.3, 1050.78, 917.33, 790.45, 1030.05, 886.36, 958.99, 905.26, 827.75, 902.91, 991.6, 887.51, 989.56, 895.37, 998.31, 843.32]
