72 datos recogidos

cpu data:

user
[2.03, 0.0, 0.0, 0.51, 0.0, 0.51, 0.0, 0.0, 0.0, 0.0, 0.0, 0.0, 0.0, 0.0, 0.5, 0.0, 0.0, 0.0, 0.0, 0.0, 0.0, 0.5, 0.0, 0.0, 0.0, 0.0, 0.5, 0.0, 0.0, 0.51, 0.0, 0.0, 0.0, 0.0, 0.0, 0.51, 0.0, 0.0, 0.0, 0.0, 0.5, 0.0, 0.0, 0.0, 0.0, 0.0, 0.0, 0.0, 0.0, 0.0, 0.0, 0.0, 0.0, 0.51, 0.0, 0.0, 0.0, 0.0, 0.5, 0.0, 0.0, 0.0, 0.0, 0.0, 0.0, 0.5, 0.0, 0.0, 0.0, 0.51, 0.0, 0.0]
nice
[0.0, 0.0, 0.0, 0.0, 0.0, 0.0, 0.0, 0.0, 0.0, 0.0, 0.0, 0.0, 0.0, 0.0, 0.0, 0.0, 0.0, 0.0, 0.5, 0.0, 0.0, 0.0, 0.0, 0.0, 0.0, 0.0, 0.0, 0.0, 0.5, 0.0, 0.0, 0.0, 0.0, 0.0, 0.0, 0.0, 0.0, 0.0, 0.0, 0.0, 0.0, 0.0, 0.0, 0.0, 0.0, 0.0, 0.0, 0.0, 0.0, 0.0, 0.0, 0.0, 0.0, 0.0, 0.0, 0.0, 0.0, 0.0, 0.5, 0.0, 0.0, 0.0, 0.0, 0.0, 0.0, 0.0, 0.0, 0.0, 0.0, 0.0, 0.0, 0.0]
system
[12.18, 7.5, 4.04, 6.06, 9.05, 6.57, 2.01, 11.11, 6.12, 9.6, 7.07, 2.02, 11.0, 7.07, 6.03, 9.14, 1.52, 7.07, 10.0, 6.6, 2.01, 9.55, 7.11, 8.63, 3.02, 6.57, 10.0, 6.57, 2.0, 8.63, 6.6, 8.67, 6.57, 1.52, 10.05, 6.57, 2.02, 9.14, 7.07, 10.1, 2.51, 6.53, 10.05, 8.0, 1.52, 9.14, 7.07, 8.08, 5.53, 6.53, 9.09, 7.07, 2.01, 9.6, 7.54, 8.12, 6.5, 4.06, 9.5, 6.57, 1.52, 9.14, 7.54, 2.53, 8.54, 7.54, 9.6, 7.07, 1.52, 9.09, 6.09, 1.52]
iowait
[85.79, 92.5, 95.96, 93.43, 90.95, 92.93, 97.99, 88.89, 93.88, 90.4, 92.93, 97.98, 89.0, 92.93, 93.47, 90.86, 98.48, 92.93, 89.5, 93.4, 97.99, 89.95, 92.89, 91.37, 96.98, 93.43, 89.5, 93.43, 97.5, 90.86, 93.4, 91.33, 93.43, 98.48, 89.95, 92.93, 97.98, 90.86, 92.93, 89.9, 96.98, 93.47, 89.95, 92.0, 98.48, 90.86, 92.93, 91.92, 94.47, 93.47, 90.91, 92.93, 97.99, 89.9, 92.46, 91.88, 93.5, 95.94, 89.5, 93.43, 98.48, 90.86, 92.46, 97.47, 91.46, 91.96, 90.4, 92.93, 98.48, 90.4, 93.91, 98.48]
steal
[0.0, 0.0, 0.0, 0.0, 0.0, 0.0, 0.0, 0.0, 0.0, 0.0, 0.0, 0.0, 0.0, 0.0, 0.0, 0.0, 0.0, 0.0, 0.0, 0.0, 0.0, 0.0, 0.0, 0.0, 0.0, 0.0, 0.0, 0.0, 0.0, 0.0, 0.0, 0.0, 0.0, 0.0, 0.0, 0.0, 0.0, 0.0, 0.0, 0.0, 0.0, 0.0, 0.0, 0.0, 0.0, 0.0, 0.0, 0.0, 0.0, 0.0, 0.0, 0.0, 0.0, 0.0, 0.0, 0.0, 0.0, 0.0, 0.0, 0.0, 0.0, 0.0, 0.0, 0.0, 0.0, 0.0, 0.0, 0.0, 0.0, 0.0, 0.0, 0.0]
idle
[0.0, 0.0, 0.0, 0.0, 0.0, 0.0, 0.0, 0.0, 0.0, 0.0, 0.0, 0.0, 0.0, 0.0, 0.0, 0.0, 0.0, 0.0, 0.0, 0.0, 0.0, 0.0, 0.0, 0.0, 0.0, 0.0, 0.0, 0.0, 0.0, 0.0, 0.0, 0.0, 0.0, 0.0, 0.0, 0.0, 0.0, 0.0, 0.0, 0.0, 0.0, 0.0, 0.0, 0.0, 0.0, 0.0, 0.0, 0.0, 0.0, 0.0, 0.0, 0.0, 0.0, 0.0, 0.0, 0.0, 0.0, 0.0, 0.0, 0.0, 0.0, 0.0, 0.0, 0.0, 0.0, 0.0, 0.0, 0.0, 0.0, 0.0, 0.0, 0.0]

sda data:

util
[87.51, 93.8, 98.38, 95.76, 91.86, 96.16, 100.5, 90.91, 96.94, 93.13, 94.55, 101.01, 91.2, 95.76, 96.08, 90.96, 101.01, 95.76, 91.4, 96.45, 100.5, 92.26, 94.82, 92.79, 99.3, 96.36, 90.6, 95.15, 100.0, 92.79, 94.21, 93.06, 95.15, 101.52, 91.66, 95.15, 101.01, 92.59, 95.96, 92.93, 98.49, 95.88, 91.46, 94.0, 101.01, 91.98, 95.15, 93.13, 97.09, 96.08, 93.13, 95.35, 100.5, 91.52, 95.08, 92.99, 94.8, 98.68, 90.8, 95.35, 101.01, 91.98, 94.87, 99.39, 92.66, 94.87, 91.52, 94.34, 101.01, 91.52, 96.04, 101.01]
r_await
[28.88, 51.67, 91.4, 57.38, 40.52, 56.75, 197.2, 38.17, 61.55, 38.31, 59.12, 212.44, 40.61, 56.73, 60.52, 39.38, 211.11, 58.38, 36.98, 58.06, 225.78, 41.91, 57.55, 40.7, 138.57, 68.62, 40.17, 54.84, 229.78, 39.48, 59.73, 39.39, 59.0, 229.5, 42.09, 57.29, 222.22, 38.35, 61.6, 40.17, 123.5, 74.83, 36.36, 63.87, 231.0, 40.78, 57.82, 49.26, 78.83, 72.0, 38.27, 57.09, 223.11, 40.96, 57.81, 46.7, 62.0, 113.5, 38.91, 55.75, 224.0, 39.91, 57.94, 134.0, 41.89, 64.5, 39.55, 57.25, 240.0, 41.78, 60.39, 244.0]
avgqusz
[99.11, 39.4, 70.54, 112.64, 62.38, 75.57, 117.98, 67.79, 92.41, 65.4, 67.1, 119.63, 64.06, 67.36, 90.0, 59.39, 72.28, 125.04, 62.77, 74.67, 100.51, 65.02, 99.61, 55.84, 69.03, 124.7, 63.35, 75.26, 96.94, 67.6, 95.94, 60.78, 63.87, 128.94, 59.19, 70.64, 97.13, 72.23, 96.69, 56.79, 67.67, 121.68, 61.62, 70.55, 102.92, 64.5, 94.81, 62.74, 68.91, 123.08, 60.88, 74.67, 97.69, 67.21, 96.44, 61.3, 66.79, 127.5, 60.57, 69.05, 107.35, 66.04, 93.86, 63.45, 70.07, 116.42, 59.75, 60.2, 129.61, 58.47, 62.58, 121.33]
await
[535.59, 970.25, 732.1, 761.64, 1208.44, 768.41, 1165.34, 796.81, 798.76, 1235.49, 805.8, 979.92, 863.98, 764.63, 793.92, 1281.89, 970.71, 790.21, 1079.38, 807.21, 1418.58, 789.2, 792.38, 1388.71, 897.86, 798.89, 1051.3, 803.98, 1474.3, 763.63, 795.24, 1329.91, 799.68, 967.31, 1044.54, 823.38, 1357.83, 782.11, 812.87, 1324.56, 937.59, 809.04, 1045.0, 828.6, 1432.86, 796.37, 786.71, 1428.24, 841.25, 800.38, 1065.52, 786.12, 1400.99, 766.28, 800.62, 1439.93, 795.07, 874.92, 1102.31, 832.25, 1360.08, 812.27, 785.54, 1705.26, 711.1, 776.84, 1302.96, 947.08, 1034.64, 1187.95, 910.32, 1181.41]
rMB
[0.02, 0.01, 0.0, 0.01, 0.01, 0.01, 0.0, 0.01, 0.01, 0.01, 0.01, 0.0, 0.01, 0.01, 0.01, 0.01, 0.0, 0.01, 0.01, 0.01, 0.0, 0.01, 0.01, 0.01, 0.0, 0.01, 0.01, 0.01, 0.0, 0.01, 0.01, 0.01, 0.01, 0.0, 0.01, 0.01, 0.0, 0.01, 0.01, 0.01, 0.0, 0.01, 0.01, 0.01, 0.0, 0.01, 0.01, 0.01, 0.01, 0.01, 0.01, 0.01, 0.0, 0.01, 0.01, 0.01, 0.01, 0.0, 0.01, 0.01, 0.0, 0.01, 0.01, 0.0, 0.01, 0.01, 0.01, 0.01, 0.0, 0.01, 0.01, 0.0]
svctm
[8.75, 12.26, 12.1, 10.53, 10.1, 10.24, 11.76, 9.89, 11.11, 10.19, 10.95, 12.74, 9.81, 11.09, 11.31, 10.18, 13.7, 11.63, 10.57, 11.38, 13.42, 10.61, 11.97, 10.75, 12.92, 12.08, 10.18, 11.63, 13.7, 10.51, 11.82, 10.36, 11.56, 13.89, 10.79, 11.7, 13.25, 10.36, 12.1, 10.7, 12.98, 12.15, 10.83, 11.82, 13.89, 10.6, 11.49, 10.85, 11.85, 12.26, 10.78, 11.24, 13.42, 10.41, 11.75, 10.84, 11.29, 13.14, 10.81, 12.03, 13.42, 10.18, 12.1, 13.48, 11.18, 12.03, 11.19, 11.97, 14.49, 11.54, 12.45, 14.71]
r
[32.49, 18.0, 10.1, 16.16, 23.12, 16.16, 5.03, 23.23, 15.82, 22.73, 16.16, 4.55, 23.0, 16.67, 15.58, 22.84, 4.55, 16.16, 22.5, 16.75, 4.52, 22.11, 15.74, 23.35, 7.04, 13.13, 23.0, 15.66, 4.5, 23.35, 15.23, 23.47, 16.16, 4.06, 23.12, 15.66, 4.55, 23.35, 15.15, 23.23, 8.04, 12.06, 22.61, 15.5, 4.04, 23.35, 16.67, 19.19, 12.06, 12.56, 22.22, 16.67, 4.52, 23.23, 15.58, 20.3, 15.0, 8.12, 22.0, 16.16, 4.55, 22.84, 15.58, 8.08, 19.1, 16.08, 22.22, 16.16, 4.04, 22.73, 15.74, 4.04]
wrqm
[48.73, 44.0, 16.16, 0.51, 84.42, 0.0, 0.0, 84.85, 0.0, 82.32, 0.0, 0.51, 83.5, 33.33, 0.5, 82.23, 0.0, 0.0, 84.5, 0.51, 0.0, 82.41, 0.51, 0.0, 83.42, 1.01, 83.0, 0.51, 0.0, 84.26, 0.51, 84.69, 0.0, 0.51, 83.42, 1.01, 0.0, 85.28, 0.51, 82.83, 0.0, 0.5, 83.42, 0.5, 0.0, 84.26, 0.51, 0.0, 85.43, 0.5, 83.84, 0.51, 0.0, 85.86, 0.5, 0.0, 83.0, 1.02, 82.0, 0.0, 0.51, 84.26, 0.0, 0.0, 83.42, 0.5, 82.83, 0.0, 1.01, 84.85, 0.51, 0.0]
w
[67.51, 58.5, 71.21, 74.75, 67.84, 77.78, 80.4, 68.69, 71.43, 68.69, 70.2, 74.75, 70.0, 69.7, 69.35, 66.5, 69.19, 66.16, 64.0, 68.02, 70.35, 64.82, 63.45, 62.94, 69.85, 66.67, 66.0, 66.16, 68.5, 64.97, 64.47, 66.33, 66.16, 69.04, 61.81, 65.66, 71.72, 65.99, 64.14, 63.64, 67.84, 66.83, 61.81, 64.0, 68.69, 63.45, 66.16, 66.67, 69.85, 65.83, 64.14, 68.18, 70.35, 64.65, 65.33, 65.48, 69.0, 67.01, 62.0, 63.13, 70.71, 67.51, 62.81, 65.66, 63.82, 62.81, 59.6, 62.63, 65.66, 56.57, 61.42, 64.65]
avgrqsz
[147.7, 172.37, 204.38, 182.07, 162.71, 183.35, 218.65, 172.58, 191.67, 177.96, 194.81, 231.75, 175.31, 195.37, 197.66, 177.58, 224.04, 197.94, 180.31, 195.02, 231.2, 180.23, 200.46, 176.93, 215.37, 206.19, 173.44, 200.83, 230.25, 173.24, 199.89, 174.59, 202.8, 233.89, 170.46, 196.12, 232.32, 172.51, 200.85, 175.52, 217.06, 210.7, 174.9, 199.84, 234.83, 176.42, 198.3, 191.42, 202.25, 210.11, 172.06, 199.05, 231.31, 171.47, 197.86, 186.37, 196.24, 221.57, 171.64, 197.71, 228.84, 180.98, 197.84, 218.3, 182.98, 194.29, 174.94, 189.23, 233.22, 169.94, 194.73, 230.35]
wMB
[7.19, 6.43, 8.11, 8.07, 7.21, 8.4, 9.12, 7.73, 8.16, 7.93, 8.21, 8.97, 7.95, 8.23, 8.19, 7.74, 8.06, 7.95, 7.6, 8.06, 8.45, 7.64, 7.74, 7.44, 8.08, 8.03, 7.53, 8.02, 8.21, 7.46, 7.77, 7.64, 8.14, 8.35, 7.06, 7.78, 8.65, 7.51, 7.77, 7.43, 8.04, 8.11, 7.2, 7.75, 8.34, 7.47, 8.01, 8.02, 8.08, 8.04, 7.24, 8.24, 8.45, 7.35, 7.81, 7.8, 8.04, 8.12, 7.03, 7.65, 8.41, 7.97, 7.57, 7.86, 7.4, 7.48, 6.98, 7.27, 7.93, 6.57, 7.33, 7.72]
rrqm
[2.54, 0.0, 0.0, 0.0, 0.0, 0.0, 0.0, 0.0, 0.0, 0.0, 0.0, 0.0, 0.0, 0.0, 0.0, 0.0, 0.0, 0.0, 0.0, 0.0, 0.0, 0.0, 0.0, 0.0, 0.0, 0.0, 0.0, 0.0, 0.0, 0.0, 0.0, 0.0, 0.0, 0.0, 0.0, 0.0, 0.0, 0.0, 0.0, 0.0, 0.0, 0.0, 0.0, 0.0, 0.0, 0.0, 0.0, 0.0, 0.0, 0.0, 0.0, 0.0, 0.0, 0.0, 0.0, 0.0, 0.0, 0.0, 0.0, 0.0, 0.0, 0.0, 0.0, 0.0, 0.0, 0.0, 0.0, 0.0, 0.0, 0.0, 0.0, 0.0]
w_await
[779.43, 1252.89, 822.98, 913.92, 1606.4, 916.29, 1225.85, 1053.41, 962.0, 1631.62, 977.7, 1026.59, 1134.51, 933.91, 958.67, 1708.7, 1020.61, 968.98, 1445.84, 991.7, 1495.26, 1044.09, 974.62, 1888.77, 974.33, 942.73, 1403.67, 981.25, 1556.06, 1023.88, 968.98, 1786.55, 980.61, 1010.71, 1419.45, 1006.06, 1429.8, 1045.29, 990.33, 1793.46, 1034.07, 941.53, 1414.02, 1013.81, 1503.56, 1074.43, 970.32, 1825.21, 972.89, 939.39, 1421.42, 964.33, 1476.71, 1026.94, 977.75, 1871.94, 954.43, 967.21, 1479.65, 1031.04, 1433.11, 1073.59, 965.98, 1898.65, 911.34, 959.2, 1774.07, 1176.71, 1083.54, 1648.46, 1128.07, 1240.0]
