15 datos recogidos

cpu data:

user
[1.08, 1.61, 1.04, 0.53, 1.04, 1.53, 1.08, 0.52, 0.0, 1.04, 0.52, 0.53, 0.52, 1.06, 0.52]
nice
[0.0, 0.0, 0.0, 0.0, 0.0, 0.0, 0.54, 0.0, 0.0, 0.0, 0.0, 0.0, 0.0, 0.0, 0.0]
system
[68.28, 73.12, 69.79, 67.55, 81.77, 76.02, 74.73, 78.35, 78.42, 82.81, 75.26, 80.0, 75.39, 75.53, 79.58]
iowait
[30.65, 25.27, 29.17, 31.91, 17.19, 22.45, 23.66, 21.13, 21.58, 16.15, 24.23, 19.47, 24.08, 23.4, 19.9]
steal
[0.0, 0.0, 0.0, 0.0, 0.0, 0.0, 0.0, 0.0, 0.0, 0.0, 0.0, 0.0, 0.0, 0.0, 0.0]
idle
[0.0, 0.0, 0.0, 0.0, 0.0, 0.0, 0.0, 0.0, 0.0, 0.0, 0.0, 0.0, 0.0, 0.0, 0.0]

sdd data:

util
[106.02, 107.53, 104.17, 106.38, 104.17, 102.04, 107.53, 103.09, 105.26, 104.17, 103.09, 105.26, 104.5, 106.6, 104.71]
r_await
[32.0, 84.0, 0.0, 0.0, 0.0, 0.0, 0.0, 0.0, 0.0, 0.0, 0.0, 56.0, 0.0, 0.0, 0.0]
avgqusz
[64.49, 64.31, 64.49, 70.36, 66.66, 55.2, 63.41, 57.66, 65.38, 61.9, 59.1, 61.01, 53.33, 66.1, 60.68]
await
[222.78, 221.89, 261.35, 264.93, 234.01, 197.55, 266.91, 218.35, 242.88, 225.68, 245.72, 224.62, 202.08, 253.55, 231.94]
rMB
[0.01, 0.0, 0.0, 0.0, 0.0, 0.0, 0.0, 0.0, 0.0, 0.0, 0.0, 0.0, 0.0, 0.0, 0.0]
svctm
[4.16, 3.76, 4.03, 4.02, 3.62, 4.09, 4.06, 4.03, 3.96, 3.83, 4.09, 3.93, 4.19, 3.98, 3.91]
r
[2.69, 0.54, 0.0, 0.0, 0.0, 0.0, 0.0, 0.0, 0.0, 0.0, 0.0, 0.53, 0.0, 0.0, 0.0]
wrqm
[128.49, 116.13, 122.92, 143.62, 196.88, 135.2, 134.41, 118.04, 163.16, 164.58, 138.14, 122.11, 142.41, 107.98, 131.94]
w
[252.15, 285.48, 258.33, 264.89, 288.02, 249.49, 265.05, 255.67, 265.79, 271.88, 252.06, 267.37, 249.21, 267.55, 267.54]
avgrqsz
[679.58, 686.12, 715.56, 681.22, 699.95, 776.02, 781.06, 779.21, 752.62, 765.81, 764.29, 762.61, 774.55, 752.59, 756.62]
wMB
[84.55, 95.82, 90.26, 88.11, 98.44, 94.54, 101.09, 97.28, 97.67, 101.66, 94.07, 99.75, 94.25, 98.32, 98.84]
rrqm
[0.0, 0.0, 0.0, 0.0, 0.0, 0.0, 0.0, 0.0, 0.0, 0.0, 0.0, 0.0, 0.0, 0.0, 0.0]
w_await
[224.81, 222.15, 261.35, 264.93, 234.01, 197.55, 266.91, 218.35, 242.88, 225.68, 245.72, 224.95, 202.08, 253.55, 231.94]
