44 datos recogidos

cpu data:

user
[40.2, 34.5, 29.38, 6.72, 3.17, 2.34, 1.57, 3.15, 2.38, 0.79, 10.71, 7.45, 8.93, 10.3, 11.59, 9.77, 11.11, 10.98, 11.7, 9.41, 8.67, 9.77, 9.09, 6.9, 6.9, 10.47, 9.3, 11.7, 8.82, 4.73, 10.06, 8.24, 10.06, 13.48, 9.94, 12.71, 14.44, 16.15, 18.23, 12.77, 13.99, 11.46, 6.15, 6.19]
nice
[0.0, 0.0, 0.0, 0.0, 0.0, 0.0, 0.0, 0.0, 0.79, 0.0, 0.0, 0.0, 0.0, 0.0, 0.0, 0.0, 0.0, 0.0, 0.0, 0.0, 0.0, 0.0, 0.0, 0.0, 0.0, 0.0, 0.0, 0.0, 0.59, 0.0, 0.0, 0.0, 0.0, 0.0, 0.0, 0.0, 0.0, 0.0, 0.0, 0.0, 0.0, 0.0, 0.0, 0.0]
system
[54.77, 65.0, 54.64, 12.69, 7.94, 8.59, 8.66, 4.72, 4.76, 5.56, 18.45, 18.63, 22.02, 17.58, 17.07, 12.07, 14.62, 16.18, 16.96, 16.47, 17.92, 16.09, 13.07, 15.52, 16.67, 17.44, 13.37, 14.62, 23.53, 24.26, 16.57, 21.18, 14.2, 13.48, 18.23, 17.13, 19.25, 21.88, 19.79, 21.28, 20.21, 13.54, 7.69, 8.25]
iowait
[5.03, 0.5, 15.98, 80.6, 88.89, 89.06, 89.76, 92.13, 92.06, 93.65, 70.83, 73.91, 69.05, 72.12, 71.34, 78.16, 74.27, 72.83, 71.35, 74.12, 73.41, 74.14, 77.84, 77.59, 76.44, 72.09, 77.33, 73.68, 67.06, 71.01, 73.37, 70.59, 75.74, 73.03, 71.82, 70.17, 66.31, 61.98, 61.98, 65.96, 65.8, 75.0, 86.15, 85.57]
steal
[0.0, 0.0, 0.0, 0.0, 0.0, 0.0, 0.0, 0.0, 0.0, 0.0, 0.0, 0.0, 0.0, 0.0, 0.0, 0.0, 0.0, 0.0, 0.0, 0.0, 0.0, 0.0, 0.0, 0.0, 0.0, 0.0, 0.0, 0.0, 0.0, 0.0, 0.0, 0.0, 0.0, 0.0, 0.0, 0.0, 0.0, 0.0, 0.0, 0.0, 0.0, 0.0, 0.0, 0.0]
idle
[0.0, 0.0, 0.0, 0.0, 0.0, 0.0, 0.0, 0.0, 0.0, 0.0, 0.0, 0.0, 0.0, 0.0, 0.0, 0.0, 0.0, 0.0, 0.0, 0.0, 0.0, 0.0, 0.0, 0.0, 0.0, 0.0, 0.0, 0.0, 0.0, 0.0, 0.0, 0.0, 0.0, 0.0, 0.0, 0.0, 0.0, 0.0, 0.0, 0.0, 0.0, 0.0, 0.0, 0.0]

sda data:

util
[21.11, 100.0, 103.09, 149.25, 158.73, 156.25, 157.48, 157.48, 158.73, 158.73, 119.05, 124.22, 119.05, 121.21, 121.95, 114.94, 116.96, 115.61, 116.96, 117.65, 115.61, 114.94, 113.64, 114.94, 114.94, 116.28, 116.28, 116.96, 117.65, 118.34, 118.34, 117.65, 118.34, 112.36, 110.72, 110.5, 106.95, 104.17, 104.17, 106.38, 103.63, 104.17, 102.56, 103.09]
r_await
[6.4, 0.0, 0.0, 0.0, 0.0, 0.0, 0.0, 0.0, 0.0, 0.0, 0.0, 0.0, 0.0, 292.0, 0.0, 0.0, 0.0, 68.0, 0.0, 0.0, 0.0, 0.0, 0.0, 0.0, 0.0, 104.0, 0.0, 0.0, 0.0, 0.0, 0.0, 0.0, 0.0, 260.0, 0.0, 0.0, 0.0, 0.0, 300.0, 0.0, 372.0, 0.0, 52.0, 224.0]
avgqusz
[28.3, 139.47, 148.34, 213.2, 228.62, 223.91, 225.58, 226.75, 226.29, 229.32, 170.02, 178.78, 170.82, 174.0, 175.11, 164.31, 168.58, 165.27, 167.55, 168.7, 165.91, 165.96, 163.15, 163.99, 165.48, 167.62, 166.11, 169.75, 169.02, 169.78, 169.39, 168.32, 169.83, 160.8, 159.8, 158.05, 153.49, 149.28, 149.34, 152.21, 148.46, 150.45, 146.18, 148.09]
await
[171.62, 1379.15, 2306.43, 2480.48, 2497.03, 2517.22, 2517.12, 2518.41, 2519.03, 2497.51, 2506.17, 2480.88, 2530.83, 2514.12, 2540.8, 2518.56, 2508.63, 2538.35, 2742.82, 2953.48, 2954.96, 3051.55, 3231.4, 3293.73, 3273.71, 2696.6, 2965.65, 3165.1, 2415.97, 2547.38, 2981.75, 3180.69, 2895.08, 3046.59, 3427.86, 3250.97, 2884.67, 2961.92, 2998.95, 3203.68, 3319.32, 2685.33, 1808.09, 1900.09]
rMB
[0.04, 0.0, 0.0, 0.0, 0.0, 0.0, 0.0, 0.0, 0.0, 0.0, 0.0, 0.0, 0.0, 0.01, 0.0, 0.0, 0.0, 0.0, 0.0, 0.0, 0.0, 0.0, 0.0, 0.0, 0.0, 0.0, 0.0, 0.0, 0.0, 0.0, 0.0, 0.0, 0.0, 0.0, 0.0, 0.0, 0.0, 0.0, 0.0, 0.0, 0.01, 0.0, 0.0, 0.01]
svctm
[13.12, 16.39, 17.09, 17.24, 17.7, 17.39, 17.54, 17.7, 17.39, 17.54, 17.24, 17.54, 17.7, 17.7, 17.39, 17.54, 17.54, 18.35, 20.41, 20.62, 20.83, 22.73, 22.99, 22.73, 20.83, 17.7, 26.67, 17.24, 16.39, 20.62, 22.47, 20.41, 20.83, 24.39, 23.3, 19.8, 20.83, 20.83, 21.98, 22.99, 22.73, 14.18, 11.76, 15.27]
r
[2.51, 0.0, 0.0, 0.0, 0.0, 0.0, 0.0, 0.0, 0.0, 0.0, 0.0, 0.0, 0.0, 0.61, 0.0, 0.0, 0.0, 0.58, 0.0, 0.0, 0.0, 0.0, 0.0, 0.0, 0.0, 0.58, 0.0, 0.0, 0.0, 0.0, 0.0, 0.0, 0.0, 0.56, 0.0, 0.0, 0.0, 0.0, 0.52, 0.0, 0.52, 0.0, 0.51, 1.03]
wrqm
[2348.24, 1860.0, 2045.36, 2961.19, 2361.9, 3100.0, 2343.31, 3124.41, 2361.9, 3149.21, 2361.9, 1848.45, 2361.9, 1803.64, 2419.51, 1710.34, 2300.0, 1713.29, 1720.47, 1726.47, 1720.23, 1701.15, 1667.05, 1555.17, 1685.06, 1730.23, 1153.49, 2291.23, 2285.88, 1729.59, 1502.96, 1727.65, 1710.65, 987.08, 1440.88, 1585.64, 1479.68, 1442.71, 1364.06, 773.94, 275.65, 370.83, 732.31, 1103.61]
w
[13.57, 61.0, 60.31, 86.57, 89.68, 89.84, 89.76, 88.98, 91.27, 90.48, 69.05, 70.81, 67.26, 67.88, 70.12, 65.52, 66.67, 62.43, 57.31, 57.06, 55.49, 50.57, 49.43, 50.57, 55.17, 65.12, 43.6, 67.84, 71.76, 57.4, 52.66, 57.65, 56.8, 45.51, 47.51, 55.8, 51.34, 50.0, 46.88, 46.28, 45.08, 73.44, 86.67, 66.49]
avgrqsz
[190.5, 245.31, 253.88, 256.0, 256.0, 256.0, 256.0, 256.0, 256.0, 256.0, 256.0, 256.0, 256.0, 254.09, 256.0, 256.0, 256.0, 253.06, 252.98, 255.18, 250.58, 256.0, 254.53, 255.45, 241.92, 240.99, 256.0, 256.0, 253.38, 249.07, 255.28, 225.88, 243.58, 251.8, 247.81, 214.89, 247.5, 239.25, 237.27, 238.16, 218.73, 78.3, 40.24, 84.21]
wMB
[1.45, 7.31, 7.48, 10.82, 11.21, 11.23, 11.22, 11.12, 11.41, 11.31, 8.63, 8.85, 8.41, 8.48, 8.77, 8.19, 8.33, 7.78, 7.08, 7.11, 6.79, 6.32, 6.14, 6.31, 6.52, 7.73, 5.45, 8.48, 8.88, 6.98, 6.56, 6.36, 6.76, 5.66, 5.75, 5.86, 6.2, 5.84, 5.49, 5.38, 4.86, 2.81, 1.71, 2.77]
rrqm
[8.54, 0.0, 0.0, 0.0, 0.0, 0.0, 0.0, 0.0, 0.0, 0.0, 0.0, 0.0, 0.0, 2.42, 0.0, 0.0, 0.0, 0.58, 0.0, 0.0, 0.0, 0.0, 0.0, 0.0, 0.0, 0.0, 0.0, 0.0, 0.0, 0.0, 0.0, 0.0, 0.0, 0.0, 0.0, 0.0, 0.0, 0.0, 0.0, 0.0, 1.04, 0.0, 0.0, 1.55]
w_await
[202.22, 1379.15, 2306.43, 2480.48, 2497.03, 2517.22, 2517.12, 2518.41, 2519.03, 2497.51, 2506.17, 2480.88, 2530.83, 2533.96, 2540.8, 2518.56, 2508.63, 2561.22, 2742.82, 2953.48, 2954.96, 3051.55, 3231.4, 3293.73, 3273.71, 2719.75, 2965.65, 3165.1, 2415.97, 2547.38, 2981.75, 3180.69, 2895.08, 3080.99, 3427.86, 3250.97, 2884.67, 2961.92, 3028.93, 3203.68, 3353.2, 2685.33, 1818.49, 1926.08]
