5 datos recogidos

cpu data:

user
[1.76, 0.0, 0.58, 0.62, 0.65]
nice
[0.0, 0.0, 0.0, 0.0, 0.0]
system
[44.12, 36.02, 24.28, 31.06, 28.1]
iowait
[54.12, 63.98, 75.14, 68.32, 71.24]
steal
[0.0, 0.0, 0.0, 0.0, 0.0]
idle
[0.0, 0.0, 0.0, 0.0, 0.0]

sda data:

util
[101.18, 124.22, 114.45, 124.22, 130.72]
r_await
[17.71, 28.0, 140.0, 158.86, 132.0]
avgqusz
[40.31, 64.31, 51.88, 73.53, 81.84]
await
[348.99, 502.78, 515.86, 513.67, 636.2]
rMB
[0.03, 0.0, 0.0, 0.02, 0.0]
svctm
[10.18, 10.36, 10.05, 9.85, 10.05]
r
[4.12, 0.62, 0.58, 4.35, 0.65]
wrqm
[0.0, 0.0, 8.09, 0.0, 0.0]
w
[95.29, 119.25, 113.29, 121.74, 129.41]
avgrqsz
[946.18, 1014.76, 940.22, 898.52, 982.87]
wMB
[45.9, 59.39, 52.28, 55.3, 62.42]
rrqm
[0.0, 0.0, 0.0, 0.0, 0.0]
w_await
[363.31, 505.25, 517.78, 526.35, 638.75]
