sda data:
29 datos recogidos
util
[78.92, 108.7, 104.71, 102.56, 110.5, 101.52, 105.26, 108.7, 100.5, 109.89, 104.17, 104.71, 110.11, 101.52, 109.29, 106.38, 104.71, 108.7, 102.04, 105.82, 105.82, 103.09, 108.7, 103.63, 104.71, 106.95, 100.5, 109.29, 104.17]
r_await
[16.0, 0.0, 0.0, 0.0, 0.0, 0.0, 0.0, 0.0, 0.0, 0.0, 0.0, 0.0, 0.0, 0.0, 0.0, 0.0, 0.0, 0.0, 0.0, 0.0, 0.0, 0.0, 0.0, 0.0, 0.0, 0.0, 0.0, 0.0, 0.0]
avgqusz
[103.06, 155.28, 147.2, 80.32, 159.31, 121.82, 104.36, 154.33, 81.56, 157.09, 132.94, 95.07, 158.64, 99.45, 129.46, 144.14, 87.84, 155.63, 112.72, 113.43, 147.64, 82.89, 156.08, 118.98, 105.51, 153.77, 75.43, 158.23, 140.38]
await
[679.74, 1782.55, 1956.86, 1570.15, 1422.78, 1968.55, 1188.44, 1822.12, 1751.62, 1299.73, 1959.68, 1283.86, 1734.31, 1967.21, 1041.97, 1957.1, 1444.64, 1585.88, 1955.92, 1122.72, 1861.43, 1560.9, 1462.86, 1902.5, 1137.93, 1805.52, 1940.54, 1024.5, 1976.05]
rMB
[0.0, 0.0, 0.0, 0.0, 0.0, 0.0, 0.0, 0.0, 0.0, 0.0, 0.0, 0.0, 0.0, 0.0, 0.0, 0.0, 0.0, 0.0, 0.0, 0.0, 0.0, 0.0, 0.0, 0.0, 0.0, 0.0, 0.0, 0.0, 0.0]
svctm
[13.52, 13.7, 13.42, 13.99, 13.61, 13.7, 13.7, 13.79, 13.61, 13.7, 13.51, 14.39, 13.63, 13.61, 14.08, 13.79, 13.89, 13.42, 13.89, 13.89, 13.51, 13.99, 13.25, 13.42, 14.18, 13.33, 13.61, 13.79, 13.42]
r
[0.54, 0.0, 0.0, 0.0, 0.0, 0.0, 0.0, 0.0, 0.0, 0.0, 0.0, 0.0, 0.0, 0.0, 0.0, 0.0, 0.0, 0.0, 0.0, 0.0, 0.0, 0.0, 0.0, 0.0, 0.0, 0.0, 0.0, 0.0, 0.0]
wrqm
[0.0, 0.0, 4.71, 0.0, 0.0, 1.52, 0.0, 2.17, 0.0, 0.0, 1.56, 0.0, 0.0, 2.03, 0.0, 1.6, 0.0, 0.0, 1.53, 0.0, 2.12, 0.0, 0.0, 1.55, 0.0, 0.0, 1.51, 0.0, 3.12]
w
[57.84, 79.35, 78.01, 73.33, 81.22, 74.11, 76.84, 78.8, 73.87, 80.22, 77.08, 72.77, 80.77, 74.62, 77.6, 77.13, 75.39, 80.98, 73.47, 76.19, 78.31, 73.71, 82.07, 77.2, 73.82, 80.21, 73.87, 79.23, 77.6]
avgrqsz
[253.7, 256.0, 256.0, 253.03, 256.0, 256.0, 252.77, 256.0, 242.72, 256.0, 256.0, 252.6, 256.0, 256.0, 250.99, 256.0, 252.72, 256.0, 256.0, 252.72, 256.0, 251.02, 256.0, 256.0, 252.65, 256.0, 252.84, 254.23, 256.0]
wMB
[7.23, 9.92, 9.75, 9.06, 10.15, 9.26, 9.48, 9.85, 8.75, 10.03, 9.64, 8.98, 10.1, 9.33, 9.51, 9.64, 9.3, 10.12, 9.18, 9.4, 9.79, 9.03, 10.26, 9.65, 9.11, 10.03, 9.12, 9.84, 9.7]
rrqm
[0.0, 0.0, 0.0, 0.0, 0.0, 0.0, 0.0, 0.0, 0.0, 0.0, 0.0, 0.0, 0.0, 0.0, 0.0, 0.0, 0.0, 0.0, 0.0, 0.0, 0.0, 0.0, 0.0, 0.0, 0.0, 0.0, 0.0, 0.0, 0.0]
w_await
[685.94, 1782.55, 1956.86, 1570.15, 1422.78, 1968.55, 1188.44, 1822.12, 1751.62, 1299.73, 1959.68, 1283.86, 1734.31, 1967.21, 1041.97, 1957.1, 1444.64, 1585.88, 1955.92, 1122.72, 1861.43, 1560.9, 1462.86, 1902.5, 1137.93, 1805.52, 1940.54, 1024.5, 1976.05]
