89 datos recogidos

cpu data:

user
[69.85, 75.0, 70.15, 72.0, 72.86, 69.15, 76.0, 71.5, 67.0, 69.35, 74.87, 72.5, 72.5, 75.12, 62.63, 86.5, 89.05, 90.5, 69.65, 69.0, 69.15, 70.0, 72.36, 70.5, 70.15, 67.34, 70.0, 71.0, 64.18, 70.85, 67.5, 70.5, 74.0, 69.5, 70.0, 74.0, 71.0, 74.0, 71.14, 66.33, 72.0, 71.64, 71.36, 69.65, 65.83, 72.5, 71.5, 68.0, 73.5, 67.66, 68.5, 71.86, 71.0, 71.5, 69.65, 69.35, 73.0, 72.5, 67.5, 74.0, 71.0, 73.0, 72.0, 68.16, 70.85, 72.5, 64.0, 69.65, 73.87, 67.5, 72.5, 68.5, 72.0, 74.63, 71.36, 73.5, 71.5, 70.65, 69.85, 70.85, 73.63, 69.5, 64.5, 70.5, 76.0, 67.34, 69.5, 65.5, 68.5]
nice
[0.0, 0.0, 0.0, 0.0, 0.0, 0.0, 0.0, 0.0, 0.0, 0.0, 0.0, 0.0, 0.0, 0.0, 0.0, 0.0, 0.0, 0.0, 0.0, 0.5, 0.0, 0.0, 0.0, 0.0, 0.0, 0.0, 0.0, 0.0, 0.0, 0.5, 0.0, 0.0, 0.0, 0.0, 0.0, 0.0, 0.0, 0.0, 0.0, 0.5, 0.0, 0.0, 0.0, 0.0, 0.0, 0.0, 0.0, 0.0, 0.0, 0.5, 0.0, 0.0, 0.0, 0.0, 0.0, 0.0, 0.0, 0.0, 0.0, 0.0, 0.0, 0.0, 0.0, 0.0, 0.0, 0.0, 0.0, 0.0, 0.0, 0.5, 0.0, 0.0, 0.0, 0.0, 0.0, 0.0, 0.0, 0.0, 0.0, 0.5, 0.0, 0.0, 0.0, 0.0, 0.0, 0.0, 0.0, 0.0, 0.0]
system
[13.57, 25.0, 29.85, 28.0, 27.14, 30.85, 24.0, 28.5, 33.0, 30.65, 25.13, 27.5, 27.5, 24.88, 30.3, 11.5, 10.95, 9.5, 28.36, 30.5, 30.85, 30.0, 27.64, 29.5, 29.85, 32.66, 30.0, 27.0, 35.82, 28.64, 32.5, 29.5, 26.0, 30.5, 30.0, 26.0, 29.0, 25.5, 28.86, 33.17, 28.0, 28.36, 28.64, 30.35, 34.17, 27.5, 28.5, 32.0, 26.5, 31.84, 31.5, 28.14, 29.0, 28.5, 30.35, 30.65, 27.0, 26.0, 32.5, 26.0, 29.0, 27.0, 28.0, 31.84, 29.15, 27.5, 30.0, 30.35, 26.13, 32.0, 27.5, 31.5, 28.0, 25.37, 28.64, 26.5, 28.5, 29.35, 28.64, 28.64, 26.37, 30.5, 29.5, 29.5, 24.0, 32.66, 30.5, 34.5, 31.5]
iowait
[16.58, 0.0, 0.0, 0.0, 0.0, 0.0, 0.0, 0.0, 0.0, 0.0, 0.0, 0.0, 0.0, 0.0, 7.07, 2.0, 0.0, 0.0, 1.99, 0.0, 0.0, 0.0, 0.0, 0.0, 0.0, 0.0, 0.0, 2.0, 0.0, 0.0, 0.0, 0.0, 0.0, 0.0, 0.0, 0.0, 0.0, 0.5, 0.0, 0.0, 0.0, 0.0, 0.0, 0.0, 0.0, 0.0, 0.0, 0.0, 0.0, 0.0, 0.0, 0.0, 0.0, 0.0, 0.0, 0.0, 0.0, 1.5, 0.0, 0.0, 0.0, 0.0, 0.0, 0.0, 0.0, 0.0, 6.0, 0.0, 0.0, 0.0, 0.0, 0.0, 0.0, 0.0, 0.0, 0.0, 0.0, 0.0, 1.51, 0.0, 0.0, 0.0, 6.0, 0.0, 0.0, 0.0, 0.0, 0.0, 0.0]
steal
[0.0, 0.0, 0.0, 0.0, 0.0, 0.0, 0.0, 0.0, 0.0, 0.0, 0.0, 0.0, 0.0, 0.0, 0.0, 0.0, 0.0, 0.0, 0.0, 0.0, 0.0, 0.0, 0.0, 0.0, 0.0, 0.0, 0.0, 0.0, 0.0, 0.0, 0.0, 0.0, 0.0, 0.0, 0.0, 0.0, 0.0, 0.0, 0.0, 0.0, 0.0, 0.0, 0.0, 0.0, 0.0, 0.0, 0.0, 0.0, 0.0, 0.0, 0.0, 0.0, 0.0, 0.0, 0.0, 0.0, 0.0, 0.0, 0.0, 0.0, 0.0, 0.0, 0.0, 0.0, 0.0, 0.0, 0.0, 0.0, 0.0, 0.0, 0.0, 0.0, 0.0, 0.0, 0.0, 0.0, 0.0, 0.0, 0.0, 0.0, 0.0, 0.0, 0.0, 0.0, 0.0, 0.0, 0.0, 0.0, 0.0]
idle
[0.0, 0.0, 0.0, 0.0, 0.0, 0.0, 0.0, 0.0, 0.0, 0.0, 0.0, 0.0, 0.0, 0.0, 0.0, 0.0, 0.0, 0.0, 0.0, 0.0, 0.0, 0.0, 0.0, 0.0, 0.0, 0.0, 0.0, 0.0, 0.0, 0.0, 0.0, 0.0, 0.0, 0.0, 0.0, 0.0, 0.0, 0.0, 0.0, 0.0, 0.0, 0.0, 0.0, 0.0, 0.0, 0.0, 0.0, 0.0, 0.0, 0.0, 0.0, 0.0, 0.0, 0.0, 0.0, 0.0, 0.0, 0.0, 0.0, 0.0, 0.0, 0.0, 0.0, 0.0, 0.0, 0.0, 0.0, 0.0, 0.0, 0.0, 0.0, 0.0, 0.0, 0.0, 0.0, 0.0, 0.0, 0.0, 0.0, 0.0, 0.0, 0.0, 0.0, 0.0, 0.0, 0.0, 0.0, 0.0, 0.0]

sdc data:

util
[14.67, 0.0, 33.83, 15.6, 17.69, 74.43, 0.0, 16.6, 72.4, 0.0, 18.09, 69.0, 0.0, 17.51, 69.29, 2.2, 0.0, 0.0, 12.14, 57.8, 19.9, 0.0, 35.38, 35.6, 22.49, 70.75, 0.0, 18.8, 30.05, 23.72, 46.6, 46.2, 0.0, 62.2, 9.2, 0.0, 34.6, 18.0, 38.41, 69.15, 0.0, 15.12, 21.91, 35.62, 64.52, 7.6, 0.0, 35.0, 27.2, 52.54, 28.2, 0.0, 61.6, 14.6, 0.0, 70.55, 0.0, 6.2, 66.2, 0.0, 24.8, 49.0, 0.0, 50.75, 20.1, 0.0, 69.0, 0.0, 0.0, 34.4, 24.2, 53.8, 32.0, 0.0, 18.09, 35.0, 23.6, 68.26, 1.61, 18.29, 17.51, 35.2, 67.2, 0.0, 0.0, 35.18, 29.2, 55.0, 26.8]
r_await
[148.0, 0.0, 0.0, 0.0, 0.0, 0.0, 0.0, 0.0, 0.0, 0.0, 0.0, 0.0, 0.0, 0.0, 0.0, 44.0, 0.0, 0.0, 32.0, 0.0, 0.0, 0.0, 0.0, 0.0, 0.0, 0.0, 0.0, 40.0, 0.0, 0.0, 0.0, 0.0, 0.0, 0.0, 0.0, 0.0, 0.0, 12.0, 0.0, 0.0, 0.0, 0.0, 0.0, 0.0, 0.0, 0.0, 0.0, 0.0, 0.0, 0.0, 0.0, 0.0, 0.0, 0.0, 0.0, 0.0, 0.0, 32.0, 0.0, 0.0, 0.0, 0.0, 0.0, 0.0, 0.0, 0.0, 0.0, 0.0, 0.0, 0.0, 0.0, 0.0, 0.0, 0.0, 0.0, 0.0, 0.0, 0.0, 32.0, 0.0, 0.0, 0.0, 0.0, 0.0, 0.0, 0.0, 0.0, 0.0, 0.0]
avgqusz
[0.15, 0.0, 41.58, 5.46, 6.51, 80.05, 0.0, 6.15, 81.31, 0.0, 6.5, 75.4, 0.0, 6.42, 77.68, 0.02, 0.0, 0.0, 5.32, 70.72, 9.74, 0.0, 12.83, 15.27, 6.66, 77.86, 0.0, 6.47, 12.43, 7.11, 47.61, 43.81, 0.0, 76.79, 2.08, 0.0, 12.86, 6.38, 13.33, 76.3, 0.0, 6.45, 6.92, 12.84, 78.09, 1.54, 0.0, 12.88, 11.29, 62.62, 18.17, 0.0, 78.51, 4.9, 0.0, 78.68, 0.0, 6.29, 72.09, 0.0, 35.3, 46.97, 0.0, 69.48, 9.7, 0.0, 75.43, 0.0, 0.0, 12.51, 10.49, 60.82, 23.78, 0.0, 6.47, 12.91, 15.4, 72.31, 0.02, 6.54, 6.48, 12.82, 73.94, 0.0, 0.0, 12.83, 12.41, 68.87, 16.83]
await
[148.0, 0.0, 346.04, 682.47, 187.77, 520.74, 0.0, 175.6, 528.01, 0.0, 187.59, 507.77, 0.0, 187.07, 512.73, 44.0, 0.0, 0.0, 105.64, 440.0, 665.68, 0.0, 185.07, 205.77, 221.46, 518.18, 0.0, 184.8, 167.12, 215.36, 255.47, 720.92, 0.0, 493.44, 669.66, 0.0, 185.01, 182.4, 194.09, 509.53, 0.0, 161.52, 214.37, 187.07, 502.02, 733.88, 0.0, 186.64, 159.25, 399.87, 663.71, 0.0, 474.01, 830.82, 0.0, 513.38, 0.0, 42.8, 547.09, 0.0, 246.35, 687.78, 0.0, 452.44, 687.61, 0.0, 504.58, 0.0, 0.0, 176.23, 170.65, 373.21, 660.81, 0.0, 186.55, 185.73, 159.49, 565.41, 32.0, 188.7, 186.06, 185.77, 502.99, 0.0, 0.0, 184.96, 173.81, 452.58, 665.29]
rMB
[0.0, 0.0, 0.0, 0.0, 0.0, 0.0, 0.0, 0.0, 0.0, 0.0, 0.0, 0.0, 0.0, 0.0, 0.0, 0.0, 0.0, 0.0, 0.01, 0.0, 0.0, 0.0, 0.0, 0.0, 0.0, 0.0, 0.0, 0.0, 0.0, 0.0, 0.0, 0.0, 0.0, 0.0, 0.0, 0.0, 0.0, 0.01, 0.0, 0.0, 0.0, 0.0, 0.0, 0.0, 0.0, 0.0, 0.0, 0.0, 0.0, 0.0, 0.0, 0.0, 0.0, 0.0, 0.0, 0.0, 0.0, 0.01, 0.0, 0.0, 0.0, 0.0, 0.0, 0.0, 0.0, 0.0, 0.0, 0.0, 0.0, 0.0, 0.0, 0.0, 0.0, 0.0, 0.0, 0.0, 0.0, 0.0, 0.01, 0.0, 0.0, 0.0, 0.0, 0.0, 0.0, 0.0, 0.0, 0.0, 0.0]
svctm
[146.0, 0.0, 4.89, 4.59, 5.1, 4.84, 0.0, 4.74, 4.7, 0.0, 5.22, 4.65, 0.0, 5.1, 4.57, 44.0, 0.0, 0.0, 5.55, 4.84, 4.3, 0.0, 5.1, 5.84, 5.32, 4.71, 0.0, 5.37, 5.35, 5.02, 4.96, 4.94, 0.0, 4.71, 4.49, 0.0, 4.98, 5.14, 5.59, 4.62, 0.0, 5.24, 5.38, 5.19, 4.83, 4.47, 0.0, 5.07, 5.33, 4.93, 4.51, 0.0, 5.03, 4.79, 0.0, 4.6, 0.0, 6.2, 4.65, 0.0, 4.77, 4.85, 0.0, 4.86, 4.3, 0.0, 4.62, 0.0, 0.0, 4.85, 6.05, 4.94, 4.44, 0.0, 5.22, 5.04, 5.43, 4.78, 32.0, 5.28, 5.03, 5.1, 4.57, 0.0, 0.0, 5.07, 5.51, 5.12, 4.43]
r
[1.01, 0.0, 0.0, 0.0, 0.0, 0.0, 0.0, 0.0, 0.0, 0.0, 0.0, 0.0, 0.0, 0.0, 0.0, 0.5, 0.0, 0.0, 1.0, 0.0, 0.0, 0.0, 0.0, 0.0, 0.0, 0.0, 0.0, 0.5, 0.0, 0.0, 0.0, 0.0, 0.0, 0.0, 0.0, 0.0, 0.0, 0.5, 0.0, 0.0, 0.0, 0.0, 0.0, 0.0, 0.0, 0.0, 0.0, 0.0, 0.0, 0.0, 0.0, 0.0, 0.0, 0.0, 0.0, 0.0, 0.0, 0.5, 0.0, 0.0, 0.0, 0.0, 0.0, 0.0, 0.0, 0.0, 0.0, 0.0, 0.0, 0.0, 0.0, 0.0, 0.0, 0.0, 0.0, 0.0, 0.0, 0.0, 0.5, 0.0, 0.0, 0.0, 0.0, 0.0, 0.0, 0.0, 0.0, 0.0, 0.0]
wrqm
[0.0, 0.0, 2953.73, 0.0, 994.47, 4346.77, 0.0, 989.0, 4406.0, 0.0, 994.47, 4253.5, 0.0, 984.58, 4263.13, 0.0, 0.0, 0.0, 983.58, 4281.0, 0.0, 0.0, 1988.94, 1979.0, 984.58, 4266.83, 0.0, 989.5, 1969.15, 994.47, 4683.0, 670.0, 0.0, 4301.0, 0.0, 0.0, 1978.5, 989.5, 1969.15, 4245.23, 0.0, 984.08, 994.47, 1969.15, 4291.46, 0.0, 0.0, 1979.0, 1979.0, 4286.57, 0.0, 0.0, 4315.5, 0.0, 0.0, 4311.06, 0.0, 2305.0, 1978.5, 0.0, 3688.5, 613.0, 0.0, 4252.74, 0.0, 0.0, 4207.5, 0.0, 0.0, 1977.0, 1979.0, 4184.5, 127.0, 0.0, 994.47, 1978.5, 3295.0, 2018.91, 0.0, 994.47, 984.08, 1979.0, 4175.5, 0.0, 0.0, 1988.94, 1979.0, 4317.5, 0.0]
w
[0.0, 0.0, 69.15, 34.0, 34.67, 153.73, 0.0, 35.0, 154.0, 0.0, 34.67, 148.5, 0.0, 34.33, 151.52, 0.0, 0.0, 0.0, 20.9, 119.5, 46.27, 0.0, 69.35, 61.0, 42.29, 150.25, 0.0, 34.5, 56.22, 47.24, 94.0, 93.5, 0.0, 132.0, 20.5, 0.0, 69.5, 34.5, 68.66, 149.75, 0.0, 28.86, 40.7, 68.66, 133.67, 17.0, 0.0, 69.0, 51.0, 106.47, 62.5, 0.0, 122.5, 30.5, 0.0, 153.27, 0.0, 9.5, 142.5, 0.0, 52.0, 101.0, 0.0, 104.48, 46.73, 0.0, 149.5, 0.0, 0.0, 71.0, 40.0, 109.0, 72.0, 0.0, 34.67, 69.5, 43.5, 142.79, 0.0, 34.67, 34.83, 69.0, 147.0, 0.0, 0.0, 69.35, 53.0, 107.5, 60.5]
avgrqsz
[8.0, 0.0, 237.06, 238.24, 237.45, 234.2, 0.0, 234.06, 236.88, 0.0, 237.45, 237.14, 0.0, 237.45, 233.09, 8.0, 0.0, 0.0, 219.45, 238.69, 221.94, 0.0, 237.45, 238.56, 235.86, 235.18, 0.0, 234.17, 238.44, 236.26, 239.06, 233.71, 0.0, 237.39, 209.37, 0.0, 235.74, 234.63, 237.45, 234.79, 0.0, 240.0, 232.69, 237.45, 239.58, 205.65, 0.0, 237.45, 238.27, 239.18, 229.06, 0.0, 236.73, 221.25, 0.0, 233.02, 0.0, 206.8, 234.64, 0.0, 233.54, 232.59, 0.0, 237.68, 224.69, 0.0, 233.15, 0.0, 0.0, 230.76, 237.8, 239.19, 229.28, 0.0, 237.45, 235.74, 237.98, 235.09, 40.0, 237.45, 234.06, 237.45, 235.24, 0.0, 0.0, 237.45, 238.34, 239.18, 228.03]
wMB
[0.0, 0.0, 8.0, 3.96, 4.02, 17.58, 0.0, 4.0, 17.81, 0.0, 4.02, 17.2, 0.0, 3.98, 17.24, 0.0, 0.0, 0.0, 2.34, 13.93, 5.01, 0.0, 8.04, 7.11, 4.87, 17.25, 0.0, 4.0, 6.55, 5.45, 10.97, 10.67, 0.0, 15.3, 2.1, 0.0, 8.0, 4.0, 7.96, 17.17, 0.0, 3.38, 4.62, 7.96, 15.64, 1.71, 0.0, 8.0, 5.93, 12.43, 6.99, 0.0, 14.16, 3.29, 0.0, 17.44, 0.0, 1.0, 16.33, 0.0, 5.93, 11.47, 0.0, 12.12, 5.13, 0.0, 17.02, 0.0, 0.0, 8.0, 4.64, 12.73, 8.06, 0.0, 4.02, 8.0, 5.05, 16.39, 0.0, 4.02, 3.98, 8.0, 16.88, 0.0, 0.0, 8.04, 6.17, 12.55, 6.74]
rrqm
[0.0, 0.0, 0.0, 0.0, 0.0, 0.0, 0.0, 0.0, 0.0, 0.0, 0.0, 0.0, 0.0, 0.0, 0.0, 0.0, 0.0, 0.0, 1.49, 0.0, 0.0, 0.0, 0.0, 0.0, 0.0, 0.0, 0.0, 0.0, 0.0, 0.0, 0.0, 0.0, 0.0, 0.0, 0.0, 0.0, 0.0, 2.0, 0.0, 0.0, 0.0, 0.0, 0.0, 0.0, 0.0, 0.0, 0.0, 0.0, 0.0, 0.0, 0.0, 0.0, 0.0, 0.0, 0.0, 0.0, 0.0, 2.0, 0.0, 0.0, 0.0, 0.0, 0.0, 0.0, 0.0, 0.0, 0.0, 0.0, 0.0, 0.0, 0.0, 0.0, 0.0, 0.0, 0.0, 0.0, 0.0, 0.0, 2.01, 0.0, 0.0, 0.0, 0.0, 0.0, 0.0, 0.0, 0.0, 0.0, 0.0]
w_await
[0.0, 0.0, 346.04, 682.47, 187.77, 520.74, 0.0, 175.6, 528.01, 0.0, 187.59, 507.77, 0.0, 187.07, 512.73, 0.0, 0.0, 0.0, 109.14, 440.0, 665.68, 0.0, 185.07, 205.77, 221.46, 518.18, 0.0, 186.9, 167.12, 215.36, 255.47, 720.92, 0.0, 493.44, 669.66, 0.0, 185.01, 184.87, 194.09, 509.53, 0.0, 161.52, 214.37, 187.07, 502.02, 733.88, 0.0, 186.64, 159.25, 399.87, 663.71, 0.0, 474.01, 830.82, 0.0, 513.38, 0.0, 43.37, 547.09, 0.0, 246.35, 687.78, 0.0, 452.44, 687.61, 0.0, 504.58, 0.0, 0.0, 176.23, 170.65, 373.21, 660.81, 0.0, 186.55, 185.73, 159.49, 565.41, 0.0, 188.7, 186.06, 185.77, 502.99, 0.0, 0.0, 184.96, 173.81, 452.58, 665.29]
