10 datos recogidos

cpu data:

user
[4.76, 1.09, 0.53, 0.58, 0.6, 0.54, 0.0, 0.59, 0.0, 0.0]
nice
[0.0, 0.0, 0.53, 0.0, 0.0, 0.0, 0.0, 0.0, 0.0, 0.0]
system
[35.98, 22.83, 13.68, 24.56, 13.17, 10.75, 14.71, 12.43, 12.97, 6.29]
iowait
[59.26, 76.09, 85.26, 74.85, 86.23, 88.71, 85.29, 86.98, 87.03, 93.71]
steal
[0.0, 0.0, 0.0, 0.0, 0.0, 0.0, 0.0, 0.0, 0.0, 0.0]
idle
[0.0, 0.0, 0.0, 0.0, 0.0, 0.0, 0.0, 0.0, 0.0, 0.0]

sde data:

util
[90.37, 108.7, 105.26, 116.96, 119.76, 107.53, 117.65, 118.34, 108.11, 125.79]
r_await
[8.0, 0.0, 0.0, 0.0, 0.0, 0.0, 0.0, 0.0, 0.0, 0.0]
avgqusz
[126.69, 155.86, 125.05, 167.41, 172.88, 131.49, 169.3, 171.2, 133.57, 181.65]
await
[511.98, 553.32, 682.86, 563.52, 553.69, 702.69, 504.96, 506.28, 754.07, 563.06]
rMB
[0.0, 0.0, 0.0, 0.0, 0.0, 0.0, 0.0, 0.0, 0.0, 0.0]
svctm
[4.54, 4.42, 4.42, 4.55, 4.5, 4.39, 4.36, 4.32, 4.4, 4.45]
r
[0.53, 0.0, 0.0, 0.0, 0.0, 0.0, 0.0, 0.0, 0.0, 0.0]
wrqm
[0.0, 0.0, 5.79, 0.0, 0.0, 2.15, 0.0, 0.0, 2.16, 0.0]
w
[198.41, 245.65, 237.89, 257.31, 265.87, 245.16, 270.0, 273.96, 245.95, 282.39]
avgrqsz
[236.43, 237.66, 236.46, 237.6, 237.23, 236.25, 237.32, 237.72, 232.16, 237.26]
wMB
[22.96, 28.51, 27.47, 29.85, 30.8, 28.28, 31.29, 31.8, 27.88, 32.71]
rrqm
[0.0, 0.0, 0.0, 0.0, 0.0, 0.0, 0.0, 0.0, 0.0, 0.0]
w_await
[513.32, 553.32, 682.86, 563.52, 553.69, 702.69, 504.96, 506.28, 754.07, 563.06]
