233 datos recogidos

cpu data:

user
[70.0, 85.5, 84.5, 69.0, 75.5, 68.5, 71.0, 68.0, 69.35, 74.0, 69.8, 72.86, 71.0, 63.68, 73.0, 72.14, 67.5, 70.85, 69.65, 73.5, 71.5, 67.84, 72.5, 74.63, 70.0, 70.2, 70.79, 70.5, 70.0, 76.5, 67.84, 71.5, 68.0, 70.0, 68.84, 65.67, 71.36, 67.66, 73.0, 85.0, 89.45, 88.06, 88.94, 90.0, 91.04, 88.94, 75.74, 70.35, 64.68, 68.34, 70.15, 72.0, 68.34, 71.5, 70.15, 64.65, 71.5, 69.0, 69.65, 73.87, 68.0, 71.5, 70.0, 67.5, 72.0, 71.0, 68.5, 73.5, 68.84, 64.18, 73.63, 71.36, 71.5, 75.5, 66.5, 71.64, 67.5, 66.5, 69.85, 69.5, 65.0, 72.14, 72.36, 71.5, 70.0, 69.35, 70.65, 72.0, 72.0, 70.5, 70.0, 67.0, 67.5, 73.5, 65.33, 74.63, 69.0, 70.0, 69.5, 69.0, 73.13, 71.0, 70.35, 73.37, 67.66, 65.0, 73.5, 70.5, 68.5, 70.0, 67.5, 70.15, 70.35, 67.33, 73.37, 71.5, 73.0, 67.0, 74.0, 64.0, 72.0, 69.0, 70.15, 72.86, 64.5, 68.5, 71.5, 73.5, 67.16, 72.86, 68.0, 75.62, 65.83, 67.0, 75.0, 71.64, 70.35, 71.0, 65.5, 70.0, 71.64, 72.36, 69.5, 67.5, 67.0, 73.0, 71.0, 72.5, 70.85, 62.69, 69.0, 73.87, 66.0, 69.85, 72.0, 65.84, 74.5, 67.0, 66.83, 72.5, 75.12, 63.5, 73.0, 71.5, 61.5, 72.5, 72.0, 67.5, 70.5, 69.5, 73.0, 68.16, 63.32, 71.5, 70.85, 69.0, 69.65, 70.85, 64.5, 71.0, 71.5, 70.15, 72.36, 68.5, 67.33, 72.36, 67.84, 69.65, 74.5, 71.0, 68.34, 71.64, 67.34, 72.0, 70.5, 68.16, 69.0, 69.0, 65.83, 72.5, 70.0, 70.0, 72.5, 66.17, 72.86, 71.0, 65.0, 69.5, 70.15, 68.5, 67.5, 65.83, 60.2, 71.86, 68.5, 70.5, 70.0, 63.0, 73.0, 70.85, 69.15, 70.35, 71.64, 67.0, 72.36, 71.14, 70.85, 72.5, 69.5, 71.0, 68.0, 65.0, 72.64]
nice
[0.0, 0.0, 0.0, 0.0, 0.0, 0.5, 0.0, 0.0, 0.0, 0.0, 0.0, 0.0, 0.0, 0.0, 0.0, 0.5, 0.0, 0.0, 0.0, 0.0, 0.0, 0.0, 0.0, 0.0, 0.0, 0.0, 0.0, 0.0, 0.0, 0.0, 0.0, 0.0, 0.0, 0.0, 0.0, 0.5, 0.0, 0.0, 0.0, 0.0, 0.0, 0.0, 0.0, 0.0, 0.0, 0.5, 0.0, 0.0, 0.0, 0.0, 0.0, 0.0, 0.0, 0.0, 0.0, 0.0, 0.0, 0.0, 0.0, 0.0, 0.0, 0.0, 0.0, 0.0, 0.0, 0.5, 0.0, 0.0, 0.0, 0.0, 0.0, 0.0, 0.0, 0.0, 0.0, 0.5, 0.0, 0.0, 0.0, 0.0, 0.0, 0.0, 0.0, 0.0, 0.0, 0.0, 0.0, 0.0, 0.0, 0.0, 0.0, 0.0, 0.0, 0.0, 0.0, 0.5, 0.0, 0.0, 0.0, 0.0, 0.0, 0.0, 0.0, 0.0, 0.0, 0.5, 0.0, 0.0, 0.0, 0.0, 0.0, 0.0, 0.0, 0.0, 0.0, 0.0, 0.0, 0.0, 0.0, 0.0, 0.0, 0.0, 0.0, 0.0, 0.0, 0.5, 0.0, 0.0, 0.0, 0.0, 0.0, 0.0, 0.0, 0.0, 0.0, 0.5, 0.0, 0.0, 0.0, 0.0, 0.0, 0.0, 0.0, 0.0, 0.0, 0.0, 0.0, 0.0, 0.0, 0.0, 0.0, 0.0, 0.0, 0.0, 0.0, 0.5, 0.0, 0.0, 0.0, 0.0, 0.0, 0.0, 0.0, 0.0, 0.0, 0.5, 0.0, 0.0, 0.0, 0.0, 0.0, 0.0, 0.0, 0.0, 0.0, 0.0, 0.0, 0.0, 0.0, 0.0, 0.0, 0.0, 0.0, 0.0, 0.0, 0.0, 0.0, 0.0, 0.0, 0.0, 0.0, 0.0, 0.0, 0.0, 0.0, 0.5, 0.0, 0.0, 0.0, 0.0, 0.0, 0.0, 0.0, 0.0, 0.0, 0.5, 0.0, 0.0, 0.0, 0.0, 0.0, 0.0, 0.0, 0.0, 0.0, 0.0, 0.0, 0.0, 0.0, 0.0, 0.0, 0.0, 0.0, 0.0, 0.0, 0.5, 0.0, 0.0, 0.0, 0.0, 0.0, 0.0, 0.0]
system
[11.5, 14.5, 15.5, 31.0, 24.5, 31.0, 29.0, 32.0, 30.65, 26.0, 30.2, 27.14, 29.0, 33.33, 27.0, 27.36, 32.5, 29.15, 30.35, 26.5, 28.5, 32.16, 27.5, 25.37, 30.0, 29.8, 29.21, 29.5, 30.0, 23.5, 27.14, 27.0, 32.0, 30.0, 31.16, 33.83, 28.64, 32.34, 27.0, 15.0, 10.55, 11.94, 11.06, 10.0, 8.96, 10.55, 24.26, 29.65, 33.33, 31.66, 29.85, 28.0, 31.66, 28.5, 29.85, 28.79, 28.5, 31.0, 30.35, 26.13, 32.0, 28.0, 30.0, 32.5, 28.0, 28.5, 31.5, 26.5, 31.16, 29.35, 26.37, 28.64, 28.5, 24.5, 33.5, 27.86, 32.5, 33.5, 30.15, 30.5, 33.0, 27.86, 27.64, 28.5, 30.0, 30.65, 29.35, 28.0, 27.0, 29.5, 30.0, 33.0, 32.5, 26.5, 34.67, 24.88, 31.0, 30.0, 30.5, 31.0, 26.87, 29.0, 29.65, 26.63, 32.34, 34.5, 26.5, 29.5, 31.5, 30.0, 32.5, 29.85, 29.65, 32.18, 26.63, 28.5, 27.0, 33.0, 26.0, 36.0, 28.0, 31.0, 29.85, 27.14, 35.5, 31.0, 28.5, 26.5, 32.84, 27.14, 32.0, 24.38, 31.16, 33.0, 25.0, 27.86, 29.65, 29.0, 34.5, 30.0, 28.36, 27.64, 30.5, 32.5, 33.0, 27.0, 29.0, 27.5, 29.15, 31.34, 31.0, 26.13, 30.5, 30.15, 28.0, 33.66, 25.5, 33.0, 33.17, 27.5, 24.88, 26.5, 27.0, 28.5, 33.0, 27.0, 26.5, 32.5, 29.5, 30.5, 27.0, 31.84, 28.64, 28.5, 29.15, 31.0, 30.35, 29.15, 35.5, 29.0, 28.5, 29.85, 27.64, 31.5, 32.67, 27.64, 32.16, 30.35, 25.5, 29.0, 31.66, 28.36, 32.66, 26.5, 29.5, 31.34, 31.0, 31.0, 34.17, 27.5, 30.0, 30.0, 27.5, 33.83, 27.14, 28.5, 35.0, 30.5, 29.85, 31.5, 32.5, 34.17, 39.8, 28.14, 31.5, 29.5, 30.0, 29.5, 27.0, 28.14, 30.85, 29.65, 28.36, 33.0, 27.64, 28.36, 29.15, 27.5, 30.5, 29.0, 32.0, 35.0, 27.36]
iowait
[18.5, 0.0, 0.0, 0.0, 0.0, 0.0, 0.0, 0.0, 0.0, 0.0, 0.0, 0.0, 0.0, 2.99, 0.0, 0.0, 0.0, 0.0, 0.0, 0.0, 0.0, 0.0, 0.0, 0.0, 0.0, 0.0, 0.0, 0.0, 0.0, 0.0, 5.03, 1.5, 0.0, 0.0, 0.0, 0.0, 0.0, 0.0, 0.0, 0.0, 0.0, 0.0, 0.0, 0.0, 0.0, 0.0, 0.0, 0.0, 1.99, 0.0, 0.0, 0.0, 0.0, 0.0, 0.0, 6.57, 0.0, 0.0, 0.0, 0.0, 0.0, 0.5, 0.0, 0.0, 0.0, 0.0, 0.0, 0.0, 0.0, 6.47, 0.0, 0.0, 0.0, 0.0, 0.0, 0.0, 0.0, 0.0, 0.0, 0.0, 2.0, 0.0, 0.0, 0.0, 0.0, 0.0, 0.0, 0.0, 1.0, 0.0, 0.0, 0.0, 0.0, 0.0, 0.0, 0.0, 0.0, 0.0, 0.0, 0.0, 0.0, 0.0, 0.0, 0.0, 0.0, 0.0, 0.0, 0.0, 0.0, 0.0, 0.0, 0.0, 0.0, 0.5, 0.0, 0.0, 0.0, 0.0, 0.0, 0.0, 0.0, 0.0, 0.0, 0.0, 0.0, 0.0, 0.0, 0.0, 0.0, 0.0, 0.0, 0.0, 3.02, 0.0, 0.0, 0.0, 0.0, 0.0, 0.0, 0.0, 0.0, 0.0, 0.0, 0.0, 0.0, 0.0, 0.0, 0.0, 0.0, 5.97, 0.0, 0.0, 3.5, 0.0, 0.0, 0.0, 0.0, 0.0, 0.0, 0.0, 0.0, 10.0, 0.0, 0.0, 5.5, 0.0, 1.5, 0.0, 0.0, 0.0, 0.0, 0.0, 8.04, 0.0, 0.0, 0.0, 0.0, 0.0, 0.0, 0.0, 0.0, 0.0, 0.0, 0.0, 0.0, 0.0, 0.0, 0.0, 0.0, 0.0, 0.0, 0.0, 0.0, 1.5, 0.0, 0.0, 0.0, 0.0, 0.0, 0.0, 0.0, 0.0, 0.0, 0.0, 0.0, 0.0, 0.0, 0.0, 0.0, 0.0, 0.0, 0.0, 0.0, 0.0, 0.0, 0.0, 0.0, 7.5, 0.0, 1.01, 0.0, 0.0, 0.0, 0.0, 0.0, 0.0, 0.0, 0.0, 0.0, 0.0, 0.0, 0.0, 0.0]
steal
[0.0, 0.0, 0.0, 0.0, 0.0, 0.0, 0.0, 0.0, 0.0, 0.0, 0.0, 0.0, 0.0, 0.0, 0.0, 0.0, 0.0, 0.0, 0.0, 0.0, 0.0, 0.0, 0.0, 0.0, 0.0, 0.0, 0.0, 0.0, 0.0, 0.0, 0.0, 0.0, 0.0, 0.0, 0.0, 0.0, 0.0, 0.0, 0.0, 0.0, 0.0, 0.0, 0.0, 0.0, 0.0, 0.0, 0.0, 0.0, 0.0, 0.0, 0.0, 0.0, 0.0, 0.0, 0.0, 0.0, 0.0, 0.0, 0.0, 0.0, 0.0, 0.0, 0.0, 0.0, 0.0, 0.0, 0.0, 0.0, 0.0, 0.0, 0.0, 0.0, 0.0, 0.0, 0.0, 0.0, 0.0, 0.0, 0.0, 0.0, 0.0, 0.0, 0.0, 0.0, 0.0, 0.0, 0.0, 0.0, 0.0, 0.0, 0.0, 0.0, 0.0, 0.0, 0.0, 0.0, 0.0, 0.0, 0.0, 0.0, 0.0, 0.0, 0.0, 0.0, 0.0, 0.0, 0.0, 0.0, 0.0, 0.0, 0.0, 0.0, 0.0, 0.0, 0.0, 0.0, 0.0, 0.0, 0.0, 0.0, 0.0, 0.0, 0.0, 0.0, 0.0, 0.0, 0.0, 0.0, 0.0, 0.0, 0.0, 0.0, 0.0, 0.0, 0.0, 0.0, 0.0, 0.0, 0.0, 0.0, 0.0, 0.0, 0.0, 0.0, 0.0, 0.0, 0.0, 0.0, 0.0, 0.0, 0.0, 0.0, 0.0, 0.0, 0.0, 0.0, 0.0, 0.0, 0.0, 0.0, 0.0, 0.0, 0.0, 0.0, 0.0, 0.0, 0.0, 0.0, 0.0, 0.0, 0.0, 0.0, 0.0, 0.0, 0.0, 0.0, 0.0, 0.0, 0.0, 0.0, 0.0, 0.0, 0.0, 0.0, 0.0, 0.0, 0.0, 0.0, 0.0, 0.0, 0.0, 0.0, 0.0, 0.0, 0.0, 0.0, 0.0, 0.0, 0.0, 0.0, 0.0, 0.0, 0.0, 0.0, 0.0, 0.0, 0.0, 0.0, 0.0, 0.0, 0.0, 0.0, 0.0, 0.0, 0.0, 0.0, 0.0, 0.0, 0.0, 0.0, 0.0, 0.0, 0.0, 0.0, 0.0, 0.0, 0.0, 0.0, 0.0, 0.0, 0.0, 0.0, 0.0]
idle
[0.0, 0.0, 0.0, 0.0, 0.0, 0.0, 0.0, 0.0, 0.0, 0.0, 0.0, 0.0, 0.0, 0.0, 0.0, 0.0, 0.0, 0.0, 0.0, 0.0, 0.0, 0.0, 0.0, 0.0, 0.0, 0.0, 0.0, 0.0, 0.0, 0.0, 0.0, 0.0, 0.0, 0.0, 0.0, 0.0, 0.0, 0.0, 0.0, 0.0, 0.0, 0.0, 0.0, 0.0, 0.0, 0.0, 0.0, 0.0, 0.0, 0.0, 0.0, 0.0, 0.0, 0.0, 0.0, 0.0, 0.0, 0.0, 0.0, 0.0, 0.0, 0.0, 0.0, 0.0, 0.0, 0.0, 0.0, 0.0, 0.0, 0.0, 0.0, 0.0, 0.0, 0.0, 0.0, 0.0, 0.0, 0.0, 0.0, 0.0, 0.0, 0.0, 0.0, 0.0, 0.0, 0.0, 0.0, 0.0, 0.0, 0.0, 0.0, 0.0, 0.0, 0.0, 0.0, 0.0, 0.0, 0.0, 0.0, 0.0, 0.0, 0.0, 0.0, 0.0, 0.0, 0.0, 0.0, 0.0, 0.0, 0.0, 0.0, 0.0, 0.0, 0.0, 0.0, 0.0, 0.0, 0.0, 0.0, 0.0, 0.0, 0.0, 0.0, 0.0, 0.0, 0.0, 0.0, 0.0, 0.0, 0.0, 0.0, 0.0, 0.0, 0.0, 0.0, 0.0, 0.0, 0.0, 0.0, 0.0, 0.0, 0.0, 0.0, 0.0, 0.0, 0.0, 0.0, 0.0, 0.0, 0.0, 0.0, 0.0, 0.0, 0.0, 0.0, 0.0, 0.0, 0.0, 0.0, 0.0, 0.0, 0.0, 0.0, 0.0, 0.0, 0.0, 0.0, 0.0, 0.0, 0.0, 0.0, 0.0, 0.0, 0.0, 0.0, 0.0, 0.0, 0.0, 0.0, 0.0, 0.0, 0.0, 0.0, 0.0, 0.0, 0.0, 0.0, 0.0, 0.0, 0.0, 0.0, 0.0, 0.0, 0.0, 0.0, 0.0, 0.0, 0.0, 0.0, 0.0, 0.0, 0.0, 0.0, 0.0, 0.0, 0.0, 0.0, 0.0, 0.0, 0.0, 0.0, 0.0, 0.0, 0.0, 0.0, 0.0, 0.0, 0.0, 0.0, 0.0, 0.0, 0.0, 0.0, 0.0, 0.0, 0.0, 0.0, 0.0, 0.0, 0.0, 0.0, 0.0, 0.0]

sdc data:

util
[18.0, 0.0, 8.2, 0.0, 0.0, 34.4, 35.0, 31.0, 62.71, 0.0, 19.8, 31.96, 35.0, 75.62, 0.0, 16.52, 33.6, 27.54, 60.1, 25.4, 7.2, 60.7, 26.6, 0.0, 33.8, 35.76, 40.0, 50.8, 0.0, 20.0, 35.58, 30.0, 59.8, 22.2, 0.0, 76.42, 0.0, 21.29, 55.0, 0.0, 24.12, 7.56, 0.0, 0.0, 0.0, 0.0, 0.0, 28.14, 37.21, 59.9, 0.0, 16.4, 35.18, 20.2, 46.97, 46.67, 0.0, 44.2, 31.04, 0.0, 63.4, 10.2, 0.0, 71.8, 0.0, 7.4, 68.4, 0.0, 27.94, 41.99, 0.0, 50.65, 23.0, 0.0, 61.0, 12.34, 0.0, 28.2, 24.72, 28.2, 68.0, 0.0, 16.88, 18.0, 35.6, 60.5, 12.14, 0.0, 26.2, 33.2, 29.4, 65.2, 0.0, 20.6, 52.46, 0.0, 17.4, 17.6, 38.0, 60.2, 14.33, 0.0, 16.68, 37.19, 17.91, 77.2, 0.0, 1.6, 33.8, 26.2, 55.6, 30.65, 0.0, 61.39, 15.08, 0.0, 27.4, 25.2, 29.6, 65.8, 0.0, 16.6, 17.31, 35.38, 64.0, 10.0, 0.0, 28.6, 24.88, 34.17, 63.6, 0.0, 24.52, 49.8, 0.0, 17.91, 17.89, 35.6, 71.0, 8.6, 0.0, 32.16, 22.4, 35.8, 61.0, 0.0, 17.6, 16.4, 34.77, 49.75, 22.8, 0.0, 60.4, 13.47, 0.0, 71.88, 0.4, 0.0, 71.96, 0.0, 0.0, 73.0, 0.0, 6.0, 65.2, 0.0, 17.0, 55.2, 0.0, 19.4, 17.6, 35.22, 50.45, 24.8, 0.0, 17.0, 35.02, 18.89, 78.0, 0.0, 0.0, 36.42, 19.3, 49.4, 43.76, 1.41, 45.23, 27.86, 0.0, 16.8, 35.38, 18.71, 78.59, 1.6, 0.0, 33.83, 17.8, 42.4, 47.24, 0.0, 31.8, 24.8, 33.2, 72.24, 4.62, 0.0, 70.2, 0.0, 0.0, 38.8, 18.2, 33.57, 59.9, 0.0, 16.6, 18.0, 31.2, 58.6, 22.4, 1.41, 17.71, 36.38, 20.5, 77.0, 0.0, 10.95, 61.51, 0.0, 17.8, 18.0, 35.2, 64.2, 13.13]
r_await
[122.67, 0.0, 0.0, 0.0, 0.0, 0.0, 0.0, 0.0, 0.0, 0.0, 0.0, 0.0, 0.0, 52.0, 0.0, 0.0, 0.0, 0.0, 0.0, 32.0, 0.0, 0.0, 0.0, 0.0, 0.0, 0.0, 0.0, 0.0, 0.0, 0.0, 104.0, 36.0, 0.0, 0.0, 0.0, 0.0, 0.0, 0.0, 0.0, 0.0, 0.0, 0.0, 0.0, 0.0, 0.0, 0.0, 0.0, 0.0, 36.0, 0.0, 0.0, 0.0, 0.0, 0.0, 0.0, 0.0, 0.0, 0.0, 0.0, 0.0, 0.0, 6.0, 0.0, 0.0, 0.0, 0.0, 0.0, 0.0, 0.0, 0.0, 0.0, 0.0, 0.0, 0.0, 0.0, 0.0, 0.0, 0.0, 0.0, 0.0, 40.0, 0.0, 0.0, 0.0, 0.0, 0.0, 0.0, 0.0, 24.0, 0.0, 0.0, 0.0, 0.0, 0.0, 0.0, 0.0, 0.0, 0.0, 0.0, 0.0, 0.0, 0.0, 0.0, 0.0, 0.0, 0.0, 0.0, 0.0, 0.0, 0.0, 0.0, 0.0, 0.0, 0.0, 0.0, 0.0, 0.0, 0.0, 0.0, 16.0, 0.0, 0.0, 0.0, 0.0, 0.0, 0.0, 0.0, 0.0, 0.0, 0.0, 0.0, 0.0, 64.0, 0.0, 0.0, 0.0, 0.0, 0.0, 0.0, 0.0, 0.0, 0.0, 0.0, 0.0, 0.0, 0.0, 0.0, 0.0, 0.0, 0.0, 0.0, 0.0, 76.0, 0.0, 0.0, 0.0, 0.0, 0.0, 0.0, 0.0, 0.0, 0.0, 0.0, 0.0, 0.0, 0.0, 14.0, 0.0, 0.0, 0.0, 0.0, 0.0, 40.0, 0.0, 0.0, 0.0, 0.0, 0.0, 0.0, 0.0, 0.0, 0.0, 0.0, 0.0, 0.0, 28.0, 0.0, 0.0, 0.0, 0.0, 0.0, 0.0, 0.0, 32.0, 0.0, 0.0, 0.0, 0.0, 0.0, 0.0, 0.0, 0.0, 0.0, 0.0, 0.0, 0.0, 0.0, 0.0, 0.0, 0.0, 0.0, 0.0, 0.0, 0.0, 0.0, 0.0, 0.0, 0.0, 0.0, 28.0, 0.0, 0.0, 0.0, 0.0, 0.0, 0.0, 52.0, 0.0, 0.0, 0.0, 0.0, 0.0, 0.0]
avgqusz
[0.18, 0.0, 1.77, 0.0, 0.0, 12.66, 12.79, 25.82, 65.7, 0.0, 8.2, 10.53, 12.75, 84.15, 0.0, 5.82, 12.78, 11.02, 73.17, 13.08, 3.93, 73.72, 15.44, 0.0, 12.37, 13.16, 38.47, 50.11, 0.0, 7.04, 12.91, 11.45, 76.48, 11.28, 0.0, 86.49, 0.0, 30.42, 57.61, 0.0, 22.09, 1.79, 0.0, 0.0, 0.0, 0.0, 0.0, 12.0, 32.42, 62.31, 0.0, 6.02, 14.2, 6.47, 48.24, 45.47, 0.0, 63.1, 23.15, 0.0, 80.53, 2.46, 0.0, 81.31, 0.0, 10.26, 77.09, 0.0, 39.95, 38.56, 0.0, 70.95, 13.07, 0.0, 78.84, 3.84, 0.0, 11.93, 7.29, 21.55, 75.94, 0.0, 6.17, 6.53, 12.85, 78.77, 4.31, 0.0, 11.3, 11.79, 21.58, 70.47, 0.0, 29.54, 54.07, 0.0, 6.57, 6.36, 13.49, 79.22, 5.7, 0.0, 6.04, 13.75, 6.57, 85.61, 0.0, 1.06, 11.74, 10.94, 66.14, 20.73, 0.0, 82.13, 6.19, 0.0, 11.72, 7.59, 22.77, 69.05, 0.0, 5.78, 6.25, 12.78, 80.53, 2.37, 0.0, 12.12, 7.78, 29.94, 67.34, 0.0, 34.64, 51.23, 0.0, 6.77, 6.44, 12.99, 91.03, 2.31, 0.0, 13.9, 6.87, 31.77, 60.3, 0.0, 6.37, 5.9, 12.59, 68.9, 11.34, 0.0, 79.78, 4.7, 0.0, 82.23, 0.01, 0.0, 80.99, 0.0, 0.0, 83.45, 0.0, 8.62, 72.16, 0.0, 22.15, 57.74, 0.0, 6.54, 7.5, 12.95, 70.61, 13.35, 0.0, 6.13, 12.56, 7.42, 91.4, 0.0, 0.0, 13.17, 7.74, 53.43, 37.59, 0.01, 64.37, 18.56, 0.0, 6.15, 13.99, 6.55, 89.17, 0.02, 0.0, 12.47, 6.29, 42.13, 46.33, 0.0, 13.84, 10.98, 11.37, 85.17, 0.49, 0.0, 80.03, 0.0, 0.0, 15.94, 6.55, 28.34, 62.25, 0.0, 6.02, 6.39, 12.67, 71.42, 10.74, 0.01, 6.37, 13.43, 9.9, 84.78, 0.0, 15.56, 67.27, 0.0, 6.82, 6.64, 12.77, 83.05, 4.75]
await
[122.67, 0.0, 86.34, 0.0, 0.0, 179.57, 185.33, 165.02, 610.56, 0.0, 146.44, 203.02, 184.72, 528.59, 0.0, 169.57, 179.06, 167.92, 421.58, 667.04, 73.38, 415.55, 716.75, 0.0, 178.01, 187.51, 213.74, 642.57, 0.0, 201.03, 184.78, 152.93, 455.7, 674.0, 0.0, 544.94, 0.0, 214.78, 637.61, 0.0, 239.26, 558.83, 0.0, 0.0, 0.0, 0.0, 0.0, 336.39, 187.04, 658.71, 0.0, 172.06, 194.66, 203.45, 264.49, 656.8, 0.0, 412.09, 723.88, 0.0, 499.65, 643.09, 0.0, 516.28, 0.0, 76.8, 594.44, 0.0, 275.48, 656.1, 0.0, 448.21, 671.59, 0.0, 481.44, 697.33, 0.0, 149.16, 213.51, 155.41, 629.1, 0.0, 175.54, 189.33, 186.23, 498.52, 663.43, 0.0, 205.8, 230.18, 175.08, 584.48, 0.0, 209.49, 643.55, 0.0, 172.79, 184.46, 195.51, 478.88, 686.42, 0.0, 171.66, 198.35, 188.63, 541.81, 0.0, 18.0, 191.7, 177.62, 390.5, 669.9, 0.0, 519.87, 682.47, 0.0, 149.75, 214.04, 160.18, 593.39, 0.0, 167.42, 181.97, 184.29, 502.05, 668.43, 0.0, 161.71, 220.76, 192.45, 636.79, 0.0, 248.65, 662.32, 0.0, 179.05, 185.86, 186.96, 551.7, 715.47, 0.0, 186.63, 212.7, 188.2, 643.77, 0.0, 184.64, 168.46, 181.59, 445.5, 693.05, 0.0, 493.59, 723.58, 0.0, 522.64, 668.0, 0.0, 519.92, 0.0, 0.0, 536.68, 0.0, 46.83, 557.12, 0.0, 153.39, 611.48, 0.0, 189.62, 194.81, 187.31, 467.73, 664.81, 0.0, 175.14, 182.87, 184.23, 566.44, 0.0, 0.0, 189.09, 175.05, 298.91, 686.97, 28.0, 426.48, 669.62, 0.0, 178.26, 186.42, 199.12, 561.52, 32.0, 0.0, 177.7, 182.26, 228.38, 653.38, 0.0, 395.43, 191.58, 231.48, 535.14, 688.4, 0.0, 517.97, 0.0, 0.0, 216.9, 187.26, 176.73, 617.21, 0.0, 167.22, 185.33, 166.54, 450.41, 687.7, 28.0, 185.45, 193.71, 176.66, 569.81, 0.0, 117.82, 603.67, 0.0, 179.37, 192.35, 185.07, 501.45, 754.44]
rMB
[0.01, 0.0, 0.0, 0.0, 0.0, 0.0, 0.0, 0.0, 0.0, 0.0, 0.0, 0.0, 0.0, 0.01, 0.0, 0.0, 0.0, 0.0, 0.0, 0.02, 0.0, 0.0, 0.0, 0.0, 0.0, 0.0, 0.0, 0.0, 0.0, 0.0, 0.01, 0.01, 0.0, 0.0, 0.0, 0.0, 0.02, 0.0, 0.0, 0.0, 0.0, 0.0, 0.0, 0.0, 0.0, 0.0, 0.0, 0.0, 0.0, 0.0, 0.0, 0.0, 0.0, 0.0, 0.0, 0.0, 0.0, 0.0, 0.0, 0.0, 0.0, 0.02, 0.0, 0.0, 0.0, 0.0, 0.0, 0.0, 0.0, 0.0, 0.0, 0.0, 0.0, 0.0, 0.0, 0.0, 0.0, 0.0, 0.0, 0.0, 0.02, 0.0, 0.0, 0.0, 0.0, 0.0, 0.0, 0.0, 0.0, 0.0, 0.0, 0.0, 0.0, 0.0, 0.0, 0.0, 0.0, 0.0, 0.0, 0.0, 0.0, 0.0, 0.0, 0.0, 0.0, 0.0, 0.0, 0.0, 0.0, 0.0, 0.0, 0.0, 0.0, 0.01, 0.0, 0.0, 0.0, 0.0, 0.0, 0.02, 0.0, 0.0, 0.0, 0.0, 0.0, 0.0, 0.0, 0.0, 0.0, 0.0, 0.0, 0.0, 0.01, 0.0, 0.0, 0.0, 0.0, 0.0, 0.0, 0.0, 0.02, 0.0, 0.0, 0.0, 0.0, 0.0, 0.0, 0.0, 0.0, 0.0, 0.0, 0.0, 0.0, 0.0, 0.0, 0.0, 0.0, 0.0, 0.0, 0.0, 0.0, 0.0, 0.0, 0.0, 0.0, 0.0, 0.02, 0.0, 0.0, 0.0, 0.0, 0.0, 0.0, 0.0, 0.0, 0.0, 0.0, 0.0, 0.0, 0.0, 0.0, 0.0, 0.0, 0.0, 0.0, 0.02, 0.0, 0.0, 0.0, 0.0, 0.0, 0.0, 0.0, 0.0, 0.0, 0.0, 0.0, 0.0, 0.0, 0.0, 0.0, 0.0, 0.0, 0.0, 0.0, 0.0, 0.0, 0.0, 0.0, 0.0, 0.0, 0.0, 0.0, 0.0, 0.0, 0.0, 0.0, 0.0, 0.0, 0.01, 0.0, 0.0, 0.0, 0.0, 0.0, 0.0, 0.02, 0.0, 0.0, 0.0, 0.0, 0.0, 0.0]
svctm
[120.0, 0.0, 4.0, 0.0, 0.0, 4.88, 5.07, 5.12, 4.69, 0.0, 4.6, 5.21, 5.07, 4.75, 0.0, 4.81, 5.09, 5.37, 4.72, 4.7, 4.97, 4.87, 4.75, 0.0, 4.86, 5.09, 5.08, 4.54, 0.0, 5.71, 5.09, 5.36, 4.9, 4.27, 0.0, 4.82, 0.0, 5.04, 4.44, 0.0, 4.66, 3.71, 0.0, 0.0, 0.0, 0.0, 0.0, 7.89, 5.42, 4.81, 0.0, 4.69, 5.47, 5.05, 5.02, 4.42, 0.0, 5.05, 4.49, 0.0, 4.8, 3.85, 0.0, 4.56, 0.0, 4.93, 4.72, 0.0, 4.83, 4.42, 0.0, 4.73, 4.3, 0.0, 4.67, 4.35, 0.0, 4.82, 5.02, 5.17, 4.81, 0.0, 4.8, 5.22, 5.16, 4.85, 3.87, 0.0, 5.89, 5.49, 5.88, 4.58, 0.0, 4.79, 4.52, 0.0, 4.58, 5.1, 5.51, 4.76, 4.06, 0.0, 4.74, 5.36, 5.14, 4.89, 0.0, 5.33, 5.08, 5.89, 4.92, 4.5, 0.0, 5.02, 4.11, 0.0, 4.89, 4.94, 5.24, 4.72, 0.0, 4.81, 5.04, 5.1, 4.76, 4.35, 0.0, 5.2, 5.0, 5.86, 4.71, 0.0, 4.98, 4.49, 0.0, 4.74, 5.16, 5.12, 5.07, 3.82, 0.0, 5.47, 4.87, 5.23, 4.96, 0.0, 5.1, 4.69, 5.01, 4.67, 4.8, 0.0, 4.95, 4.0, 0.0, 4.62, 2.67, 0.0, 4.62, 0.0, 0.0, 4.69, 0.0, 5.0, 4.53, 0.0, 4.93, 4.52, 0.0, 5.62, 4.57, 5.09, 4.92, 4.59, 0.0, 4.86, 5.1, 5.37, 4.79, 0.0, 0.0, 5.23, 5.05, 4.99, 4.83, 28.0, 4.74, 4.44, 0.0, 4.87, 4.96, 5.15, 4.95, 32.0, 0.0, 4.82, 5.16, 5.02, 4.45, 0.0, 9.09, 5.77, 5.44, 4.91, 4.6, 0.0, 4.54, 0.0, 0.0, 5.28, 5.2, 5.3, 4.67, 0.0, 4.61, 5.22, 5.29, 4.95, 4.87, 28.0, 5.16, 5.25, 5.22, 5.0, 0.0, 5.0, 4.62, 0.0, 4.68, 5.22, 5.1, 5.06, 4.12]
r
[1.5, 0.0, 0.0, 0.0, 0.0, 0.0, 0.0, 0.0, 0.0, 0.0, 0.0, 0.0, 0.0, 0.5, 0.0, 0.0, 0.0, 0.0, 0.0, 0.5, 0.0, 0.0, 0.0, 0.0, 0.0, 0.0, 0.0, 0.0, 0.0, 0.0, 0.5, 0.5, 0.0, 0.0, 0.0, 0.0, 0.5, 0.0, 0.0, 0.0, 0.0, 0.0, 0.0, 0.0, 0.0, 0.0, 0.0, 0.0, 0.5, 0.0, 0.0, 0.0, 0.0, 0.0, 0.0, 0.0, 0.0, 0.0, 0.0, 0.0, 0.0, 1.0, 0.0, 0.0, 0.0, 0.0, 0.0, 0.5, 0.0, 0.0, 0.0, 0.0, 0.0, 0.0, 0.0, 0.0, 0.0, 0.0, 0.0, 0.0, 1.0, 0.0, 0.0, 0.0, 0.0, 0.0, 0.0, 0.0, 0.5, 0.0, 0.0, 0.0, 0.0, 0.0, 0.0, 0.0, 0.0, 0.0, 0.0, 0.0, 0.0, 0.0, 0.0, 0.0, 0.0, 0.0, 0.0, 0.0, 0.0, 0.0, 0.0, 0.0, 0.0, 0.5, 0.0, 0.0, 0.0, 0.0, 0.0, 0.5, 0.0, 0.0, 0.0, 0.0, 0.0, 0.0, 0.0, 0.0, 0.0, 0.0, 0.0, 0.0, 0.5, 0.0, 0.0, 0.0, 0.0, 0.0, 0.0, 0.0, 0.5, 0.0, 0.0, 0.0, 0.0, 0.0, 0.0, 0.0, 0.0, 0.0, 0.0, 0.0, 0.5, 0.0, 0.0, 0.0, 0.0, 0.0, 0.0, 0.0, 0.0, 0.0, 0.0, 0.0, 0.0, 0.0, 1.0, 0.0, 0.0, 0.0, 0.0, 0.0, 0.5, 0.0, 0.0, 0.0, 0.0, 0.0, 0.0, 0.0, 0.0, 0.0, 0.0, 0.0, 0.0, 0.5, 0.0, 0.0, 0.0, 0.0, 0.0, 0.0, 0.0, 0.5, 0.0, 0.0, 0.0, 0.0, 0.0, 0.0, 0.0, 0.0, 0.0, 0.0, 0.0, 0.0, 0.0, 0.0, 0.0, 0.0, 0.0, 0.0, 0.0, 0.0, 0.0, 0.0, 0.0, 0.0, 0.0, 0.5, 0.0, 0.0, 0.0, 0.0, 0.0, 0.0, 0.5, 0.0, 0.0, 0.0, 0.0, 0.0, 0.0]
wrqm
[0.0, 0.0, 494.5, 0.0, 0.0, 1977.5, 1979.0, 3725.5, 1739.7, 0.0, 1958.42, 994.47, 1979.0, 4479.6, 0.0, 984.58, 1979.0, 1988.94, 4510.45, 0.0, 989.0, 4531.16, 0.0, 0.0, 1978.5, 1998.48, 4188.61, 1226.5, 0.0, 989.0, 1988.94, 1979.0, 4474.5, 0.0, 0.0, 4417.41, 0.0, 3139.3, 1412.0, 0.0, 1945.23, 0.0, 0.0, 0.0, 0.0, 0.0, 0.0, 993.47, 4213.93, 1168.84, 0.0, 989.0, 1988.44, 989.5, 4551.24, 893.94, 0.0, 4382.0, 0.0, 0.0, 4369.5, 0.0, 0.0, 4384.0, 0.0, 2297.5, 2133.5, 0.0, 3678.39, 601.0, 0.0, 4424.12, 0.0, 0.0, 4416.0, 0.0, 0.0, 1975.0, 994.47, 3651.5, 1700.5, 0.0, 993.97, 989.5, 1979.0, 4219.1, 0.0, 0.0, 1978.5, 989.0, 3309.5, 2082.5, 0.0, 3205.0, 1191.46, 0.0, 986.0, 989.5, 1979.0, 4408.0, 0.0, 0.0, 993.97, 1988.94, 984.08, 4430.0, 0.0, 989.0, 989.5, 1979.0, 4374.5, 0.0, 0.0, 4400.99, 0.0, 0.0, 1975.5, 989.5, 3645.0, 1739.5, 0.0, 989.5, 984.58, 1988.94, 4398.5, 0.0, 0.0, 1977.5, 984.58, 3768.84, 1674.0, 0.0, 3235.68, 1186.5, 0.0, 981.09, 994.47, 1978.5, 4447.0, 0.0, 0.0, 1987.94, 989.5, 4122.5, 1262.5, 0.0, 989.5, 989.0, 1988.94, 4281.09, 0.0, 0.0, 4303.5, 0.0, 0.0, 4315.84, 0.0, 0.0, 4316.58, 0.0, 0.0, 4252.5, 0.0, 2286.5, 1975.0, 0.0, 2736.0, 1573.5, 0.0, 989.5, 985.5, 1968.66, 4352.76, 0.0, 0.0, 989.0, 1969.15, 3189.95, 2268.5, 0.0, 0.0, 1968.16, 1988.44, 4026.5, 411.88, 0.0, 4412.06, 0.0, 0.0, 989.5, 1984.92, 984.58, 4441.71, 0.0, 0.0, 1967.66, 989.5, 4592.5, 658.79, 0.0, 989.0, 1978.5, 989.5, 4395.52, 0.0, 0.0, 4267.5, 0.0, 0.0, 1974.5, 989.0, 3772.86, 1627.36, 0.0, 988.0, 989.5, 1978.5, 4306.0, 0.0, 0.0, 984.58, 1988.94, 3295.02, 2099.0, 0.0, 2759.7, 1522.61, 0.0, 986.0, 989.5, 1979.0, 4346.5, 0.0]
w
[0.0, 0.0, 20.5, 0.0, 0.0, 70.5, 69.0, 60.5, 133.67, 0.0, 43.07, 61.31, 69.0, 158.71, 0.0, 34.33, 66.0, 51.26, 127.36, 53.5, 14.5, 124.62, 56.0, 0.0, 69.5, 70.2, 78.71, 112.0, 0.0, 35.0, 69.35, 55.5, 122.0, 52.0, 0.0, 158.71, 0.0, 42.29, 124.0, 0.0, 51.76, 20.4, 0.0, 0.0, 0.0, 0.0, 0.0, 35.68, 68.16, 124.62, 0.0, 35.0, 64.32, 40.0, 93.53, 105.56, 0.0, 87.5, 69.15, 0.0, 132.0, 25.5, 0.0, 157.5, 0.0, 15.0, 145.0, 0.0, 57.79, 95.02, 0.0, 107.04, 53.5, 0.0, 130.5, 28.36, 0.0, 58.5, 49.25, 54.5, 140.5, 0.0, 35.18, 34.5, 69.0, 124.62, 31.34, 0.0, 44.0, 60.5, 50.0, 142.5, 0.0, 43.0, 116.08, 0.0, 38.0, 34.5, 69.0, 126.5, 35.32, 0.0, 35.18, 69.35, 34.83, 158.0, 0.0, 3.0, 66.5, 44.5, 113.0, 68.16, 0.0, 121.78, 36.68, 0.0, 56.0, 51.0, 56.5, 139.0, 0.0, 34.5, 34.33, 69.35, 134.5, 23.0, 0.0, 55.0, 49.75, 58.29, 135.0, 0.0, 48.74, 111.0, 0.0, 37.81, 34.67, 69.5, 140.0, 22.5, 0.0, 58.79, 46.0, 68.5, 123.0, 0.0, 34.5, 35.0, 69.35, 106.47, 47.5, 0.0, 121.5, 33.67, 0.0, 155.45, 1.5, 0.0, 155.78, 0.0, 0.0, 155.5, 0.0, 12.0, 144.0, 0.0, 33.5, 122.0, 0.0, 34.5, 38.5, 69.15, 102.01, 54.0, 0.0, 35.0, 68.66, 35.18, 163.0, 0.0, 0.0, 69.65, 38.19, 99.0, 90.59, 0.0, 95.48, 62.69, 0.0, 34.5, 71.36, 36.32, 158.79, 0.0, 0.0, 70.15, 34.5, 84.5, 106.03, 0.0, 35.0, 43.0, 61.0, 147.26, 10.05, 0.0, 154.5, 0.0, 0.0, 73.5, 35.0, 63.32, 128.36, 0.0, 36.0, 34.5, 59.0, 118.5, 46.0, 0.0, 34.33, 69.35, 39.3, 154.0, 0.0, 21.89, 132.66, 0.0, 38.0, 34.5, 69.0, 127.0, 31.84]
avgrqsz
[16.0, 0.0, 200.98, 0.0, 0.0, 232.4, 237.45, 238.55, 231.34, 0.0, 232.46, 237.11, 237.45, 233.18, 0.0, 237.45, 238.67, 236.55, 235.78, 228.74, 227.59, 238.97, 225.07, 0.0, 235.74, 235.74, 238.64, 234.07, 0.0, 234.06, 235.97, 236.29, 237.97, 215.62, 0.0, 230.67, 64.0, 233.69, 225.29, 0.0, 235.57, 191.61, 0.0, 0.0, 0.0, 0.0, 0.0, 230.76, 237.04, 228.84, 0.0, 234.06, 238.62, 232.6, 227.66, 228.33, 0.0, 236.53, 224.69, 0.0, 236.42, 190.34, 0.0, 230.68, 0.0, 224.53, 230.07, 16.0, 234.3, 228.94, 0.0, 232.15, 220.04, 0.0, 235.98, 203.65, 0.0, 224.14, 233.96, 236.4, 222.81, 0.0, 234.06, 237.45, 237.45, 229.87, 200.76, 0.0, 231.55, 236.03, 238.24, 229.92, 0.0, 237.02, 226.84, 0.0, 215.58, 237.45, 237.45, 231.87, 203.61, 0.0, 234.06, 237.45, 234.06, 232.3, 0.0, 240.0, 235.55, 238.02, 238.16, 220.91, 0.0, 236.83, 208.33, 0.0, 223.43, 236.55, 237.31, 224.11, 0.0, 237.45, 237.45, 237.45, 231.73, 229.57, 0.0, 232.0, 236.32, 238.34, 230.46, 0.0, 234.53, 225.66, 0.0, 215.58, 237.45, 235.74, 232.46, 192.53, 64.0, 234.46, 236.09, 238.72, 229.76, 0.0, 237.45, 234.06, 237.45, 229.94, 232.67, 0.0, 235.08, 208.84, 0.0, 228.54, 173.33, 0.0, 229.68, 0.0, 0.0, 226.78, 0.0, 172.33, 231.06, 0.0, 221.68, 230.39, 0.0, 237.45, 212.78, 235.74, 237.57, 216.07, 0.0, 234.06, 237.45, 237.49, 225.84, 0.0, 0.0, 234.06, 234.53, 238.14, 226.32, 64.0, 236.13, 221.46, 0.0, 237.45, 225.01, 235.62, 231.77, 16.0, 0.0, 232.4, 237.45, 238.63, 221.23, 0.0, 234.06, 237.95, 235.15, 231.49, 234.4, 0.0, 228.97, 0.0, 0.0, 222.91, 234.06, 237.78, 230.02, 0.0, 227.56, 237.45, 236.47, 230.04, 235.91, 32.0, 237.45, 237.45, 234.73, 230.91, 0.0, 234.73, 229.49, 0.0, 215.58, 237.45, 237.45, 231.43, 207.88]
wMB
[0.0, 0.0, 2.01, 0.0, 0.0, 8.0, 8.0, 7.05, 15.1, 0.0, 4.89, 7.1, 8.0, 18.12, 0.0, 3.98, 7.69, 5.92, 14.66, 6.02, 1.61, 14.54, 6.15, 0.0, 8.0, 8.08, 9.17, 12.8, 0.0, 4.0, 8.04, 6.46, 14.18, 5.47, 0.0, 17.88, 0.0, 4.83, 13.64, 0.0, 5.95, 1.91, 0.0, 0.0, 0.0, 0.0, 0.0, 4.02, 7.94, 13.93, 0.0, 4.0, 7.49, 4.54, 10.4, 11.77, 0.0, 10.11, 7.59, 0.0, 15.24, 2.45, 0.0, 17.74, 0.0, 1.64, 16.29, 0.0, 6.61, 10.62, 0.0, 12.13, 5.75, 0.0, 15.04, 2.82, 0.0, 6.4, 5.63, 6.29, 15.38, 0.0, 4.02, 4.0, 8.0, 13.99, 3.07, 0.0, 5.03, 6.97, 5.82, 16.0, 0.0, 4.98, 12.86, 0.0, 4.0, 4.0, 8.0, 14.32, 3.51, 0.0, 4.02, 8.04, 3.98, 17.92, 0.0, 0.35, 7.65, 5.17, 13.14, 7.35, 0.0, 14.13, 3.73, 0.0, 6.11, 5.89, 6.55, 15.25, 0.0, 4.0, 3.98, 8.04, 15.22, 2.58, 0.0, 6.23, 5.74, 6.78, 15.19, 0.0, 5.63, 12.23, 0.0, 3.98, 4.02, 8.0, 15.89, 2.12, 0.0, 6.73, 5.3, 7.98, 13.8, 0.0, 4.0, 4.0, 8.04, 11.95, 5.4, 0.0, 14.0, 3.43, 0.0, 17.35, 0.13, 0.0, 17.47, 0.0, 0.0, 17.22, 0.0, 1.01, 16.25, 0.0, 3.72, 13.72, 0.0, 4.0, 4.0, 7.96, 11.89, 5.7, 0.0, 4.0, 7.96, 4.08, 17.97, 0.0, 0.0, 7.96, 4.37, 11.51, 10.01, 0.0, 11.01, 6.78, 0.0, 4.0, 7.84, 4.18, 17.97, 0.0, 0.0, 7.96, 4.0, 9.85, 11.45, 0.0, 4.0, 5.0, 7.0, 16.65, 1.15, 0.0, 17.27, 0.0, 0.0, 8.0, 4.0, 7.35, 14.42, 0.0, 4.0, 4.0, 6.81, 13.31, 5.3, 0.0, 3.98, 8.04, 4.5, 17.36, 0.0, 2.51, 14.91, 0.0, 4.0, 4.0, 8.0, 14.35, 3.23]
rrqm
[1.5, 0.0, 0.0, 0.0, 0.0, 0.0, 0.0, 0.0, 0.0, 0.0, 0.0, 0.0, 0.0, 1.49, 0.0, 0.0, 0.0, 0.0, 0.0, 3.5, 0.0, 0.0, 0.0, 0.0, 0.0, 0.0, 0.0, 0.0, 0.0, 0.0, 1.51, 1.0, 0.0, 0.0, 0.0, 0.0, 3.52, 0.0, 0.0, 0.0, 0.0, 0.0, 0.0, 0.0, 0.0, 0.0, 0.0, 0.0, 0.5, 0.0, 0.0, 0.0, 0.0, 0.0, 0.0, 0.0, 0.0, 0.0, 0.0, 0.0, 0.0, 3.5, 0.0, 0.0, 0.0, 0.0, 0.0, 0.5, 0.0, 0.0, 0.0, 0.0, 0.0, 0.0, 0.0, 0.0, 0.0, 0.0, 0.0, 0.0, 3.5, 0.0, 0.0, 0.0, 0.0, 0.0, 0.0, 0.0, 0.5, 0.0, 0.0, 0.0, 0.0, 0.0, 0.0, 0.0, 0.0, 0.0, 0.0, 0.0, 0.0, 0.0, 0.0, 0.0, 0.0, 0.0, 0.0, 0.0, 0.0, 0.0, 0.0, 0.0, 0.0, 1.49, 0.0, 0.0, 0.0, 0.0, 0.0, 3.5, 0.0, 0.0, 0.0, 0.0, 0.0, 0.0, 0.0, 0.0, 0.0, 0.0, 0.0, 0.0, 1.51, 0.0, 0.0, 0.0, 0.0, 0.0, 0.0, 0.0, 3.48, 0.0, 0.0, 0.0, 0.0, 0.0, 0.0, 0.0, 0.0, 0.0, 0.0, 0.0, 0.5, 0.0, 0.0, 0.0, 0.0, 0.0, 0.0, 0.0, 0.0, 0.0, 0.0, 0.0, 0.0, 0.0, 3.5, 0.0, 0.0, 0.0, 0.0, 0.0, 0.5, 0.0, 0.0, 0.0, 0.0, 0.0, 0.0, 0.0, 0.0, 0.0, 0.0, 0.0, 0.0, 3.52, 0.0, 0.0, 0.0, 0.0, 0.0, 0.0, 0.0, 0.5, 0.0, 0.0, 0.0, 0.0, 0.0, 0.0, 0.0, 0.0, 0.0, 0.0, 0.0, 0.0, 0.0, 0.0, 0.0, 0.0, 0.0, 0.0, 0.0, 0.0, 0.0, 0.0, 0.0, 0.0, 0.0, 1.51, 0.0, 0.0, 0.0, 0.0, 0.0, 0.0, 3.52, 0.0, 0.0, 0.0, 0.0, 0.0, 0.0]
w_await
[0.0, 0.0, 86.34, 0.0, 0.0, 179.57, 185.33, 165.02, 610.56, 0.0, 146.44, 203.02, 184.72, 530.08, 0.0, 169.57, 179.06, 167.92, 421.58, 672.97, 73.38, 415.55, 716.75, 0.0, 178.01, 187.51, 213.74, 642.57, 0.0, 201.03, 185.36, 153.98, 455.7, 674.0, 0.0, 544.94, 0.0, 214.78, 637.61, 0.0, 239.26, 558.83, 0.0, 0.0, 0.0, 0.0, 0.0, 336.39, 188.15, 658.71, 0.0, 172.06, 194.66, 203.45, 264.49, 656.8, 0.0, 412.09, 723.88, 0.0, 499.65, 668.08, 0.0, 516.28, 0.0, 76.8, 594.44, 0.0, 275.48, 656.1, 0.0, 448.21, 671.59, 0.0, 481.44, 697.33, 0.0, 149.16, 213.51, 155.41, 633.3, 0.0, 175.54, 189.33, 186.23, 498.52, 663.43, 0.0, 207.86, 230.18, 175.08, 584.48, 0.0, 209.49, 643.55, 0.0, 172.79, 184.46, 195.51, 478.88, 686.42, 0.0, 171.66, 198.35, 188.63, 541.81, 0.0, 18.0, 191.7, 177.62, 390.5, 669.9, 0.0, 521.98, 682.47, 0.0, 149.75, 214.04, 160.18, 595.47, 0.0, 167.42, 181.97, 184.29, 502.05, 668.43, 0.0, 161.71, 220.76, 192.45, 636.79, 0.0, 250.56, 662.32, 0.0, 179.05, 185.86, 186.96, 551.7, 715.47, 0.0, 186.63, 212.7, 188.2, 643.77, 0.0, 184.64, 168.46, 181.59, 445.5, 693.05, 0.0, 495.31, 723.58, 0.0, 522.64, 668.0, 0.0, 519.92, 0.0, 0.0, 536.68, 0.0, 46.83, 557.12, 0.0, 157.55, 611.48, 0.0, 189.62, 194.81, 187.31, 469.83, 664.81, 0.0, 175.14, 182.87, 184.23, 566.44, 0.0, 0.0, 189.09, 175.05, 298.91, 686.97, 0.0, 426.48, 669.62, 0.0, 178.26, 186.42, 199.12, 561.52, 0.0, 0.0, 177.7, 182.26, 228.38, 653.38, 0.0, 395.43, 191.58, 231.48, 535.14, 688.4, 0.0, 517.97, 0.0, 0.0, 216.9, 187.26, 176.73, 617.21, 0.0, 167.22, 185.33, 166.54, 450.41, 687.7, 0.0, 185.45, 193.71, 176.66, 569.81, 0.0, 117.82, 605.76, 0.0, 179.37, 192.35, 185.07, 501.45, 754.44]
