53 datos recogidos

cpu data:

user
[35.32, 36.68, 35.5, 38.69, 35.5, 35.0, 34.0, 40.5, 38.19, 38.81, 38.19, 36.5, 40.5, 34.5, 40.5, 36.0, 31.5, 37.69, 34.83, 39.2, 35.0, 38.0, 36.5, 34.83, 37.69, 37.0, 33.0, 35.0, 34.33, 42.71, 34.0, 34.5, 38.0, 34.5, 34.83, 41.5, 35.5, 37.5, 37.0, 38.19, 35.0, 38.31, 38.5, 36.68, 38.31, 37.0, 38.19, 36.5, 38.0, 35.0, 33.5, 39.5, 33.0]
nice
[0.0, 0.0, 0.0, 0.0, 0.0, 0.0, 0.5, 0.0, 0.0, 0.0, 0.0, 0.0, 0.0, 0.0, 0.0, 0.0, 0.0, 0.0, 0.0, 0.0, 0.0, 0.0, 0.0, 0.0, 0.0, 0.0, 0.5, 0.0, 0.0, 0.0, 0.0, 0.0, 0.0, 0.0, 0.0, 0.0, 0.0, 0.0, 0.0, 0.0, 0.0, 0.0, 0.0, 0.0, 0.0, 0.0, 0.0, 0.0, 0.0, 0.0, 0.0, 0.0, 0.0]
system
[61.19, 58.29, 60.0, 59.3, 54.5, 62.5, 63.0, 55.5, 59.8, 61.19, 58.79, 63.5, 59.5, 65.5, 59.5, 64.0, 68.5, 61.81, 65.17, 60.8, 65.0, 59.0, 63.0, 64.68, 62.31, 63.0, 66.5, 65.0, 62.69, 57.29, 66.0, 65.5, 62.0, 61.5, 64.68, 58.5, 64.5, 62.5, 63.0, 61.81, 62.5, 61.69, 61.5, 63.32, 61.69, 59.0, 61.81, 63.5, 62.0, 61.5, 66.5, 60.5, 67.0]
iowait
[3.48, 5.03, 4.5, 2.01, 10.0, 2.5, 2.5, 4.0, 2.01, 0.0, 3.02, 0.0, 0.0, 0.0, 0.0, 0.0, 0.0, 0.5, 0.0, 0.0, 0.0, 3.0, 0.5, 0.5, 0.0, 0.0, 0.0, 0.0, 2.99, 0.0, 0.0, 0.0, 0.0, 4.0, 0.5, 0.0, 0.0, 0.0, 0.0, 0.0, 2.5, 0.0, 0.0, 0.0, 0.0, 4.0, 0.0, 0.0, 0.0, 3.5, 0.0, 0.0, 0.0]
steal
[0.0, 0.0, 0.0, 0.0, 0.0, 0.0, 0.0, 0.0, 0.0, 0.0, 0.0, 0.0, 0.0, 0.0, 0.0, 0.0, 0.0, 0.0, 0.0, 0.0, 0.0, 0.0, 0.0, 0.0, 0.0, 0.0, 0.0, 0.0, 0.0, 0.0, 0.0, 0.0, 0.0, 0.0, 0.0, 0.0, 0.0, 0.0, 0.0, 0.0, 0.0, 0.0, 0.0, 0.0, 0.0, 0.0, 0.0, 0.0, 0.0, 0.0, 0.0, 0.0, 0.0]
idle
[0.0, 0.0, 0.0, 0.0, 0.0, 0.0, 0.0, 0.0, 0.0, 0.0, 0.0, 0.0, 0.0, 0.0, 0.0, 0.0, 0.0, 0.0, 0.0, 0.0, 0.0, 0.0, 0.0, 0.0, 0.0, 0.0, 0.0, 0.0, 0.0, 0.0, 0.0, 0.0, 0.0, 0.0, 0.0, 0.0, 0.0, 0.0, 0.0, 0.0, 0.0, 0.0, 0.0, 0.0, 0.0, 0.0, 0.0, 0.0, 0.0, 0.0, 0.0, 0.0, 0.0]

sdb data:

util
[28.46, 58.69, 62.8, 78.39, 46.8, 58.0, 63.2, 60.4, 72.56, 60.9, 58.09, 76.6, 61.4, 67.8, 64.0, 65.8, 84.0, 54.87, 65.87, 66.73, 70.2, 75.4, 53.2, 55.32, 75.58, 61.2, 64.6, 62.0, 58.31, 82.41, 44.4, 54.0, 66.8, 62.8, 82.19, 46.4, 59.4, 72.2, 48.6, 69.55, 57.0, 58.91, 83.8, 37.19, 61.49, 70.0, 58.49, 41.4, 54.2, 45.2, 82.6, 37.0, 61.4]
r_await
[10.0, 68.0, 0.0, 0.0, 0.0, 52.0, 0.0, 0.0, 0.0, 0.0, 60.0, 0.0, 24.0, 0.0, 0.0, 0.0, 0.0, 12.0, 0.0, 0.0, 0.0, 64.0, 0.0, 0.0, 12.0, 0.0, 0.0, 0.0, 70.0, 0.0, 0.0, 0.0, 0.0, 80.0, 0.0, 0.0, 4.0, 0.0, 0.0, 0.0, 48.0, 0.0, 0.0, 0.0, 0.0, 92.0, 0.0, 0.0, 0.0, 68.0, 0.0, 0.0, 0.0]
avgqusz
[35.04, 21.31, 19.03, 64.5, 15.67, 17.06, 62.48, 19.28, 57.76, 27.13, 17.92, 68.42, 19.43, 47.68, 48.32, 21.13, 87.53, 19.35, 28.96, 65.7, 22.03, 75.33, 17.88, 19.8, 80.53, 19.17, 59.32, 42.87, 18.09, 81.24, 14.14, 31.85, 66.39, 19.85, 77.73, 14.04, 17.95, 76.76, 15.91, 65.74, 36.25, 18.11, 81.21, 11.02, 21.6, 73.85, 19.82, 34.22, 31.72, 14.12, 78.38, 13.69, 19.81]
await
[276.58, 301.8, 148.52, 396.92, 154.14, 138.26, 471.19, 138.46, 223.7, 414.51, 135.37, 428.62, 148.31, 170.29, 564.81, 129.9, 390.18, 392.11, 133.92, 581.5, 146.42, 337.56, 365.14, 139.95, 574.15, 148.03, 249.02, 585.03, 137.75, 432.55, 243.65, 151.79, 615.42, 144.5, 364.62, 349.08, 139.18, 531.22, 162.31, 242.18, 604.46, 140.53, 426.31, 281.66, 133.3, 558.6, 148.03, 175.55, 516.39, 137.3, 323.76, 546.32, 141.03]
rMB
[0.01, 0.01, 0.0, 0.0, 0.0, 0.02, 0.0, 0.0, 0.0, 0.0, 0.01, 0.0, 0.02, 0.0, 0.0, 0.0, 0.0, 0.0, 0.0, 0.0, 0.0, 0.02, 0.0, 0.0, 0.0, 0.0, 0.0, 0.0, 0.02, 0.0, 0.0, 0.0, 0.0, 0.01, 0.0, 0.0, 0.02, 0.0, 0.0, 0.0, 0.01, 0.0, 0.0, 0.0, 0.0, 0.02, 0.0, 0.0, 0.0, 0.0, 0.0, 0.0, 0.0]
svctm
[4.89, 4.73, 4.55, 4.71, 5.01, 4.38, 4.84, 4.46, 4.53, 5.02, 4.43, 4.79, 4.69, 4.6, 5.1, 4.52, 4.99, 5.01, 4.58, 5.23, 4.65, 4.82, 4.88, 4.56, 5.06, 4.73, 4.77, 5.3, 4.58, 4.98, 4.83, 4.74, 5.06, 4.6, 4.84, 5.1, 4.6, 5.0, 4.96, 4.72, 5.21, 4.57, 5.02, 4.97, 4.53, 5.05, 4.85, 4.87, 5.29, 4.52, 4.76, 5.56, 4.63]
r
[1.0, 0.5, 0.0, 0.0, 0.0, 0.5, 0.0, 0.0, 0.0, 0.0, 0.5, 0.0, 0.5, 0.0, 0.0, 0.0, 0.0, 0.5, 0.0, 0.0, 0.0, 1.0, 0.0, 0.0, 0.5, 0.0, 0.0, 0.0, 1.0, 0.0, 0.0, 0.0, 0.0, 0.5, 0.0, 0.0, 0.5, 0.0, 0.0, 0.0, 0.5, 0.0, 0.0, 0.0, 0.0, 1.0, 0.0, 0.0, 0.0, 0.5, 0.0, 0.0, 0.0]
wrqm
[2960.2, 2987.94, 3966.5, 4870.35, 2974.5, 3968.0, 4872.5, 3967.0, 5923.12, 1973.13, 4983.92, 3915.5, 3965.5, 6894.0, 1446.5, 4958.5, 5813.0, 2988.44, 5930.35, 2399.5, 3967.0, 5347.5, 2974.0, 5486.57, 2249.25, 3966.5, 6399.5, 1358.0, 3947.26, 5409.55, 2974.5, 4958.5, 2822.0, 3967.0, 5354.23, 1983.0, 3967.5, 4417.5, 2974.0, 6457.79, 1382.5, 3946.77, 5392.5, 1992.96, 6423.38, 1932.5, 3985.93, 4412.0, 1309.5, 3649.0, 5424.0, 991.5, 6492.0]
w
[57.21, 123.62, 138.0, 166.33, 93.5, 132.0, 130.5, 135.5, 160.3, 121.39, 130.65, 160.0, 130.5, 147.5, 125.5, 145.5, 168.5, 109.05, 143.78, 127.64, 151.0, 155.5, 109.0, 121.39, 148.74, 129.5, 135.5, 117.0, 126.37, 165.33, 92.0, 114.0, 132.0, 136.0, 169.65, 91.0, 128.5, 144.5, 98.0, 147.24, 109.0, 128.86, 167.0, 74.87, 135.82, 137.5, 120.6, 85.0, 102.5, 99.5, 173.5, 66.5, 132.5]
avgrqsz
[248.62, 248.65, 252.93, 252.74, 252.41, 254.91, 250.67, 254.08, 254.52, 248.95, 253.18, 251.82, 250.38, 254.35, 250.14, 254.24, 251.82, 246.42, 255.11, 250.8, 253.38, 251.32, 251.49, 253.9, 250.32, 253.03, 255.06, 252.31, 252.28, 253.42, 250.04, 254.88, 250.39, 253.27, 253.09, 252.04, 254.26, 252.57, 250.78, 254.55, 248.69, 253.03, 253.25, 250.26, 254.12, 250.14, 252.0, 255.01, 248.78, 252.24, 252.15, 252.81, 255.03]
wMB
[7.06, 15.06, 17.04, 20.53, 11.52, 16.48, 15.97, 16.81, 19.92, 14.76, 16.21, 19.67, 16.0, 18.32, 15.33, 18.06, 20.72, 13.18, 17.91, 15.63, 18.68, 19.19, 13.38, 15.05, 18.24, 16.0, 16.88, 14.41, 15.67, 20.46, 11.23, 14.19, 16.14, 16.87, 20.97, 11.2, 16.0, 17.82, 12.0, 18.3, 13.29, 15.92, 20.65, 9.15, 16.85, 16.9, 14.84, 10.58, 12.45, 12.31, 21.36, 8.21, 16.5]
rrqm
[0.5, 1.51, 0.0, 0.0, 0.0, 3.5, 0.0, 0.0, 0.0, 0.0, 1.51, 0.0, 3.5, 0.0, 0.0, 0.0, 0.0, 0.5, 0.0, 0.0, 0.0, 3.5, 0.0, 0.0, 0.5, 0.0, 0.0, 0.0, 3.48, 0.0, 0.0, 0.0, 0.0, 1.5, 0.0, 0.0, 3.5, 0.0, 0.0, 0.0, 1.5, 0.0, 0.0, 0.0, 0.0, 3.5, 0.0, 0.0, 0.0, 0.5, 0.0, 0.0, 0.0]
w_await
[281.22, 302.75, 148.52, 396.92, 154.14, 138.59, 471.19, 138.46, 223.7, 414.51, 135.66, 428.62, 148.78, 170.29, 564.81, 129.9, 390.18, 393.86, 133.92, 581.5, 146.42, 339.32, 365.14, 139.95, 576.05, 148.03, 249.02, 585.03, 138.28, 432.55, 243.65, 151.79, 615.42, 144.74, 364.62, 349.08, 139.7, 531.22, 162.31, 242.18, 607.01, 140.53, 426.31, 281.66, 133.3, 561.99, 148.03, 175.55, 516.39, 137.65, 323.76, 546.32, 141.03]
