77 datos recogidos

cpu data:

user
[36.68, 35.5, 38.5, 36.0, 42.0, 36.5, 33.17, 37.13, 37.5, 35.18, 36.0, 41.29, 38.31, 36.68, 38.5, 39.0, 35.18, 37.0, 41.29, 38.0, 40.5, 40.0, 34.5, 39.7, 36.0, 38.81, 38.5, 36.0, 32.0, 35.5, 38.0, 41.0, 40.5, 38.5, 42.21, 35.82, 39.5, 37.0, 38.5, 36.0, 40.0, 34.5, 35.68, 33.83, 37.0, 30.65, 36.82, 35.5, 36.18, 37.81, 33.5, 40.5, 39.5, 35.0, 38.81, 36.18, 39.0, 37.5, 36.82, 41.21, 37.5, 38.5, 37.81, 36.5, 34.17, 36.32, 38.5, 39.2, 35.0, 44.5, 38.31, 38.5, 35.82, 33.84, 37.31, 36.0, 36.0]
nice
[0.0, 0.0, 0.0, 0.0, 0.0, 0.0, 0.0, 0.0, 0.0, 0.0, 0.0, 0.0, 0.0, 0.0, 0.0, 0.0, 0.0, 0.0, 0.0, 0.5, 0.0, 0.0, 0.0, 0.0, 0.0, 0.0, 0.0, 0.0, 0.0, 0.0, 0.0, 0.0, 0.0, 0.0, 0.0, 0.0, 0.0, 0.0, 0.0, 0.5, 0.0, 0.0, 0.0, 0.0, 0.0, 0.0, 0.0, 0.0, 0.0, 0.5, 0.0, 0.0, 0.0, 0.0, 0.0, 0.0, 0.0, 0.0, 0.0, 0.0, 0.0, 0.0, 0.0, 0.0, 0.0, 0.0, 0.0, 0.0, 0.0, 0.5, 0.0, 0.0, 0.0, 0.0, 0.0, 0.0, 0.0]
system
[59.8, 64.5, 61.5, 64.0, 58.0, 63.5, 66.83, 61.88, 62.5, 64.82, 64.0, 58.71, 61.69, 63.32, 61.5, 59.0, 64.82, 63.0, 58.71, 61.5, 59.5, 60.0, 65.5, 60.3, 63.0, 61.19, 61.5, 64.0, 68.0, 64.5, 62.0, 59.0, 59.5, 61.5, 57.79, 64.18, 60.5, 63.0, 61.5, 63.5, 60.0, 65.5, 64.32, 66.17, 63.0, 69.35, 63.18, 64.5, 63.82, 61.69, 65.5, 59.5, 60.5, 65.0, 61.19, 63.82, 61.0, 62.5, 63.18, 58.79, 62.5, 61.5, 62.19, 63.5, 65.83, 63.68, 61.5, 60.8, 65.0, 55.0, 61.69, 61.5, 64.18, 66.16, 62.69, 64.0, 64.0]
iowait
[3.52, 0.0, 0.0, 0.0, 0.0, 0.0, 0.0, 0.99, 0.0, 0.0, 0.0, 0.0, 0.0, 0.0, 0.0, 2.0, 0.0, 0.0, 0.0, 0.0, 0.0, 0.0, 0.0, 0.0, 1.0, 0.0, 0.0, 0.0, 0.0, 0.0, 0.0, 0.0, 0.0, 0.0, 0.0, 0.0, 0.0, 0.0, 0.0, 0.0, 0.0, 0.0, 0.0, 0.0, 0.0, 0.0, 0.0, 0.0, 0.0, 0.0, 1.0, 0.0, 0.0, 0.0, 0.0, 0.0, 0.0, 0.0, 0.0, 0.0, 0.0, 0.0, 0.0, 0.0, 0.0, 0.0, 0.0, 0.0, 0.0, 0.0, 0.0, 0.0, 0.0, 0.0, 0.0, 0.0, 0.0]
steal
[0.0, 0.0, 0.0, 0.0, 0.0, 0.0, 0.0, 0.0, 0.0, 0.0, 0.0, 0.0, 0.0, 0.0, 0.0, 0.0, 0.0, 0.0, 0.0, 0.0, 0.0, 0.0, 0.0, 0.0, 0.0, 0.0, 0.0, 0.0, 0.0, 0.0, 0.0, 0.0, 0.0, 0.0, 0.0, 0.0, 0.0, 0.0, 0.0, 0.0, 0.0, 0.0, 0.0, 0.0, 0.0, 0.0, 0.0, 0.0, 0.0, 0.0, 0.0, 0.0, 0.0, 0.0, 0.0, 0.0, 0.0, 0.0, 0.0, 0.0, 0.0, 0.0, 0.0, 0.0, 0.0, 0.0, 0.0, 0.0, 0.0, 0.0, 0.0, 0.0, 0.0, 0.0, 0.0, 0.0, 0.0]
idle
[0.0, 0.0, 0.0, 0.0, 0.0, 0.0, 0.0, 0.0, 0.0, 0.0, 0.0, 0.0, 0.0, 0.0, 0.0, 0.0, 0.0, 0.0, 0.0, 0.0, 0.0, 0.0, 0.0, 0.0, 0.0, 0.0, 0.0, 0.0, 0.0, 0.0, 0.0, 0.0, 0.0, 0.0, 0.0, 0.0, 0.0, 0.0, 0.0, 0.0, 0.0, 0.0, 0.0, 0.0, 0.0, 0.0, 0.0, 0.0, 0.0, 0.0, 0.0, 0.0, 0.0, 0.0, 0.0, 0.0, 0.0, 0.0, 0.0, 0.0, 0.0, 0.0, 0.0, 0.0, 0.0, 0.0, 0.0, 0.0, 0.0, 0.0, 0.0, 0.0, 0.0, 0.0, 0.0, 0.0, 0.0]

sdd data:

util
[10.25, 18.6, 16.0, 17.4, 18.0, 18.4, 19.1, 16.63, 24.6, 12.26, 15.8, 16.32, 13.53, 22.11, 12.8, 15.2, 24.72, 10.4, 19.9, 18.0, 14.4, 27.2, 5.2, 15.68, 18.2, 17.11, 15.8, 20.0, 12.2, 24.8, 9.6, 59.4, 16.6, 14.0, 12.46, 19.9, 15.8, 22.6, 9.8, 14.2, 17.0, 11.6, 15.68, 17.31, 16.0, 22.91, 4.38, 19.4, 17.09, 12.94, 25.0, 9.6, 16.6, 21.4, 1.79, 13.47, 13.8, 18.2, 15.12, 19.1, 12.8, 22.4, 10.55, 16.8, 14.87, 13.53, 27.0, 5.23, 15.2, 20.4, 13.33, 22.2, 12.74, 18.18, 22.89, 0.0, 21.4]
r_await
[4.0, 0.0, 0.0, 28.0, 0.0, 0.0, 0.0, 8.0, 0.0, 0.0, 0.0, 0.0, 0.0, 0.0, 0.0, 48.0, 0.0, 0.0, 0.0, 0.0, 28.0, 0.0, 0.0, 0.0, 20.0, 0.0, 0.0, 0.0, 20.0, 0.0, 0.0, 0.0, 0.0, 0.0, 0.0, 0.0, 0.0, 0.0, 0.0, 0.0, 0.0, 0.0, 0.0, 0.0, 0.0, 0.0, 0.0, 0.0, 0.0, 0.0, 20.0, 0.0, 0.0, 0.0, 0.0, 64.0, 0.0, 0.0, 0.0, 0.0, 0.0, 0.0, 0.0, 0.0, 0.0, 0.0, 0.0, 0.0, 0.0, 0.0, 0.0, 0.0, 0.0, 0.0, 0.0, 0.0, 0.0]
avgqusz
[1.65, 1.63, 1.43, 3.55, 1.65, 1.71, 4.57, 1.44, 4.38, 1.17, 1.38, 3.74, 1.33, 3.83, 2.13, 1.34, 5.35, 0.98, 1.59, 3.96, 1.22, 5.08, 0.54, 1.37, 4.44, 1.65, 1.52, 4.24, 1.09, 4.39, 0.91, 11.49, 3.64, 1.39, 1.09, 4.29, 1.4, 4.61, 0.92, 1.36, 4.0, 1.12, 1.43, 4.09, 1.41, 4.67, 0.44, 1.91, 4.28, 1.21, 5.22, 0.98, 1.59, 4.66, 0.25, 1.08, 3.75, 1.73, 3.72, 3.25, 1.2, 4.88, 1.0, 1.56, 3.82, 1.36, 4.85, 0.53, 1.37, 5.06, 1.23, 2.1, 3.82, 1.56, 4.41, 0.0, 1.94]
await
[86.42, 46.03, 42.69, 98.56, 46.59, 48.06, 124.66, 41.6, 82.68, 48.48, 49.03, 100.11, 52.24, 45.75, 142.11, 40.06, 109.86, 56.11, 47.7, 105.71, 48.0, 93.28, 60.44, 40.66, 111.1, 48.71, 48.84, 99.27, 59.14, 82.87, 56.6, 281.76, 98.38, 52.3, 43.52, 107.03, 48.76, 97.09, 54.12, 52.15, 108.11, 52.63, 46.33, 111.08, 42.21, 97.77, 49.11, 43.84, 127.49, 47.53, 107.59, 56.0, 45.43, 101.3, 25.0, 51.12, 131.44, 51.7, 49.66, 145.03, 47.84, 103.79, 58.94, 46.63, 130.97, 51.7, 90.73, 58.89, 41.01, 129.74, 48.08, 48.09, 132.34, 43.44, 96.26, 0.0, 45.74]
rMB
[0.01, 0.0, 0.0, 0.02, 0.0, 0.0, 0.0, 0.01, 0.0, 0.0, 0.0, 0.02, 0.0, 0.0, 0.0, 0.0, 0.0, 0.0, 0.0, 0.0, 0.02, 0.0, 0.0, 0.0, 0.01, 0.0, 0.0, 0.0, 0.02, 0.0, 0.0, 0.0, 0.0, 0.0, 0.0, 0.0, 0.0, 0.02, 0.0, 0.0, 0.0, 0.0, 0.0, 0.0, 0.0, 0.0, 0.02, 0.0, 0.0, 0.0, 0.01, 0.0, 0.0, 0.0, 0.0, 0.02, 0.0, 0.0, 0.0, 0.0, 0.0, 0.0, 0.0, 0.0, 0.0, 0.02, 0.0, 0.0, 0.0, 0.0, 0.0, 0.0, 0.0, 0.02, 0.0, 0.0, 0.0]
svctm
[5.37, 5.24, 4.78, 4.83, 5.07, 5.18, 5.21, 4.8, 4.64, 5.81, 5.1, 4.37, 5.33, 4.94, 4.65, 4.54, 5.07, 5.94, 5.97, 4.8, 5.65, 4.99, 5.78, 4.66, 4.55, 5.06, 5.54, 4.55, 6.59, 4.68, 9.6, 14.14, 4.49, 5.28, 4.96, 5.13, 5.02, 4.76, 5.76, 5.46, 4.59, 6.11, 4.66, 4.7, 4.78, 4.8, 4.89, 5.17, 4.79, 5.1, 5.15, 5.49, 4.74, 4.65, 9.0, 5.36, 4.84, 5.43, 5.74, 4.87, 5.12, 4.77, 6.24, 5.01, 5.1, 5.13, 5.05, 5.78, 4.54, 5.23, 5.25, 5.05, 4.41, 5.07, 5.0, 0.0, 5.04]
r
[1.01, 0.0, 0.0, 0.5, 0.0, 0.0, 0.0, 0.5, 0.0, 0.0, 0.0, 0.5, 0.0, 0.0, 0.0, 0.5, 0.0, 0.0, 0.0, 0.0, 0.5, 0.0, 0.0, 0.0, 0.5, 0.0, 0.0, 0.0, 0.5, 0.0, 0.0, 0.0, 0.0, 0.5, 0.0, 0.0, 0.0, 0.5, 0.0, 0.0, 0.0, 0.0, 0.5, 0.0, 0.0, 0.0, 0.5, 0.0, 0.0, 0.0, 0.5, 0.0, 0.0, 0.0, 0.0, 0.5, 0.0, 0.0, 0.0, 0.0, 0.5, 0.0, 0.0, 0.0, 0.0, 0.5, 0.0, 0.0, 0.0, 0.5, 0.0, 0.0, 0.0, 0.51, 0.0, 0.0, 0.0]
wrqm
[2040.2, 4060.5, 4062.5, 4195.0, 4060.5, 4060.5, 4246.73, 4021.29, 6219.0, 3060.3, 3047.0, 4229.35, 3031.34, 7337.69, 1015.5, 4063.0, 5341.71, 2030.5, 4042.29, 4229.0, 3047.0, 6321.0, 1015.0, 4082.91, 4304.5, 4041.79, 4061.0, 4246.5, 2030.0, 6288.0, 2029.5, 4062.5, 4251.0, 3046.0, 3062.31, 5247.26, 3047.0, 5254.5, 2031.0, 3046.0, 4251.0, 3045.5, 3061.81, 4255.22, 4062.5, 5299.5, 1010.45, 5076.0, 3324.12, 3031.34, 5321.5, 2030.5, 4061.0, 5263.5, 1010.45, 2040.2, 3235.5, 4062.5, 5293.53, 2040.7, 3047.5, 5306.0, 2020.9, 4062.5, 3313.07, 3030.85, 6285.0, 1020.1, 4062.5, 4251.5, 4041.79, 4060.5, 3218.41, 4102.02, 5309.95, 0.0, 5077.5]
w
[18.09, 35.5, 33.5, 35.5, 35.5, 35.5, 36.68, 34.16, 53.0, 21.11, 31.0, 36.82, 25.37, 44.72, 27.5, 33.0, 48.74, 17.5, 33.33, 37.5, 25.0, 54.5, 9.0, 33.67, 39.5, 33.83, 28.5, 44.0, 18.0, 53.0, 10.0, 42.0, 37.0, 26.0, 25.13, 38.81, 31.5, 47.0, 17.0, 26.0, 37.0, 19.0, 33.17, 36.82, 33.5, 47.74, 8.46, 37.5, 35.68, 25.37, 48.0, 17.5, 35.0, 46.0, 1.99, 24.62, 28.5, 33.5, 26.37, 39.2, 24.5, 47.0, 16.92, 33.5, 29.15, 25.87, 53.5, 9.05, 33.5, 38.5, 25.37, 44.0, 28.86, 35.35, 45.77, 0.0, 42.5]
avgrqsz
[863.58, 923.04, 978.15, 941.0, 923.04, 923.04, 934.14, 936.69, 946.72, 902.1, 974.45, 915.52, 963.76, 950.83, 901.67, 978.39, 884.7, 936.23, 978.15, 910.19, 965.02, 935.85, 910.22, 978.15, 869.2, 963.76, 934.18, 918.55, 887.35, 957.13, 819.2, 975.24, 927.14, 927.7, 983.04, 933.54, 975.24, 893.56, 963.76, 945.23, 927.14, 889.26, 963.1, 932.65, 978.15, 896.08, 913.78, 934.83, 918.2, 963.76, 886.02, 936.23, 936.23, 923.39, 1024.0, 902.4, 916.21, 978.15, 915.17, 899.38, 983.36, 911.15, 963.76, 978.15, 917.38, 928.6, 947.81, 910.22, 978.15, 880.21, 963.76, 930.91, 900.28, 923.94, 936.09, 0.0, 963.76]
wMB
[8.04, 16.0, 16.0, 16.53, 16.0, 16.0, 16.73, 15.84, 24.5, 9.3, 14.75, 16.66, 11.94, 20.76, 12.11, 16.0, 21.06, 8.0, 15.92, 16.67, 12.0, 24.9, 4.0, 16.08, 16.97, 15.92, 13.0, 19.73, 8.0, 24.77, 4.0, 20.0, 16.75, 12.0, 12.06, 17.69, 15.0, 20.71, 8.0, 12.0, 16.75, 8.25, 15.83, 16.77, 16.0, 20.89, 3.98, 17.12, 16.0, 11.94, 20.97, 8.0, 16.0, 20.74, 1.0, 11.06, 12.75, 16.0, 11.78, 17.21, 12.0, 20.91, 7.96, 16.0, 13.06, 11.94, 24.76, 4.02, 16.0, 16.76, 11.94, 20.0, 12.68, 16.16, 20.92, 0.0, 20.0]
rrqm
[2.01, 0.0, 0.0, 3.5, 0.0, 0.0, 0.0, 1.49, 0.0, 0.0, 0.0, 3.48, 0.0, 0.0, 0.0, 0.5, 0.0, 0.0, 0.0, 0.0, 3.5, 0.0, 0.0, 0.0, 1.5, 0.0, 0.0, 0.0, 3.5, 0.0, 0.0, 0.0, 0.0, 0.5, 0.0, 0.0, 0.0, 3.5, 0.0, 0.0, 0.0, 0.0, 0.5, 0.0, 0.0, 0.0, 3.48, 0.0, 0.0, 0.0, 1.5, 0.0, 0.0, 0.0, 0.0, 3.52, 0.0, 0.0, 0.0, 0.0, 0.5, 0.0, 0.0, 0.0, 0.0, 3.48, 0.0, 0.0, 0.0, 0.5, 0.0, 0.0, 0.0, 3.54, 0.0, 0.0, 0.0]
w_await
[91.0, 46.03, 42.69, 99.55, 46.59, 48.06, 124.66, 42.09, 82.68, 48.48, 49.03, 101.46, 52.24, 45.75, 142.11, 39.94, 109.86, 56.11, 47.7, 105.71, 48.4, 93.28, 60.44, 40.66, 112.25, 48.71, 48.84, 99.27, 60.22, 82.87, 56.6, 281.76, 98.38, 53.31, 43.52, 107.03, 48.76, 98.13, 54.12, 52.15, 108.11, 52.63, 47.03, 111.08, 42.21, 97.77, 52.0, 43.84, 127.49, 47.53, 108.5, 56.0, 45.43, 101.3, 25.0, 50.86, 131.44, 51.7, 49.66, 145.03, 48.82, 103.79, 58.94, 46.63, 130.97, 52.69, 90.73, 58.89, 41.01, 131.43, 48.08, 48.09, 132.34, 44.06, 96.26, 0.0, 45.74]
