65 datos recogidos

cpu data:

user
[31.5, 33.84, 12.12, 12.43, 14.79, 12.43, 13.25, 12.87, 14.79, 12.79, 10.65, 14.12, 14.04, 11.17, 11.76, 11.63, 11.56, 8.14, 11.43, 14.12, 12.94, 11.11, 8.62, 8.43, 8.72, 8.14, 7.95, 10.86, 9.2, 10.86, 8.77, 10.8, 10.92, 10.06, 8.99, 11.6, 11.11, 10.93, 11.48, 14.81, 14.21, 10.36, 6.19, 4.69, 11.79, 11.34, 11.28, 7.33, 8.25, 9.79, 7.22, 14.89, 22.11, 13.61, 9.42, 2.62, 0.53, 7.25, 22.75, 21.05, 13.16, 11.86, 20.32, 20.86, 18.62]
nice
[0.0, 0.0, 0.0, 0.59, 0.0, 0.0, 0.0, 0.0, 0.0, 0.0, 0.0, 0.0, 0.0, 0.0, 0.0, 0.0, 0.0, 0.0, 0.0, 0.0, 0.0, 0.0, 0.0, 0.56, 0.0, 0.0, 0.0, 0.0, 0.0, 0.0, 0.0, 0.0, 0.0, 0.0, 0.0, 0.0, 0.0, 0.0, 0.0, 0.0, 0.0, 0.0, 0.0, 0.0, 0.0, 0.0, 0.0, 0.0, 0.0, 0.0, 0.0, 0.0, 0.0, 0.52, 0.0, 0.0, 0.0, 0.0, 0.0, 0.0, 0.0, 0.0, 0.0, 0.53, 0.0]
system
[60.5, 61.62, 19.39, 19.53, 18.93, 19.53, 18.67, 19.88, 18.34, 17.44, 20.71, 20.59, 18.13, 25.7, 21.18, 21.51, 20.81, 20.35, 17.14, 15.82, 14.71, 16.37, 16.09, 15.73, 19.77, 19.77, 20.45, 20.0, 20.11, 18.86, 17.54, 18.75, 17.24, 16.76, 15.17, 17.68, 17.78, 18.03, 17.49, 14.81, 17.37, 16.58, 8.25, 9.38, 18.46, 11.34, 10.77, 10.99, 12.37, 10.82, 10.82, 22.34, 34.21, 31.41, 12.57, 5.24, 1.06, 10.36, 26.98, 31.05, 18.42, 17.53, 27.27, 38.5, 32.45]
iowait
[8.0, 4.55, 68.48, 67.46, 66.27, 68.05, 68.07, 67.25, 66.86, 69.77, 68.64, 65.29, 67.84, 63.13, 67.06, 66.86, 67.63, 71.51, 71.43, 70.06, 72.35, 72.51, 75.29, 75.28, 71.51, 72.09, 71.59, 69.14, 70.69, 70.29, 73.68, 70.45, 71.84, 73.18, 75.84, 70.72, 71.11, 71.04, 71.04, 70.37, 68.42, 73.06, 85.57, 85.94, 69.74, 77.32, 77.95, 81.68, 79.38, 79.38, 81.96, 62.77, 43.68, 54.45, 78.01, 92.15, 98.41, 82.38, 50.26, 47.89, 68.42, 70.62, 52.41, 40.11, 48.94]
steal
[0.0, 0.0, 0.0, 0.0, 0.0, 0.0, 0.0, 0.0, 0.0, 0.0, 0.0, 0.0, 0.0, 0.0, 0.0, 0.0, 0.0, 0.0, 0.0, 0.0, 0.0, 0.0, 0.0, 0.0, 0.0, 0.0, 0.0, 0.0, 0.0, 0.0, 0.0, 0.0, 0.0, 0.0, 0.0, 0.0, 0.0, 0.0, 0.0, 0.0, 0.0, 0.0, 0.0, 0.0, 0.0, 0.0, 0.0, 0.0, 0.0, 0.0, 0.0, 0.0, 0.0, 0.0, 0.0, 0.0, 0.0, 0.0, 0.0, 0.0, 0.0, 0.0, 0.0, 0.0, 0.0]
idle
[0.0, 0.0, 0.0, 0.0, 0.0, 0.0, 0.0, 0.0, 0.0, 0.0, 0.0, 0.0, 0.0, 0.0, 0.0, 0.0, 0.0, 0.0, 0.0, 0.0, 0.0, 0.0, 0.0, 0.0, 0.0, 0.0, 0.0, 0.0, 0.0, 0.0, 0.0, 0.0, 0.0, 0.0, 0.0, 0.0, 0.0, 0.0, 0.0, 0.0, 0.0, 0.0, 0.0, 0.0, 0.0, 0.0, 0.0, 0.0, 0.0, 0.0, 0.0, 0.0, 0.0, 0.0, 0.0, 0.0, 0.0, 0.0, 0.0, 0.0, 0.0, 0.0, 0.0, 0.0, 0.0]

sda data:

util
[32.2, 101.01, 121.21, 118.34, 118.34, 118.34, 120.48, 116.96, 118.34, 116.28, 118.58, 117.65, 116.96, 111.73, 117.65, 116.28, 115.61, 116.28, 114.29, 112.99, 117.65, 116.96, 114.94, 112.36, 116.28, 116.28, 113.64, 114.29, 114.94, 114.29, 116.96, 113.64, 114.94, 111.73, 112.36, 110.5, 111.11, 109.29, 109.29, 105.82, 105.26, 103.63, 103.09, 104.17, 102.56, 103.09, 102.56, 104.71, 103.09, 103.09, 103.09, 106.38, 105.26, 104.71, 104.71, 104.71, 105.82, 103.63, 105.82, 105.26, 105.26, 103.09, 106.95, 106.95, 106.38]
r_await
[21.78, 0.0, 0.0, 0.0, 0.0, 0.0, 0.0, 0.0, 0.0, 0.0, 0.0, 0.0, 0.0, 194.0, 0.0, 0.0, 0.0, 0.0, 0.0, 256.0, 76.0, 0.0, 0.0, 0.0, 0.0, 0.0, 0.0, 0.0, 0.0, 0.0, 0.0, 0.0, 0.0, 0.0, 0.0, 0.0, 0.0, 0.0, 0.0, 202.0, 284.0, 0.0, 276.0, 224.0, 354.0, 0.0, 264.0, 0.0, 0.0, 0.0, 0.0, 0.0, 0.0, 0.0, 0.0, 0.0, 0.0, 0.0, 0.0, 0.0, 0.0, 0.0, 0.0, 0.0, 0.0]
avgqusz
[34.38, 133.03, 174.24, 170.12, 169.16, 169.72, 173.3, 167.05, 170.65, 165.52, 170.97, 167.27, 168.75, 159.65, 169.68, 165.98, 166.65, 166.78, 164.08, 161.98, 169.85, 167.57, 163.67, 161.44, 166.83, 168.23, 163.01, 164.71, 164.94, 163.55, 168.1, 162.79, 165.47, 160.58, 160.49, 159.35, 159.66, 156.94, 157.17, 149.9, 152.73, 148.34, 147.28, 150.15, 146.93, 147.4, 147.92, 151.04, 146.47, 147.71, 147.81, 152.07, 151.61, 150.24, 150.63, 149.73, 150.17, 149.4, 151.27, 151.76, 151.13, 148.26, 153.44, 152.97, 152.76]
await
[190.11, 1293.06, 1556.56, 3275.28, 2413.22, 2477.26, 2484.99, 2545.63, 2514.94, 2554.46, 2536.25, 2538.76, 2509.09, 2520.6, 2526.8, 2546.12, 2599.0, 2827.62, 2999.74, 3147.82, 2911.25, 2758.74, 3135.49, 3281.11, 2669.38, 2525.37, 3233.13, 2529.7, 2666.82, 3073.09, 3199.16, 2721.7, 2701.98, 3124.6, 3330.68, 2937.24, 2745.73, 2996.04, 3100.27, 3215.04, 3374.0, 2823.85, 1864.69, 1984.9, 2469.64, 2509.49, 2246.67, 2146.14, 2274.29, 2337.43, 1845.1, 1861.34, 2055.71, 1863.61, 1367.42, 1447.71, 1408.21, 1595.15, 1995.83, 2066.59, 1836.8, 1869.7, 1981.45, 1980.45, 2108.24]
rMB
[0.07, 0.0, 0.0, 0.0, 0.0, 0.0, 0.0, 0.0, 0.0, 0.0, 0.0, 0.0, 0.0, 0.06, 0.0, 0.0, 0.0, 0.0, 0.0, 0.0, 0.0, 0.0, 0.0, 0.0, 0.0, 0.0, 0.0, 0.0, 0.0, 0.0, 0.0, 0.0, 0.0, 0.0, 0.0, 0.0, 0.0, 0.0, 0.0, 0.0, 0.0, 0.0, 0.01, 0.0, 0.02, 0.0, 0.0, 0.0, 0.0, 0.0, 0.0, 0.0, 0.0, 0.0, 0.0, 0.0, 0.0, 0.0, 0.0, 0.0, 0.0, 0.0, 0.0, 0.0, 0.0]
svctm
[17.89, 17.09, 17.39, 16.39, 17.39, 17.09, 17.7, 17.7, 17.7, 17.86, 17.58, 17.7, 17.54, 17.54, 17.7, 17.7, 19.23, 20.83, 21.51, 22.22, 17.86, 21.74, 23.26, 21.28, 15.62, 24.39, 18.87, 17.39, 21.05, 22.73, 20.0, 17.7, 21.98, 23.26, 22.73, 17.7, 21.05, 21.28, 22.22, 24.1, 22.73, 14.81, 12.35, 16.13, 17.86, 16.95, 15.15, 13.89, 17.09, 16.26, 11.43, 13.99, 14.39, 10.87, 9.66, 10.26, 9.76, 13.33, 14.08, 14.39, 12.05, 13.7, 13.7, 13.99, 15.15]
r
[4.5, 0.0, 0.0, 0.0, 0.0, 0.0, 0.0, 0.0, 0.0, 0.0, 0.0, 0.0, 0.0, 1.12, 0.0, 0.0, 0.0, 0.0, 0.0, 0.56, 0.59, 0.0, 0.0, 0.0, 0.0, 0.0, 0.0, 0.0, 0.0, 0.0, 0.0, 0.0, 0.0, 0.0, 0.0, 0.0, 0.0, 0.0, 0.0, 1.06, 1.05, 0.0, 0.52, 0.52, 1.03, 0.0, 1.03, 0.0, 0.0, 0.0, 0.0, 0.0, 0.0, 0.0, 0.0, 0.0, 0.0, 0.0, 0.0, 0.0, 0.0, 0.0, 0.0, 0.0, 0.0]
wrqm
[2353.0, 2127.27, 1817.58, 2334.32, 2347.93, 1754.44, 2369.88, 1656.73, 2314.2, 1712.79, 2334.32, 2320.0, 1725.15, 2216.76, 1728.82, 2276.16, 1696.53, 1691.28, 1587.43, 1675.14, 1732.94, 1700.0, 1549.43, 1647.19, 2296.51, 1148.26, 1661.93, 2224.57, 1676.44, 1480.0, 1689.47, 1653.98, 1654.02, 1400.0, 1525.84, 1568.51, 1523.89, 1520.77, 1414.21, 637.04, 404.74, 337.82, 1001.03, 1139.58, 788.72, 580.41, 693.33, 990.58, 652.58, 107.73, 3022.68, 1977.66, 1077.89, 36.13, 148.17, 97.91, 1487.83, 2463.21, 1835.98, 569.47, 1016.32, 2503.61, 1950.8, 1983.96, 1876.6]
w
[13.5, 59.09, 69.7, 72.19, 68.05, 69.23, 68.07, 66.08, 66.86, 65.12, 67.46, 66.47, 66.67, 62.57, 66.47, 65.7, 60.12, 55.81, 53.14, 50.28, 65.29, 53.8, 49.43, 52.81, 74.42, 47.67, 60.23, 65.71, 54.6, 50.29, 58.48, 64.2, 52.3, 48.04, 49.44, 62.43, 52.78, 51.37, 49.18, 42.86, 45.26, 69.95, 82.99, 64.06, 56.41, 60.82, 66.67, 75.39, 60.31, 63.4, 90.21, 76.06, 73.16, 96.34, 108.38, 102.09, 108.47, 77.72, 75.13, 73.16, 87.37, 75.26, 78.07, 76.47, 70.21]
avgrqsz
[199.78, 253.13, 255.1, 240.13, 254.4, 256.0, 255.22, 254.16, 254.65, 242.5, 253.89, 254.37, 254.32, 251.65, 256.0, 254.09, 252.69, 252.33, 252.47, 234.4, 251.0, 253.74, 255.63, 242.13, 243.38, 253.27, 254.64, 251.83, 250.95, 254.64, 237.2, 236.74, 250.46, 251.07, 248.18, 208.5, 248.76, 236.51, 238.58, 232.39, 216.18, 89.24, 47.75, 109.29, 150.29, 120.61, 94.91, 85.0, 106.19, 105.89, 89.87, 251.86, 240.23, 88.96, 12.95, 17.81, 18.46, 184.27, 245.13, 198.27, 72.72, 113.15, 251.4, 236.42, 213.09]
wMB
[1.69, 7.3, 8.68, 8.46, 8.45, 8.65, 8.48, 8.2, 8.31, 7.71, 8.36, 8.26, 8.28, 7.76, 8.31, 8.15, 7.42, 6.88, 6.55, 5.82, 8.07, 6.67, 6.17, 6.24, 8.84, 5.9, 7.49, 8.08, 6.69, 6.25, 6.77, 7.42, 6.4, 5.89, 5.99, 6.36, 6.41, 5.93, 5.73, 4.98, 4.88, 3.05, 1.94, 3.44, 4.2, 3.58, 3.13, 3.13, 3.13, 3.28, 3.96, 9.35, 8.58, 4.18, 0.69, 0.89, 0.98, 6.99, 8.99, 7.08, 3.1, 4.16, 9.58, 8.83, 7.31]
rrqm
[13.0, 0.0, 0.0, 0.0, 0.0, 0.0, 0.0, 0.0, 0.0, 0.0, 0.0, 0.0, 0.0, 14.53, 0.0, 0.0, 0.0, 0.0, 0.0, 0.56, 0.0, 0.0, 0.0, 0.0, 0.0, 0.0, 0.0, 0.0, 0.0, 0.0, 0.0, 0.0, 0.0, 0.0, 0.0, 0.0, 0.0, 0.0, 0.0, 0.0, 0.0, 0.0, 1.03, 2.08, 1.54, 0.0, 0.0, 0.0, 0.0, 0.0, 0.0, 0.0, 0.0, 0.0, 0.0, 0.0, 0.0, 0.0, 0.0, 0.0, 0.0, 0.0, 0.0, 0.0, 0.0]
w_await
[246.22, 1293.06, 1556.56, 3275.28, 2413.22, 2477.26, 2484.99, 2545.63, 2514.94, 2554.46, 2536.25, 2538.76, 2509.09, 2562.14, 2526.8, 2546.12, 2599.0, 2827.62, 2999.74, 3180.31, 2936.79, 2758.74, 3135.49, 3281.11, 2669.38, 2525.37, 3233.13, 2529.7, 2666.82, 3073.09, 3199.16, 2721.7, 2701.98, 3124.6, 3330.68, 2937.24, 2745.73, 2996.04, 3100.27, 3289.43, 3445.86, 2823.85, 1874.56, 1999.22, 2508.11, 2509.49, 2277.17, 2146.14, 2274.29, 2337.43, 1845.1, 1861.34, 2055.71, 1863.61, 1367.42, 1447.71, 1408.21, 1595.15, 1995.83, 2066.59, 1836.8, 1869.7, 1981.45, 1980.45, 2108.24]
