26 datos recogidos

cpu data:

user
[1.26, 0.0, 0.0, 0.0, 0.0, 0.56, 0.67, 0.0, 0.63, 0.0, 0.0, 0.0, 0.0, 0.0, 0.0, 0.57, 0.0, 0.67, 0.0, 0.0, 1.14, 0.65, 0.0, 0.6, 0.0, 0.53]
nice
[0.0, 0.0, 0.0, 0.0, 0.0, 0.56, 0.0, 0.0, 0.0, 0.0, 0.0, 0.0, 0.0, 0.0, 0.0, 0.0, 0.0, 0.0, 0.0, 0.0, 0.0, 0.0, 0.0, 0.0, 0.0, 0.53]
system
[37.11, 16.55, 21.69, 19.46, 14.39, 25.56, 12.67, 6.59, 36.48, 11.03, 22.91, 16.2, 10.0, 39.75, 11.03, 26.7, 20.39, 14.0, 23.08, 18.37, 18.18, 11.04, 5.36, 28.92, 9.8, 21.93]
iowait
[61.64, 83.45, 78.31, 80.54, 85.61, 73.33, 86.67, 93.41, 62.89, 88.97, 77.09, 83.8, 90.0, 60.25, 88.97, 72.73, 79.61, 85.33, 76.92, 81.63, 80.68, 88.31, 94.64, 70.48, 90.2, 77.01]
steal
[0.0, 0.0, 0.0, 0.0, 0.0, 0.0, 0.0, 0.0, 0.0, 0.0, 0.0, 0.0, 0.0, 0.0, 0.0, 0.0, 0.0, 0.0, 0.0, 0.0, 0.0, 0.0, 0.0, 0.0, 0.0, 0.0]
idle
[0.0, 0.0, 0.0, 0.0, 0.0, 0.0, 0.0, 0.0, 0.0, 0.0, 0.0, 0.0, 0.0, 0.0, 0.0, 0.0, 0.0, 0.0, 0.0, 0.0, 0.0, 0.0, 0.0, 0.0, 0.0, 0.0]

sda data:

util
[112.7, 137.93, 120.48, 134.23, 143.88, 108.22, 133.33, 119.76, 121.26, 147.06, 105.47, 140.85, 117.65, 117.52, 147.06, 111.36, 131.58, 133.33, 128.21, 136.33, 113.41, 129.87, 119.05, 120.72, 130.72, 106.74]
r_await
[20.0, 146.0, 160.0, 84.0, 0.0, 0.0, 172.0, 72.0, 72.0, 24.0, 0.0, 28.0, 140.0, 168.0, 0.0, 80.0, 168.0, 56.0, 152.0, 80.0, 105.33, 192.4, 185.6, 121.0, 173.27, 87.1]
avgqusz
[92.18, 112.19, 75.97, 127.38, 141.14, 68.8, 114.14, 90.2, 80.19, 132.94, 66.07, 123.12, 83.5, 87.25, 133.75, 63.42, 108.63, 119.64, 112.16, 109.44, 67.68, 112.26, 91.28, 88.96, 116.64, 61.14]
await
[539.34, 811.56, 815.96, 641.1, 796.75, 1057.22, 918.55, 877.04, 502.51, 926.8, 788.02, 802.79, 890.38, 583.73, 893.3, 713.65, 812.75, 909.49, 873.82, 894.2, 543.06, 926.05, 945.28, 570.23, 947.8, 623.69]
rMB
[0.02, 0.01, 0.0, 0.0, 0.0, 0.0, 0.02, 0.0, 0.0, 0.0, 0.0, 0.0, 0.0, 0.0, 0.0, 0.0, 0.0, 0.03, 0.0, 0.0, 0.64, 0.64, 0.51, 1.05, 0.58, 1.4]
svctm
[9.9, 9.9, 10.31, 10.0, 10.1, 10.04, 10.81, 10.42, 10.59, 10.2, 10.55, 10.1, 10.0, 10.45, 10.31, 10.37, 10.15, 10.64, 10.1, 10.12, 10.67, 10.58, 10.15, 11.39, 9.95, 9.03]
r
[4.4, 1.38, 0.6, 0.67, 0.0, 0.56, 4.67, 0.6, 0.63, 0.74, 0.0, 0.7, 0.59, 0.62, 0.0, 0.57, 0.66, 0.67, 0.64, 0.68, 22.16, 19.48, 14.88, 21.69, 26.8, 37.97]
wrqm
[7.55, 13.1, 21.69, 2.01, 9.35, 6.67, 3.33, 5.39, 3.77, 2.94, 5.59, 0.0, 5.29, 2.48, 3.68, 8.52, 2.63, 9.33, 1.28, 0.68, 6.25, 0.65, 5.36, 1.2, 0.0, 5.35]
w
[109.43, 137.93, 116.27, 133.56, 142.45, 107.22, 118.67, 114.37, 113.84, 143.38, 100.0, 138.73, 117.06, 111.8, 142.65, 106.82, 128.95, 124.67, 126.28, 134.01, 84.09, 103.25, 102.38, 84.34, 104.58, 80.21]
avgrqsz
[915.71, 954.18, 929.61, 959.84, 965.86, 907.88, 916.8, 960.75, 943.25, 962.57, 945.39, 961.7, 950.36, 954.92, 978.56, 947.05, 953.58, 944.98, 961.98, 956.93, 765.99, 814.98, 854.82, 775.0, 771.42, 669.76]
wMB
[50.88, 64.9, 53.04, 62.91, 67.18, 47.78, 55.19, 53.93, 52.72, 67.73, 46.16, 65.47, 54.59, 52.42, 68.16, 49.66, 60.34, 57.8, 59.62, 62.93, 39.1, 48.2, 48.43, 39.07, 48.9, 37.25]
rrqm
[0.0, 0.0, 0.0, 0.0, 0.0, 0.0, 0.0, 0.0, 0.0, 0.0, 0.0, 0.0, 0.0, 0.0, 0.0, 0.0, 0.0, 0.0, 0.0, 0.0, 0.0, 0.0, 0.0, 0.0, 0.0, 0.0]
w_await
[560.23, 818.22, 819.36, 643.9, 796.75, 1062.69, 947.91, 881.26, 504.88, 931.43, 788.02, 806.72, 894.15, 586.04, 893.3, 717.02, 816.04, 914.05, 877.48, 898.34, 658.41, 1064.48, 1055.7, 685.74, 1146.28, 877.68]
