13 datos recogidos

cpu data:

user
[1.02, 0.51, 0.52, 1.03, 0.51, 1.03, 0.52, 0.51, 0.51, 0.52, 1.55, 0.52, 0.52]
nice
[0.0, 0.0, 0.0, 0.0, 0.51, 0.0, 0.0, 0.0, 0.0, 0.0, 0.0, 0.0, 0.0]
system
[45.69, 46.15, 52.33, 51.79, 50.0, 55.38, 47.42, 52.82, 51.02, 50.0, 50.78, 53.09, 51.81]
iowait
[53.3, 53.33, 47.15, 47.18, 48.99, 43.59, 52.06, 46.67, 48.47, 49.48, 47.67, 46.39, 47.67]
steal
[0.0, 0.0, 0.0, 0.0, 0.0, 0.0, 0.0, 0.0, 0.0, 0.0, 0.0, 0.0, 0.0]
idle
[0.0, 0.0, 0.0, 0.0, 0.0, 0.0, 0.0, 0.0, 0.0, 0.0, 0.0, 0.0, 0.0]

sdd data:

util
[80.0, 83.28, 90.57, 92.1, 88.69, 86.56, 92.16, 81.85, 89.59, 89.28, 90.78, 89.07, 92.85]
r_await
[31.39, 34.21, 29.26, 27.27, 30.42, 28.0, 32.39, 25.29, 29.94, 31.88, 27.65, 26.35, 29.45]
avgqusz
[29.9, 31.11, 32.4, 34.28, 31.28, 33.67, 33.38, 28.85, 34.17, 30.52, 34.12, 32.23, 34.79]
await
[146.71, 166.29, 146.56, 143.0, 156.2, 138.42, 161.37, 135.53, 147.49, 153.58, 140.81, 148.73, 143.43]
rMB
[0.01, 0.01, 0.01, 0.01, 0.01, 0.01, 0.01, 0.01, 0.01, 0.01, 0.01, 0.01, 0.01]
svctm
[4.34, 4.38, 3.82, 4.17, 4.08, 3.93, 4.26, 3.86, 3.92, 4.28, 4.0, 3.88, 4.02]
r
[16.75, 14.87, 18.13, 16.92, 16.67, 16.92, 15.98, 17.44, 16.84, 16.49, 17.62, 17.53, 17.1]
wrqm
[40.1, 43.59, 43.01, 53.85, 42.42, 51.79, 47.94, 65.64, 41.84, 46.39, 49.22, 52.58, 55.44]
w
[167.51, 175.38, 219.17, 204.1, 200.51, 203.08, 200.52, 194.87, 211.73, 192.27, 209.33, 211.86, 213.99]
avgrqsz
[611.35, 631.86, 626.7, 645.32, 623.23, 637.14, 629.3, 639.19, 617.11, 642.82, 615.16, 623.32, 627.64]
wMB
[55.0, 58.69, 72.61, 69.64, 66.08, 68.43, 66.52, 66.25, 68.87, 65.52, 68.16, 69.81, 70.81]
rrqm
[0.0, 0.0, 0.0, 0.0, 0.0, 0.0, 0.0, 0.0, 0.0, 0.0, 0.0, 0.0, 0.0]
w_await
[158.24, 177.49, 156.26, 152.59, 166.66, 147.63, 171.65, 145.39, 156.84, 164.02, 150.34, 158.85, 152.54]
