4 datos recogidos

cpu data:

user
[2.17, 1.04, 1.06, 1.07]
nice
[0.0, 0.0, 0.0, 0.0]
system
[35.87, 41.67, 46.56, 70.05]
iowait
[61.96, 57.29, 52.38, 28.88]
steal
[0.0, 0.0, 0.0, 0.0]
idle
[0.0, 0.0, 0.0, 0.0]

sdd data:

util
[43.48, 62.29, 56.93, 80.43]
r_await
[16.0, 0.0, 0.0, 0.0]
avgqusz
[4.66, 6.0, 8.29, 27.35]
await
[49.82, 47.07, 66.13, 124.81]
rMB
[0.0, 0.0, 0.0, 0.0]
svctm
[4.68, 4.86, 4.62, 4.33]
r
[0.54, 0.0, 0.0, 0.0]
wrqm
[0.0, 7.29, 0.0, 0.0]
w
[92.39, 128.12, 123.28, 185.56]
avgrqsz
[974.64, 924.91, 963.57, 967.56]
wMB
[44.23, 57.86, 58.0, 87.67]
rrqm
[0.0, 0.0, 0.0, 0.0]
w_await
[50.02, 47.07, 66.13, 124.81]
