20 datos recogidos

cpu data:

user
[0.61, 0.61, 0.62, 0.0, 0.0, 0.0, 0.0, 0.0, 0.0, 0.0, 0.63, 0.0, 0.0, 0.0, 0.0, 0.0, 0.0, 0.0, 0.0, 0.52]
nice
[0.0, 0.0, 0.0, 0.0, 0.0, 0.0, 0.0, 0.65, 0.0, 0.0, 0.0, 0.0, 0.0, 0.0, 0.0, 0.0, 0.0, 0.0, 0.0, 0.0]
system
[21.47, 6.1, 4.32, 2.47, 7.59, 7.59, 6.96, 7.79, 8.18, 7.74, 6.96, 9.49, 10.19, 6.96, 7.64, 8.12, 17.84, 18.28, 16.85, 20.21]
iowait
[77.91, 93.29, 95.06, 97.53, 92.41, 92.41, 93.04, 91.56, 91.82, 92.26, 92.41, 90.51, 89.81, 93.04, 92.36, 91.88, 82.16, 81.72, 83.15, 79.27]
steal
[0.0, 0.0, 0.0, 0.0, 0.0, 0.0, 0.0, 0.0, 0.0, 0.0, 0.0, 0.0, 0.0, 0.0, 0.0, 0.0, 0.0, 0.0, 0.0, 0.0]
idle
[0.0, 0.0, 0.0, 0.0, 0.0, 0.0, 0.0, 0.0, 0.0, 0.0, 0.0, 0.0, 0.0, 0.0, 0.0, 0.0, 0.0, 0.0, 0.0, 0.0]

sdb data:

util
[108.96, 121.95, 123.46, 123.46, 126.58, 126.58, 126.58, 129.87, 126.04, 129.03, 126.58, 126.58, 127.39, 126.58, 127.39, 125.0, 108.11, 107.53, 108.7, 103.63]
r_await
[0.0, 0.0, 0.0, 0.0, 0.0, 0.0, 0.0, 0.0, 0.0, 0.0, 0.0, 0.0, 0.0, 0.0, 0.0, 0.0, 48.36, 38.72, 45.17, 44.46]
avgqusz
[156.55, 175.01, 178.17, 177.03, 181.24, 182.54, 181.44, 186.05, 179.58, 184.83, 181.93, 180.07, 182.63, 182.45, 182.21, 177.82, 155.31, 156.35, 157.28, 149.21]
await
[470.09, 479.8, 437.98, 490.88, 523.35, 625.32, 500.59, 471.22, 653.41, 454.92, 594.08, 599.35, 503.25, 609.69, 519.03, 538.41, 678.82, 594.93, 606.02, 606.74]
rMB
[0.0, 0.0, 0.0, 0.0, 0.0, 0.0, 0.0, 0.0, 0.0, 0.0, 0.0, 0.0, 0.0, 0.0, 0.0, 0.0, 0.01, 0.01, 0.01, 0.01]
svctm
[4.0, 3.51, 3.03, 3.57, 3.81, 3.85, 3.81, 3.78, 3.85, 3.77, 3.88, 3.79, 3.75, 4.09, 4.01, 4.02, 3.95, 4.25, 4.23, 4.11]
r
[0.0, 0.0, 0.0, 0.0, 0.0, 0.0, 0.0, 0.0, 0.0, 0.0, 0.0, 0.0, 0.0, 0.0, 0.0, 0.0, 11.89, 13.44, 13.04, 13.47]
wrqm
[50.92, 14.63, 11.73, 64.81, 44.3, 46.84, 20.25, 14.29, 65.41, 18.71, 55.7, 30.38, 12.74, 56.96, 15.29, 48.12, 34.59, 24.19, 29.35, 18.65]
w
[272.39, 346.95, 408.02, 345.68, 332.28, 329.11, 332.28, 343.51, 327.67, 342.58, 325.95, 334.18, 339.49, 309.49, 317.83, 310.62, 261.62, 239.78, 244.02, 238.86]
avgrqsz
[237.04, 211.12, 158.55, 197.49, 230.17, 216.62, 229.97, 230.47, 219.11, 230.99, 219.0, 218.34, 230.48, 223.01, 229.52, 222.24, 197.66, 213.42, 214.73, 213.02]
wMB
[31.53, 35.77, 31.59, 33.33, 37.34, 34.81, 37.31, 38.66, 35.06, 38.64, 34.86, 35.63, 38.21, 33.7, 35.62, 33.71, 26.39, 26.38, 26.95, 26.24]
rrqm
[0.0, 0.0, 0.0, 0.0, 0.0, 0.0, 0.0, 0.0, 0.0, 0.0, 0.0, 0.0, 0.0, 0.0, 0.0, 0.0, 0.0, 0.0, 0.0, 0.0]
w_await
[470.09, 479.8, 437.98, 490.88, 523.35, 625.32, 500.59, 471.22, 653.41, 454.92, 594.08, 599.35, 503.25, 609.69, 519.03, 538.41, 707.48, 626.11, 636.0, 638.45]
