66 datos recogidos

cpu data:

user
[35.86, 39.5, 21.28, 21.16, 14.13, 13.19, 16.39, 16.13, 18.38, 17.78, 15.64, 15.73, 13.68, 13.64, 14.69, 12.99, 15.82, 11.3, 12.43, 12.99, 12.0, 13.14, 11.24, 13.19, 12.43, 11.36, 11.36, 13.07, 12.78, 12.36, 11.24, 11.24, 15.43, 9.55, 14.21, 11.73, 9.55, 12.92, 13.48, 12.22, 10.05, 14.21, 7.77, 5.18, 5.61, 8.25, 8.95, 10.0, 6.74, 9.38, 8.85, 7.33, 13.16, 26.29, 24.34, 11.58, 3.61, 4.12, 12.77, 24.87, 18.09, 12.77, 13.23, 25.54, 27.03, 20.0]
nice
[0.0, 0.0, 0.0, 0.0, 0.0, 0.0, 0.55, 0.0, 0.0, 0.0, 0.0, 0.0, 0.0, 0.0, 0.0, 0.0, 0.0, 0.0, 0.0, 0.0, 0.0, 0.0, 0.0, 0.0, 0.0, 0.0, 0.57, 0.0, 0.0, 0.0, 0.0, 0.0, 0.0, 0.0, 0.0, 0.0, 0.56, 0.0, 0.0, 0.0, 0.0, 0.0, 0.0, 0.0, 0.0, 0.0, 0.0, 0.0, 0.0, 0.0, 0.0, 0.0, 0.0, 0.0, 0.0, 0.0, 0.0, 0.0, 0.0, 0.0, 0.0, 0.0, 0.0, 0.0, 0.0, 0.0]
system
[55.05, 60.5, 35.64, 40.74, 27.72, 27.47, 22.95, 26.34, 24.32, 23.89, 23.46, 24.16, 30.53, 24.43, 24.86, 26.55, 23.73, 23.16, 20.34, 20.9, 20.57, 20.0, 19.66, 20.88, 20.34, 20.45, 20.45, 20.45, 22.78, 20.79, 17.42, 18.54, 17.71, 18.54, 22.63, 15.08, 17.98, 18.54, 16.85, 17.78, 19.05, 21.58, 11.4, 5.7, 8.16, 11.86, 13.16, 11.58, 13.99, 11.46, 11.98, 10.99, 22.11, 38.66, 28.57, 14.74, 7.73, 7.22, 26.06, 31.75, 21.28, 18.09, 20.11, 36.41, 28.11, 28.11]
iowait
[9.09, 0.0, 43.09, 38.1, 58.15, 59.34, 60.11, 57.53, 57.3, 58.33, 60.89, 60.11, 55.79, 61.93, 60.45, 60.45, 60.45, 65.54, 67.23, 66.1, 67.43, 66.86, 69.1, 65.93, 67.23, 68.18, 67.61, 66.48, 64.44, 66.85, 71.35, 70.22, 66.86, 71.91, 63.16, 73.18, 71.91, 68.54, 69.66, 70.0, 70.9, 64.21, 80.83, 89.12, 86.22, 79.9, 77.89, 78.42, 79.27, 79.17, 79.17, 81.68, 64.74, 35.05, 47.09, 73.68, 88.66, 88.66, 61.17, 43.39, 60.64, 69.15, 66.67, 38.04, 44.86, 51.89]
steal
[0.0, 0.0, 0.0, 0.0, 0.0, 0.0, 0.0, 0.0, 0.0, 0.0, 0.0, 0.0, 0.0, 0.0, 0.0, 0.0, 0.0, 0.0, 0.0, 0.0, 0.0, 0.0, 0.0, 0.0, 0.0, 0.0, 0.0, 0.0, 0.0, 0.0, 0.0, 0.0, 0.0, 0.0, 0.0, 0.0, 0.0, 0.0, 0.0, 0.0, 0.0, 0.0, 0.0, 0.0, 0.0, 0.0, 0.0, 0.0, 0.0, 0.0, 0.0, 0.0, 0.0, 0.0, 0.0, 0.0, 0.0, 0.0, 0.0, 0.0, 0.0, 0.0, 0.0, 0.0, 0.0, 0.0]
idle
[0.0, 0.0, 0.0, 0.0, 0.0, 0.0, 0.0, 0.0, 0.0, 0.0, 0.0, 0.0, 0.0, 0.0, 0.0, 0.0, 0.0, 0.0, 0.0, 0.0, 0.0, 0.0, 0.0, 0.0, 0.0, 0.0, 0.0, 0.0, 0.0, 0.0, 0.0, 0.0, 0.0, 0.0, 0.0, 0.0, 0.0, 0.0, 0.0, 0.0, 0.0, 0.0, 0.0, 0.0, 0.0, 0.0, 0.0, 0.0, 0.0, 0.0, 0.0, 0.0, 0.0, 0.0, 0.0, 0.0, 0.0, 0.0, 0.0, 0.0, 0.0, 0.0, 0.0, 0.0, 0.0, 0.0]

sda data:

util
[23.23, 100.0, 106.38, 105.82, 108.7, 109.89, 109.29, 107.53, 108.11, 111.11, 111.96, 112.36, 105.26, 113.64, 112.99, 112.99, 112.99, 112.99, 112.99, 112.99, 114.29, 114.29, 112.36, 109.89, 112.99, 113.64, 113.64, 113.64, 111.11, 112.36, 112.36, 112.36, 114.29, 112.36, 105.26, 111.73, 112.36, 112.36, 112.36, 111.11, 105.82, 105.26, 103.63, 103.63, 102.04, 103.09, 105.26, 105.26, 103.63, 104.17, 104.17, 104.71, 105.26, 103.09, 105.82, 105.26, 103.09, 103.09, 106.38, 105.82, 106.38, 106.38, 105.82, 108.7, 108.11, 108.11]
r_await
[15.67, 0.0, 0.0, 0.0, 0.0, 0.0, 0.0, 0.0, 0.0, 0.0, 0.0, 0.0, 281.6, 0.0, 0.0, 0.0, 0.0, 0.0, 0.0, 0.0, 0.0, 0.0, 0.0, 292.0, 0.0, 0.0, 0.0, 0.0, 0.0, 0.0, 0.0, 0.0, 0.0, 0.0, 0.0, 0.0, 0.0, 0.0, 0.0, 0.0, 156.0, 276.0, 0.0, 144.0, 224.0, 206.0, 0.0, 0.0, 0.0, 0.0, 0.0, 0.0, 0.0, 0.0, 0.0, 0.0, 0.0, 0.0, 92.0, 0.0, 0.0, 0.0, 0.0, 0.0, 0.0, 160.0]
avgqusz
[20.51, 118.6, 143.28, 149.62, 155.62, 157.63, 156.41, 154.86, 154.1, 160.47, 159.94, 161.6, 151.81, 163.6, 162.5, 161.51, 162.64, 162.25, 162.12, 161.65, 162.99, 164.02, 162.35, 157.31, 161.65, 163.29, 162.68, 163.44, 159.2, 160.25, 161.56, 162.9, 164.03, 160.96, 150.43, 160.46, 161.27, 161.01, 160.77, 159.25, 153.06, 150.37, 149.13, 149.45, 147.14, 147.5, 150.86, 150.66, 149.35, 148.4, 149.25, 151.12, 150.04, 148.46, 151.58, 151.49, 147.97, 147.73, 153.87, 151.5, 153.13, 152.29, 151.02, 156.85, 154.91, 154.0]
await
[89.86, 1286.94, 1901.11, 2241.1, 2472.64, 2525.46, 2542.58, 2514.54, 2541.26, 2495.48, 2518.28, 2499.09, 2464.31, 2563.69, 2485.57, 2524.0, 2517.67, 2694.8, 2924.38, 2955.54, 2656.57, 2827.78, 3156.85, 3318.67, 3012.9, 2601.58, 3031.42, 2498.48, 2814.87, 3146.5, 3236.46, 2929.85, 2719.17, 2989.65, 3321.81, 3289.48, 2889.78, 2893.44, 2967.49, 3066.44, 3255.9, 3254.2, 2185.22, 1716.05, 1818.05, 2131.11, 2448.75, 2293.92, 2126.89, 2169.56, 2316.16, 1938.41, 1821.8, 1974.61, 1970.42, 1415.65, 1409.83, 1482.87, 1895.58, 2110.64, 1979.72, 1821.19, 1913.03, 1953.7, 2026.39, 2190.79]
rMB
[0.06, 0.0, 0.0, 0.0, 0.0, 0.0, 0.0, 0.0, 0.0, 0.0, 0.0, 0.0, 0.07, 0.0, 0.0, 0.0, 0.0, 0.0, 0.0, 0.0, 0.0, 0.0, 0.0, 0.0, 0.0, 0.0, 0.0, 0.0, 0.0, 0.0, 0.0, 0.0, 0.0, 0.0, 0.0, 0.0, 0.0, 0.0, 0.0, 0.0, 0.0, 0.01, 0.0, 0.01, 0.02, 0.0, 0.0, 0.0, 0.0, 0.0, 0.0, 0.0, 0.0, 0.0, 0.0, 0.0, 0.0, 0.0, 0.03, 0.0, 0.0, 0.0, 0.0, 0.0, 0.0, 0.01]
svctm
[16.43, 16.13, 16.26, 17.24, 17.7, 17.86, 17.7, 17.39, 17.54, 17.39, 17.58, 17.54, 17.39, 17.39, 17.39, 17.54, 18.18, 20.0, 21.05, 19.05, 18.87, 21.51, 23.53, 22.99, 17.24, 21.98, 18.18, 18.52, 21.74, 22.73, 20.83, 19.23, 19.8, 23.53, 23.26, 20.62, 19.8, 20.62, 21.28, 22.22, 24.39, 18.02, 13.25, 11.36, 13.7, 17.09, 16.39, 15.04, 15.04, 15.62, 16.39, 11.7, 13.61, 14.18, 11.76, 9.71, 10.05, 11.49, 13.89, 15.15, 12.58, 12.9, 13.99, 13.51, 15.15, 14.81]
r
[6.06, 0.0, 0.0, 0.0, 0.0, 0.0, 0.0, 0.0, 0.0, 0.0, 0.0, 0.0, 2.63, 0.0, 0.0, 0.0, 0.0, 0.0, 0.0, 0.0, 0.0, 0.0, 0.0, 0.55, 0.0, 0.0, 0.0, 0.0, 0.0, 0.0, 0.0, 0.0, 0.0, 0.0, 0.0, 0.0, 0.0, 0.0, 0.0, 0.0, 0.53, 0.53, 0.0, 0.52, 1.53, 1.03, 0.0, 0.0, 0.0, 0.0, 0.0, 0.0, 0.0, 0.0, 0.0, 0.0, 0.0, 0.0, 0.53, 0.0, 0.0, 0.0, 0.0, 0.0, 0.0, 0.54]
wrqm
[2321.21, 1661.5, 2110.11, 2103.17, 1611.96, 2066.48, 1598.36, 2102.69, 1602.16, 2193.89, 2098.88, 1671.35, 2048.95, 1674.43, 2232.77, 1661.58, 2229.94, 1528.25, 1674.01, 1668.93, 2232.57, 1122.86, 1532.58, 1534.62, 1680.23, 1686.93, 2196.02, 1686.36, 1623.89, 1410.11, 1644.94, 1636.52, 1669.71, 1583.71, 768.95, 1610.06, 2070.79, 1575.28, 1517.98, 924.44, 445.5, 337.89, 278.76, 688.6, 1028.57, 943.3, 452.63, 954.21, 703.11, 785.94, 304.17, 2565.45, 2393.16, 1225.26, 20.63, 96.32, 455.67, 2494.33, 2490.43, 686.24, 987.77, 1823.94, 2021.16, 2312.5, 1363.78, 1708.11]
w
[8.08, 62.0, 65.43, 61.38, 61.41, 61.54, 61.75, 61.83, 61.62, 63.89, 63.69, 64.04, 57.89, 65.34, 64.97, 64.41, 62.15, 56.5, 53.67, 59.32, 60.57, 53.14, 47.75, 47.25, 65.54, 51.7, 62.5, 61.36, 51.11, 49.44, 53.93, 58.43, 57.71, 47.75, 45.26, 54.19, 56.74, 54.49, 52.81, 50.0, 42.86, 57.89, 78.24, 90.67, 72.96, 59.28, 64.21, 70.0, 68.91, 66.67, 63.54, 89.53, 77.37, 72.68, 89.95, 108.42, 102.58, 89.69, 76.06, 69.84, 84.57, 82.45, 75.66, 80.43, 71.35, 72.43]
avgrqsz
[145.71, 238.26, 242.28, 252.9, 255.5, 255.29, 242.27, 253.29, 251.51, 253.91, 254.88, 255.79, 232.49, 254.4, 250.37, 255.65, 252.65, 254.32, 253.31, 237.03, 254.19, 251.18, 255.44, 246.53, 231.86, 253.54, 255.35, 252.22, 250.78, 253.73, 236.75, 235.62, 248.08, 252.42, 252.0, 209.24, 242.46, 245.69, 237.28, 237.16, 224.88, 146.81, 59.81, 32.68, 66.03, 129.44, 117.84, 96.06, 98.71, 96.19, 108.2, 64.05, 252.73, 246.41, 136.33, 11.26, 13.55, 93.98, 246.39, 242.42, 110.39, 88.77, 189.43, 247.68, 216.42, 170.43]
wMB
[0.95, 7.21, 7.74, 7.58, 7.66, 7.67, 7.3, 7.65, 7.57, 7.92, 7.93, 8.0, 6.8, 8.12, 7.94, 8.04, 7.67, 7.02, 6.64, 6.87, 7.52, 6.52, 5.96, 5.75, 7.42, 6.4, 7.79, 7.56, 6.26, 6.12, 6.23, 6.72, 6.99, 5.89, 5.57, 5.54, 6.72, 6.54, 6.12, 5.79, 4.76, 4.18, 2.29, 1.44, 2.38, 3.81, 3.69, 3.28, 3.32, 3.13, 3.36, 2.8, 9.55, 8.74, 5.99, 0.6, 0.68, 4.12, 9.19, 8.27, 4.56, 3.57, 7.0, 9.73, 7.54, 6.06]
rrqm
[8.59, 0.0, 0.0, 0.0, 0.0, 0.0, 0.0, 0.0, 0.0, 0.0, 0.0, 12.92, 3.16, 0.0, 0.0, 0.0, 0.0, 0.0, 0.0, 0.0, 0.0, 0.0, 0.0, 0.0, 0.0, 0.0, 0.0, 0.0, 0.0, 0.0, 0.0, 0.0, 0.0, 0.0, 0.0, 0.0, 0.0, 0.0, 0.0, 0.0, 1.06, 0.0, 0.0, 3.11, 3.06, 0.0, 0.0, 0.0, 0.0, 0.0, 0.0, 0.0, 0.0, 0.0, 0.0, 0.0, 0.0, 0.0, 6.91, 0.0, 0.0, 0.0, 0.0, 0.0, 0.0, 2.16]
w_await
[145.5, 1286.94, 1901.11, 2241.1, 2472.64, 2525.46, 2542.58, 2514.54, 2541.26, 2495.48, 2518.28, 2499.09, 2563.53, 2563.69, 2485.57, 2524.0, 2517.67, 2694.8, 2924.38, 2955.54, 2656.57, 2827.78, 3156.85, 3353.86, 3012.9, 2601.58, 3031.42, 2498.48, 2814.87, 3146.5, 3236.46, 2929.85, 2719.17, 2989.65, 3321.81, 3289.48, 2889.78, 2893.44, 2967.49, 3066.44, 3294.17, 3281.27, 2185.22, 1725.03, 1851.5, 2164.59, 2448.75, 2293.92, 2126.89, 2169.56, 2316.16, 1938.41, 1821.8, 1974.61, 1970.42, 1415.65, 1409.83, 1482.87, 1908.2, 2110.64, 1979.72, 1821.19, 1913.03, 1953.7, 2026.39, 2205.94]
