102 datos recogidos

cpu data:

user
[37.37, 38.81, 35.18, 34.83, 37.19, 37.0, 31.5, 37.0, 41.0, 44.0, 40.0, 40.0, 35.18, 44.28, 37.0, 37.0, 37.0, 37.0, 35.0, 37.31, 35.5, 39.5, 41.5, 36.18, 39.11, 35.18, 38.5, 37.5, 34.33, 33.17, 32.84, 34.67, 34.5, 38.19, 32.34, 36.82, 33.84, 32.84, 38.19, 35.5, 39.5, 36.68, 39.3, 36.18, 37.0, 35.0, 32.0, 39.2, 32.84, 33.0, 36.0, 35.0, 33.33, 38.5, 34.0, 35.5, 35.0, 38.5, 35.5, 36.0, 36.5, 34.0, 37.81, 37.0, 39.0, 36.68, 35.32, 35.18, 36.18, 34.17, 33.0, 38.31, 37.5, 36.32, 35.86, 35.0, 38.0, 33.17, 39.11, 37.5, 37.0, 37.81, 33.67, 35.5, 35.5, 35.5, 38.0, 38.5, 38.5, 38.0, 38.19, 37.5, 38.5, 36.82, 33.5, 37.69, 39.0, 33.17, 37.0, 33.0, 38.31, 36.0]
nice
[0.0, 0.0, 0.0, 0.0, 0.0, 0.0, 0.0, 0.0, 0.0, 0.0, 0.0, 0.0, 0.0, 0.0, 0.0, 0.0, 0.0, 0.0, 0.5, 0.0, 0.0, 0.0, 0.0, 0.0, 0.0, 0.0, 4.5, 4.5, 0.5, 0.0, 0.0, 0.0, 0.0, 0.0, 0.0, 0.0, 0.0, 0.0, 0.0, 0.0, 0.0, 0.0, 0.0, 0.0, 0.0, 0.0, 0.0, 0.0, 0.5, 0.0, 0.0, 0.0, 0.0, 0.0, 0.0, 0.0, 0.0, 0.0, 0.5, 0.0, 0.0, 0.0, 0.0, 0.0, 0.0, 0.0, 0.0, 0.0, 0.0, 0.0, 0.0, 0.0, 0.0, 0.0, 0.0, 0.0, 0.0, 0.0, 0.5, 0.0, 0.0, 0.0, 0.0, 0.0, 0.0, 0.0, 0.0, 0.0, 0.0, 0.0, 0.0, 0.0, 0.0, 0.0, 0.0, 0.0, 0.0, 0.0, 0.5, 0.0, 0.0, 0.0]
system
[58.59, 61.19, 61.81, 65.17, 59.8, 63.0, 68.5, 63.0, 59.0, 56.0, 60.0, 59.0, 64.82, 55.72, 52.5, 63.0, 63.0, 63.0, 64.5, 62.69, 64.0, 60.5, 58.5, 63.82, 60.89, 64.82, 57.0, 58.0, 65.17, 65.33, 67.16, 65.33, 65.5, 61.81, 67.16, 63.18, 66.16, 62.69, 61.81, 64.5, 60.5, 63.32, 60.7, 63.82, 63.0, 65.0, 68.0, 60.8, 66.67, 63.0, 64.0, 61.5, 66.67, 61.5, 66.0, 64.5, 65.0, 61.5, 64.0, 64.0, 62.0, 66.0, 62.19, 63.0, 61.0, 63.32, 58.71, 64.82, 62.31, 57.79, 67.0, 60.7, 62.5, 63.68, 60.61, 65.0, 62.0, 57.29, 60.4, 62.5, 60.0, 62.19, 66.33, 64.5, 64.5, 64.5, 62.0, 61.5, 61.5, 62.0, 61.81, 62.5, 61.5, 63.18, 66.5, 62.31, 61.0, 61.81, 62.5, 67.0, 61.69, 64.0]
iowait
[4.04, 0.0, 3.02, 0.0, 3.02, 0.0, 0.0, 0.0, 0.0, 0.0, 0.0, 1.0, 0.0, 0.0, 10.5, 0.0, 0.0, 0.0, 0.0, 0.0, 0.5, 0.0, 0.0, 0.0, 0.0, 0.0, 0.0, 0.0, 0.0, 1.51, 0.0, 0.0, 0.0, 0.0, 0.5, 0.0, 0.0, 4.48, 0.0, 0.0, 0.0, 0.0, 0.0, 0.0, 0.0, 0.0, 0.0, 0.0, 0.0, 4.0, 0.0, 3.5, 0.0, 0.0, 0.0, 0.0, 0.0, 0.0, 0.0, 0.0, 1.5, 0.0, 0.0, 0.0, 0.0, 0.0, 5.97, 0.0, 1.51, 8.04, 0.0, 1.0, 0.0, 0.0, 3.54, 0.0, 0.0, 9.55, 0.0, 0.0, 3.0, 0.0, 0.0, 0.0, 0.0, 0.0, 0.0, 0.0, 0.0, 0.0, 0.0, 0.0, 0.0, 0.0, 0.0, 0.0, 0.0, 5.03, 0.0, 0.0, 0.0, 0.0]
steal
[0.0, 0.0, 0.0, 0.0, 0.0, 0.0, 0.0, 0.0, 0.0, 0.0, 0.0, 0.0, 0.0, 0.0, 0.0, 0.0, 0.0, 0.0, 0.0, 0.0, 0.0, 0.0, 0.0, 0.0, 0.0, 0.0, 0.0, 0.0, 0.0, 0.0, 0.0, 0.0, 0.0, 0.0, 0.0, 0.0, 0.0, 0.0, 0.0, 0.0, 0.0, 0.0, 0.0, 0.0, 0.0, 0.0, 0.0, 0.0, 0.0, 0.0, 0.0, 0.0, 0.0, 0.0, 0.0, 0.0, 0.0, 0.0, 0.0, 0.0, 0.0, 0.0, 0.0, 0.0, 0.0, 0.0, 0.0, 0.0, 0.0, 0.0, 0.0, 0.0, 0.0, 0.0, 0.0, 0.0, 0.0, 0.0, 0.0, 0.0, 0.0, 0.0, 0.0, 0.0, 0.0, 0.0, 0.0, 0.0, 0.0, 0.0, 0.0, 0.0, 0.0, 0.0, 0.0, 0.0, 0.0, 0.0, 0.0, 0.0, 0.0, 0.0]
idle
[0.0, 0.0, 0.0, 0.0, 0.0, 0.0, 0.0, 0.0, 0.0, 0.0, 0.0, 0.0, 0.0, 0.0, 0.0, 0.0, 0.0, 0.0, 0.0, 0.0, 0.0, 0.0, 0.0, 0.0, 0.0, 0.0, 0.0, 0.0, 0.0, 0.0, 0.0, 0.0, 0.0, 0.0, 0.0, 0.0, 0.0, 0.0, 0.0, 0.0, 0.0, 0.0, 0.0, 0.0, 0.0, 0.0, 0.0, 0.0, 0.0, 0.0, 0.0, 0.0, 0.0, 0.0, 0.0, 0.0, 0.0, 0.0, 0.0, 0.0, 0.0, 0.0, 0.0, 0.0, 0.0, 0.0, 0.0, 0.0, 0.0, 0.0, 0.0, 0.0, 0.0, 0.0, 0.0, 0.0, 0.0, 0.0, 0.0, 0.0, 0.0, 0.0, 0.0, 0.0, 0.0, 0.0, 0.0, 0.0, 0.0, 0.0, 0.0, 0.0, 0.0, 0.0, 0.0, 0.0, 0.0, 0.0, 0.0, 0.0, 0.0, 0.0]

sdb data:

util
[32.93, 75.22, 62.31, 82.39, 46.63, 52.0, 71.4, 38.2, 41.0, 61.2, 50.6, 61.6, 58.09, 49.15, 64.4, 33.6, 51.2, 74.0, 59.6, 59.1, 60.4, 53.6, 71.4, 54.87, 57.43, 84.42, 32.4, 69.8, 77.61, 53.87, 69.85, 53.87, 75.2, 76.58, 56.92, 65.07, 54.14, 52.34, 82.61, 57.4, 57.0, 80.0, 52.14, 64.52, 63.4, 52.8, 75.2, 57.49, 54.93, 79.8, 61.2, 54.6, 84.98, 36.0, 66.2, 98.4, 41.0, 59.6, 100.0, 42.4, 80.4, 85.8, 58.31, 79.8, 46.0, 76.78, 92.34, 61.71, 70.35, 74.77, 76.0, 89.15, 67.4, 64.08, 101.01, 55.2, 82.2, 80.4, 68.71, 85.0, 73.6, 74.83, 82.61, 67.8, 73.0, 70.2, 68.6, 82.0, 54.2, 83.6, 91.06, 53.8, 62.6, 99.5, 50.8, 78.19, 66.2, 63.92, 90.6, 67.8, 60.3, 100.2]
r_await
[9.6, 0.0, 64.0, 0.0, 64.0, 0.0, 0.0, 0.0, 0.0, 0.0, 0.0, 24.0, 0.0, 0.0, 40.0, 0.0, 0.0, 0.0, 0.0, 0.0, 4.0, 0.0, 0.0, 0.0, 0.0, 0.0, 0.0, 0.0, 0.0, 32.0, 0.0, 0.0, 0.0, 0.0, 12.0, 0.0, 0.0, 96.0, 0.0, 0.0, 0.0, 0.0, 0.0, 4.0, 0.0, 0.0, 0.0, 0.0, 0.0, 80.0, 0.0, 72.0, 0.0, 0.0, 0.0, 0.0, 0.0, 0.0, 0.0, 0.0, 28.0, 0.0, 0.0, 0.0, 0.0, 0.0, 124.0, 0.0, 0.0, 0.0, 0.0, 12.0, 0.0, 0.0, 76.0, 0.0, 0.0, 0.0, 0.0, 0.0, 52.0, 0.0, 0.0, 4.0, 0.0, 0.0, 0.0, 0.0, 0.0, 0.0, 0.0, 0.0, 0.0, 0.0, 0.0, 0.0, 0.0, 108.0, 0.0, 0.0, 0.0, 0.0]
avgqusz
[40.09, 36.87, 33.68, 78.37, 24.73, 25.49, 73.87, 22.81, 20.83, 62.57, 26.21, 63.6, 33.22, 23.46, 64.25, 18.53, 27.35, 77.12, 31.4, 39.58, 59.06, 25.49, 76.39, 33.62, 26.86, 100.58, 14.23, 48.54, 82.69, 26.4, 75.83, 45.3, 34.86, 80.23, 29.19, 68.87, 50.4, 25.87, 92.48, 32.73, 27.24, 87.67, 26.17, 67.07, 39.92, 25.32, 79.83, 31.36, 28.99, 90.76, 37.54, 26.78, 102.36, 15.94, 46.61, 111.74, 23.6, 42.22, 136.35, 22.24, 68.93, 87.68, 29.35, 112.86, 30.29, 34.88, 104.59, 30.54, 64.24, 64.77, 40.73, 108.12, 58.14, 36.14, 129.16, 25.97, 60.23, 77.69, 35.75, 95.01, 68.46, 47.23, 85.2, 34.59, 74.73, 67.2, 37.09, 90.72, 44.33, 42.36, 113.56, 24.58, 35.13, 126.41, 24.41, 86.95, 59.55, 33.68, 101.68, 40.81, 29.64, 139.45]
await
[301.15, 415.42, 225.11, 520.78, 234.82, 263.7, 529.43, 224.7, 271.25, 556.41, 264.77, 303.08, 561.99, 249.8, 519.66, 251.08, 260.29, 621.76, 248.24, 257.93, 636.53, 287.79, 352.91, 608.22, 288.52, 591.38, 360.84, 253.5, 738.89, 268.08, 335.09, 745.71, 287.0, 576.39, 294.83, 341.49, 768.12, 261.27, 390.23, 638.65, 291.25, 603.71, 265.64, 332.39, 568.87, 264.83, 378.43, 573.68, 266.46, 374.95, 658.31, 280.73, 573.13, 449.48, 231.14, 787.08, 254.52, 273.95, 766.59, 770.95, 335.05, 937.26, 300.98, 606.56, 768.63, 325.16, 645.54, 367.91, 335.95, 884.61, 293.65, 540.5, 1040.85, 310.38, 670.74, 649.56, 272.11, 828.21, 366.54, 388.13, 961.52, 355.53, 716.46, 349.43, 362.26, 933.03, 307.22, 448.21, 950.77, 295.69, 600.3, 642.48, 263.7, 699.32, 562.81, 408.69, 937.26, 302.32, 447.53, 746.55, 296.57, 674.48]
rMB
[0.01, 0.0, 0.02, 0.0, 0.0, 0.0, 0.0, 0.0, 0.0, 0.0, 0.0, 0.02, 0.0, 0.0, 0.0, 0.0, 0.0, 0.0, 0.0, 0.0, 0.01, 0.0, 0.0, 0.0, 0.0, 0.0, 0.02, 0.0, 0.0, 0.0, 0.0, 0.0, 0.0, 0.0, 0.02, 0.0, 0.0, 0.01, 0.0, 0.0, 0.0, 0.0, 0.0, 0.01, 0.0, 0.0, 0.0, 0.0, 0.0, 0.02, 0.0, 0.0, 0.0, 0.0, 0.0, 0.0, 0.0, 0.02, 0.0, 0.0, 0.02, 0.0, 0.0, 0.0, 0.0, 0.0, 0.01, 0.0, 0.0, 0.0, 0.0, 0.02, 0.0, 0.0, 0.0, 0.0, 0.0, 0.0, 0.0, 0.0, 0.02, 0.0, 0.0, 0.01, 0.0, 0.0, 0.0, 0.0, 0.01, 0.0, 0.0, 0.0, 0.0, 0.0, 0.02, 0.0, 0.0, 0.0, 0.0, 0.0, 0.0, 0.0]
svctm
[5.87, 5.23, 5.15, 5.06, 5.07, 5.12, 4.99, 5.16, 5.12, 5.02, 5.11, 5.18, 5.53, 4.99, 5.15, 5.74, 5.33, 5.52, 5.47, 5.35, 5.3, 5.61, 5.6, 5.46, 5.37, 5.35, 5.45, 5.82, 5.69, 5.47, 5.34, 5.53, 5.43, 5.5, 5.75, 5.43, 5.28, 5.29, 5.59, 5.71, 5.45, 5.51, 5.29, 5.42, 5.49, 5.2, 5.57, 5.47, 5.47, 5.37, 5.56, 5.25, 5.42, 5.67, 5.45, 5.95, 5.94, 5.76, 6.17, 7.19, 5.81, 6.76, 5.98, 5.98, 6.57, 5.77, 6.27, 6.6, 6.17, 6.86, 6.58, 6.18, 7.37, 6.22, 6.04, 7.67, 6.37, 6.45, 7.05, 6.07, 6.48, 6.77, 6.35, 6.85, 6.21, 6.59, 6.38, 6.01, 6.82, 6.08, 6.21, 6.4, 5.88, 6.37, 6.31, 6.01, 6.43, 6.3, 6.23, 6.55, 5.8, 6.53]
r
[2.53, 0.0, 1.01, 0.0, 0.5, 0.0, 0.0, 0.0, 0.0, 0.0, 0.0, 1.0, 0.0, 0.0, 0.5, 0.0, 0.0, 0.0, 0.0, 0.0, 0.5, 0.0, 0.0, 0.0, 0.0, 0.0, 1.0, 0.0, 0.0, 0.5, 0.0, 0.0, 0.0, 0.0, 1.0, 0.0, 0.0, 1.0, 0.0, 0.0, 0.0, 0.0, 0.0, 0.5, 0.0, 0.0, 0.0, 0.0, 0.0, 1.0, 0.0, 0.5, 0.0, 0.0, 0.0, 0.0, 0.0, 1.0, 0.0, 0.0, 1.0, 0.0, 0.0, 0.0, 0.0, 0.0, 0.5, 0.0, 0.0, 0.0, 0.0, 1.0, 0.0, 0.0, 0.51, 0.0, 0.0, 0.0, 0.0, 0.0, 1.0, 0.0, 0.0, 1.0, 0.0, 0.0, 0.0, 0.0, 0.5, 0.0, 0.0, 0.0, 0.0, 0.0, 1.0, 0.0, 0.0, 0.5, 0.0, 0.0, 0.0, 0.0]
wrqm
[3004.04, 2957.71, 4482.91, 4069.65, 2988.44, 2974.0, 4204.0, 2973.0, 3947.5, 1397.0, 2973.0, 5389.0, 1493.97, 2960.2, 3683.0, 2974.5, 3886.5, 1875.5, 4461.5, 4436.82, 2572.0, 1487.5, 5672.0, 1494.97, 2944.06, 5081.91, 1487.5, 5875.5, 1885.07, 2989.45, 6275.62, 1850.75, 2975.0, 4234.17, 2958.71, 5769.65, 874.24, 2958.71, 6260.3, 1487.5, 2974.0, 4383.42, 2958.21, 5732.66, 1487.5, 2973.5, 5781.5, 1494.97, 4438.81, 5089.5, 1487.5, 2973.5, 5182.09, 1486.0, 5851.5, 2810.0, 2973.5, 4385.0, 3790.0, 1486.0, 5359.5, 1856.5, 2959.2, 5658.5, 1485.5, 2989.95, 4675.62, 2988.94, 5413.57, 845.23, 4461.0, 5766.17, 332.5, 5351.24, 3421.72, 2973.5, 4873.0, 1311.56, 2944.06, 6330.0, 1343.5, 5377.61, 1833.17, 2974.0, 5858.0, 989.0, 4461.0, 5354.5, 1487.0, 2974.5, 5265.83, 1487.0, 5452.0, 3249.75, 2973.5, 4889.45, 935.5, 4483.92, 4829.0, 1487.0, 5386.57, 3766.0]
w
[53.54, 143.78, 120.1, 162.69, 91.46, 101.5, 143.0, 74.0, 80.0, 122.0, 99.0, 118.0, 105.03, 98.51, 124.5, 58.5, 96.0, 134.0, 109.0, 110.45, 113.5, 95.5, 127.5, 100.5, 106.93, 157.79, 58.5, 120.0, 136.32, 97.99, 130.85, 97.49, 138.5, 139.2, 98.01, 119.9, 102.53, 98.01, 147.74, 100.5, 104.5, 145.23, 98.51, 118.59, 115.5, 101.5, 135.0, 105.03, 100.5, 147.5, 110.0, 103.5, 156.72, 63.5, 121.5, 165.5, 69.0, 102.5, 162.0, 59.0, 137.5, 127.0, 97.51, 133.5, 70.0, 133.17, 146.77, 93.47, 114.07, 109.05, 115.5, 143.28, 91.5, 102.99, 166.67, 72.0, 129.0, 124.62, 97.52, 140.0, 112.5, 110.45, 130.15, 98.0, 117.5, 106.5, 107.5, 136.5, 79.0, 137.5, 146.73, 84.0, 106.5, 156.22, 79.5, 130.15, 103.0, 101.01, 145.5, 103.5, 103.98, 153.5]
avgrqsz
[237.91, 248.94, 250.62, 247.73, 248.66, 251.11, 249.4, 247.35, 250.9, 248.95, 248.24, 253.82, 246.74, 253.86, 246.08, 251.62, 253.33, 247.46, 251.3, 249.23, 247.09, 251.98, 251.45, 247.64, 249.3, 250.42, 248.67, 252.33, 247.71, 250.86, 253.54, 242.47, 253.17, 251.35, 247.36, 253.71, 241.54, 247.12, 252.46, 249.75, 250.03, 249.47, 248.24, 252.35, 250.04, 248.59, 253.81, 246.93, 249.66, 252.42, 248.4, 248.15, 254.76, 239.31, 252.51, 247.18, 248.58, 250.51, 250.62, 238.03, 250.8, 249.35, 250.78, 250.22, 240.63, 252.02, 249.24, 246.88, 249.94, 246.12, 250.29, 249.9, 244.9, 249.82, 251.79, 240.83, 250.36, 249.42, 249.5, 252.14, 247.96, 246.77, 249.88, 248.53, 254.26, 250.63, 251.24, 252.95, 246.39, 253.59, 250.71, 249.67, 253.6, 251.21, 246.31, 252.94, 248.0, 249.62, 251.08, 250.47, 254.7, 251.49]
wMB
[6.5, 17.48, 14.8, 19.68, 11.16, 12.45, 17.41, 8.94, 9.8, 14.83, 12.0, 14.73, 12.65, 12.21, 15.02, 7.19, 11.88, 16.19, 13.38, 13.44, 13.75, 11.75, 15.65, 12.15, 13.02, 19.29, 7.21, 14.79, 16.49, 12.06, 16.2, 11.54, 17.12, 17.08, 11.94, 14.85, 12.09, 11.94, 18.21, 12.26, 12.76, 17.69, 11.94, 14.67, 14.1, 12.32, 16.73, 12.66, 12.25, 18.29, 13.34, 12.6, 19.49, 7.42, 14.98, 19.97, 8.38, 12.64, 19.82, 6.86, 16.95, 15.46, 11.94, 16.31, 8.22, 16.39, 17.91, 11.27, 13.92, 13.1, 14.12, 17.59, 10.94, 12.56, 20.55, 8.47, 15.77, 15.18, 11.88, 17.24, 13.72, 13.31, 15.88, 12.0, 14.59, 13.03, 13.19, 16.86, 9.56, 17.03, 17.96, 10.24, 13.19, 19.16, 9.66, 16.07, 12.47, 12.37, 17.84, 12.66, 12.93, 18.85]
rrqm
[0.51, 0.0, 3.52, 0.0, 0.5, 0.0, 0.0, 0.0, 0.0, 0.0, 0.0, 3.5, 0.0, 0.0, 0.5, 0.0, 0.0, 0.0, 0.0, 0.0, 1.5, 0.0, 0.0, 0.0, 0.0, 0.0, 3.5, 0.0, 0.0, 0.5, 0.0, 0.0, 0.0, 0.0, 3.48, 0.0, 0.0, 0.5, 0.0, 0.0, 0.0, 0.0, 0.0, 1.51, 0.0, 0.0, 0.0, 0.0, 0.0, 3.5, 0.0, 0.5, 0.0, 0.0, 0.0, 0.0, 0.0, 3.5, 0.0, 0.0, 3.0, 0.0, 0.0, 0.0, 0.0, 0.0, 1.49, 0.0, 0.0, 0.0, 0.0, 3.48, 0.0, 0.0, 0.51, 0.0, 0.0, 0.0, 0.0, 0.0, 3.5, 0.0, 0.0, 2.5, 0.0, 0.0, 0.0, 0.0, 1.5, 0.0, 0.0, 0.0, 0.0, 0.0, 3.5, 0.0, 0.0, 0.5, 0.0, 0.0, 0.0, 0.0]
w_await
[314.91, 415.42, 226.46, 520.78, 235.76, 263.7, 529.43, 224.7, 271.25, 556.41, 264.77, 305.44, 561.99, 249.8, 521.59, 251.08, 260.29, 621.76, 248.24, 257.93, 639.31, 287.79, 352.91, 608.22, 288.52, 591.38, 367.01, 253.5, 738.89, 269.29, 335.09, 745.71, 287.0, 576.39, 297.71, 341.49, 768.12, 262.94, 390.23, 638.65, 291.25, 603.71, 265.64, 333.78, 568.87, 264.83, 378.43, 573.68, 266.46, 376.95, 658.31, 281.74, 573.13, 449.48, 231.14, 787.08, 254.52, 276.62, 766.59, 770.95, 337.28, 937.26, 300.98, 606.56, 768.63, 325.16, 647.31, 367.91, 335.95, 884.61, 293.65, 544.17, 1040.85, 310.38, 672.55, 649.56, 272.11, 828.21, 366.54, 388.13, 969.6, 355.53, 716.46, 352.96, 362.26, 933.03, 307.22, 448.21, 956.78, 295.69, 600.3, 642.48, 263.7, 699.32, 569.89, 408.69, 937.26, 303.28, 447.53, 746.55, 296.57, 674.48]
