sdc data:
87 datos recogidos
util
[14.4, 0.0, 32.2, 0.0, 36.2, 70.8, 0.0, 20.2, 65.47, 0.0, 38.59, 49.95, 0.0, 35.42, 53.47, 1.6, 27.66, 7.0, 0.0, 17.6, 34.43, 41.6, 49.25, 0.0, 42.2, 44.78, 0.0, 45.03, 46.0, 0.0, 47.76, 38.4, 0.0, 50.6, 36.82, 0.0, 43.82, 42.19, 0.0, 37.01, 51.2, 0.0, 57.11, 18.4, 0.0, 68.66, 0.0, 42.2, 28.4, 0.0, 74.34, 0.0, 22.0, 46.14, 0.0, 17.2, 34.97, 26.07, 70.2, 0.0, 17.0, 28.0, 24.4, 71.0, 0.0, 5.37, 31.96, 32.44, 54.27, 16.0, 0.0, 35.8, 17.6, 49.0, 39.0, 0.0, 23.52, 28.6, 28.2, 57.2, 0.0, 17.09, 36.22, 18.49, 73.2, 0.0, 10.0]
r_await
[292.0, 0.0, 0.0, 0.0, 0.0, 0.0, 0.0, 0.0, 0.0, 0.0, 0.0, 0.0, 0.0, 0.0, 0.0, 32.0, 0.0, 0.0, 0.0, 28.0, 0.0, 0.0, 0.0, 0.0, 0.0, 0.0, 0.0, 0.0, 68.0, 0.0, 0.0, 0.0, 0.0, 0.0, 0.0, 0.0, 0.0, 20.0, 0.0, 0.0, 0.0, 0.0, 0.0, 0.0, 0.0, 0.0, 0.0, 0.0, 0.0, 0.0, 0.0, 0.0, 0.0, 0.0, 0.0, 0.0, 0.0, 60.0, 0.0, 0.0, 0.0, 0.0, 0.0, 0.0, 0.0, 0.0, 0.0, 0.0, 0.0, 0.0, 0.0, 0.0, 0.0, 0.0, 0.0, 0.0, 0.0, 28.0, 0.0, 0.0, 0.0, 0.0, 0.0, 0.0, 0.0, 0.0, 0.0]
avgqusz
[0.14, 0.0, 22.85, 0.0, 13.36, 76.85, 0.0, 10.98, 72.01, 0.0, 36.88, 47.45, 0.0, 32.26, 54.83, 0.02, 25.52, 1.25, 0.0, 5.91, 12.54, 41.39, 47.1, 0.0, 41.87, 42.14, 0.0, 45.97, 39.57, 0.0, 49.14, 33.02, 0.0, 53.96, 30.53, 0.0, 44.97, 37.01, 0.0, 34.96, 50.71, 0.0, 76.92, 7.88, 0.0, 75.2, 0.0, 59.54, 17.15, 0.0, 83.78, 0.0, 31.4, 43.78, 0.0, 6.35, 12.88, 13.76, 77.61, 0.0, 6.2, 12.01, 7.63, 78.67, 0.0, 3.17, 11.49, 12.43, 68.39, 6.05, 0.0, 13.1, 6.57, 51.22, 33.44, 0.0, 10.01, 8.11, 21.3, 59.79, 0.0, 6.08, 14.48, 6.37, 83.01, 0.0, 5.08]
await
[292.0, 0.0, 328.75, 0.0, 193.68, 522.78, 0.0, 155.76, 541.49, 0.0, 199.54, 656.59, 0.0, 188.7, 632.12, 32.0, 277.77, 620.36, 0.0, 157.65, 182.61, 234.87, 657.98, 0.0, 226.95, 648.14, 0.0, 246.98, 660.94, 0.0, 262.32, 664.62, 0.0, 289.92, 663.57, 0.0, 242.47, 641.85, 0.0, 191.15, 641.29, 0.0, 469.33, 793.63, 0.0, 512.38, 0.0, 404.09, 686.81, 0.0, 549.31, 0.0, 224.22, 655.2, 0.0, 173.97, 185.71, 158.94, 593.16, 0.0, 177.14, 167.65, 211.16, 529.75, 0.0, 57.33, 237.56, 172.75, 446.22, 732.73, 0.0, 184.45, 190.55, 274.14, 730.15, 0.0, 148.29, 188.51, 157.15, 587.87, 0.0, 165.86, 200.98, 203.32, 560.86, 0.0, 102.56]
rMB
[0.0, 0.0, 0.0, 0.0, 0.0, 0.0, 0.0, 0.0, 0.0, 0.0, 0.0, 0.0, 0.0, 0.0, 0.0, 0.0, 0.0, 0.0, 0.0, 0.01, 0.0, 0.0, 0.0, 0.0, 0.0, 0.0, 0.0, 0.0, 0.0, 0.0, 0.0, 0.0, 0.0, 0.0, 0.0, 0.0, 0.0, 0.01, 0.0, 0.0, 0.0, 0.0, 0.0, 0.0, 0.0, 0.0, 0.0, 0.0, 0.0, 0.0, 0.0, 0.0, 0.0, 0.0, 0.0, 0.0, 0.0, 0.01, 0.0, 0.0, 0.0, 0.0, 0.0, 0.0, 0.0, 0.0, 0.0, 0.0, 0.0, 0.0, 0.0, 0.0, 0.0, 0.0, 0.0, 0.0, 0.0, 0.01, 0.0, 0.0, 0.0, 0.0, 0.0, 0.0, 0.0, 0.0, 0.0]
svctm
[288.0, 0.0, 4.63, 0.0, 5.25, 4.82, 0.0, 4.87, 4.63, 0.0, 4.86, 4.8, 0.0, 5.16, 4.55, 32.0, 4.63, 4.24, 0.0, 4.69, 5.01, 5.47, 4.58, 0.0, 4.94, 4.5, 0.0, 5.06, 4.79, 0.0, 5.05, 4.44, 0.0, 4.96, 4.46, 0.0, 5.04, 4.46, 0.0, 4.96, 4.59, 0.0, 5.08, 4.54, 0.0, 4.68, 0.0, 4.72, 4.81, 0.0, 4.87, 0.0, 4.89, 4.66, 0.0, 4.71, 5.04, 6.02, 4.93, 0.0, 4.86, 5.49, 4.65, 4.78, 0.0, 5.14, 5.39, 5.09, 4.86, 4.51, 0.0, 5.04, 5.1, 4.95, 4.96, 0.0, 4.93, 4.89, 5.22, 4.63, 0.0, 4.66, 5.6, 4.78, 4.95, 0.0, 5.56]
r
[0.5, 0.0, 0.0, 0.0, 0.0, 0.0, 0.0, 0.0, 0.0, 0.0, 0.0, 0.0, 0.0, 0.0, 0.0, 0.5, 0.0, 0.0, 0.0, 1.0, 0.0, 0.0, 0.0, 0.0, 0.0, 0.0, 0.0, 0.0, 0.5, 0.0, 0.0, 0.0, 0.0, 0.0, 0.0, 0.0, 0.0, 0.5, 0.0, 0.0, 0.0, 0.0, 0.0, 0.0, 0.0, 0.0, 0.0, 0.0, 0.0, 0.0, 0.0, 0.0, 0.0, 0.0, 0.0, 0.0, 0.0, 0.5, 0.0, 0.0, 0.0, 0.0, 0.0, 0.0, 0.0, 0.0, 0.0, 0.0, 0.0, 0.0, 0.0, 0.0, 0.0, 0.0, 0.0, 0.0, 0.0, 0.5, 0.0, 0.0, 0.0, 0.0, 0.0, 0.0, 0.0, 0.0, 0.0]
wrqm
[0.0, 0.0, 1978.5, 0.0, 1979.0, 4174.5, 0.0, 3295.0, 1915.92, 0.0, 4265.83, 999.5, 0.0, 4217.41, 1030.65, 0.0, 2103.98, 0.0, 0.0, 987.5, 1969.15, 4217.0, 1006.03, 0.0, 4717.0, 551.74, 0.0, 4736.18, 487.5, 0.0, 4670.65, 474.0, 0.0, 5097.5, 145.27, 0.0, 4724.12, 412.44, 0.0, 4219.4, 1002.5, 0.0, 4308.96, 0.0, 0.0, 4140.3, 0.0, 4192.5, 0.0, 0.0, 4302.02, 0.0, 3240.5, 848.51, 0.0, 987.5, 1988.94, 3297.01, 1965.5, 0.0, 989.0, 1979.0, 989.5, 4225.0, 0.0, 984.08, 994.47, 1969.15, 4049.75, 0.0, 0.0, 1977.0, 989.5, 5069.0, 0.0, 0.0, 1986.93, 989.5, 3786.5, 1242.5, 0.0, 992.46, 1969.15, 994.47, 4200.0, 0.0, 989.5]
w
[0.0, 0.0, 69.5, 0.0, 69.0, 147.0, 0.0, 41.5, 141.29, 0.0, 79.4, 103.98, 0.0, 68.66, 117.59, 0.0, 59.7, 16.5, 0.0, 36.5, 68.66, 76.0, 107.54, 0.0, 85.5, 99.5, 0.0, 88.94, 95.5, 0.0, 94.53, 86.5, 0.0, 102.0, 82.59, 0.0, 86.93, 94.03, 0.0, 74.63, 111.5, 0.0, 112.44, 40.5, 0.0, 146.77, 0.0, 89.5, 59.0, 0.0, 152.53, 0.0, 45.0, 99.01, 0.0, 36.5, 69.35, 42.79, 142.5, 0.0, 35.0, 51.0, 52.5, 148.5, 0.0, 10.45, 59.3, 63.68, 111.56, 35.5, 0.0, 71.0, 34.5, 99.0, 78.61, 0.0, 47.74, 58.0, 54.0, 123.5, 0.0, 36.68, 64.68, 38.69, 148.0, 0.0, 18.0]
avgrqsz
[8.0, 0.0, 235.74, 0.0, 237.45, 235.18, 0.0, 234.99, 235.77, 0.0, 238.23, 235.79, 0.0, 236.99, 232.89, 8.0, 233.73, 212.36, 0.0, 218.99, 237.45, 238.84, 234.17, 0.0, 238.97, 232.24, 0.0, 236.29, 230.88, 0.0, 238.32, 233.02, 0.0, 237.96, 230.8, 0.0, 236.21, 231.12, 0.0, 231.47, 233.87, 0.0, 237.52, 223.01, 0.0, 233.68, 0.0, 236.29, 230.17, 0.0, 233.64, 0.0, 234.67, 233.8, 0.0, 224.44, 237.45, 235.68, 234.98, 0.0, 234.06, 238.27, 236.65, 235.61, 0.0, 224.76, 237.69, 238.62, 239.21, 223.32, 0.0, 230.76, 237.45, 239.11, 231.7, 0.0, 228.04, 235.28, 238.37, 233.04, 0.0, 224.44, 238.65, 235.43, 235.03, 0.0, 240.0]
wMB
[0.0, 0.0, 8.0, 0.0, 8.0, 16.88, 0.0, 4.76, 16.27, 0.0, 9.24, 11.97, 0.0, 7.94, 13.37, 0.0, 6.81, 1.71, 0.0, 4.0, 7.96, 8.86, 12.3, 0.0, 9.98, 11.28, 0.0, 10.26, 10.82, 0.0, 11.0, 9.84, 0.0, 11.85, 9.31, 0.0, 10.03, 10.66, 0.0, 8.43, 12.73, 0.0, 13.04, 4.41, 0.0, 16.75, 0.0, 10.33, 6.63, 0.0, 17.4, 0.0, 5.16, 11.3, 0.0, 4.0, 8.04, 4.97, 16.35, 0.0, 4.0, 5.93, 6.07, 17.08, 0.0, 1.15, 6.88, 7.42, 13.03, 3.87, 0.0, 8.0, 4.0, 11.56, 8.89, 0.0, 5.32, 6.71, 6.29, 14.05, 0.0, 4.02, 7.54, 4.45, 16.98, 0.0, 2.11]
rrqm
[0.0, 0.0, 0.0, 0.0, 0.0, 0.0, 0.0, 0.0, 0.0, 0.0, 0.0, 0.0, 0.0, 0.0, 0.0, 0.0, 0.0, 0.0, 0.0, 1.5, 0.0, 0.0, 0.0, 0.0, 0.0, 0.0, 0.0, 0.0, 0.0, 0.0, 0.0, 0.0, 0.0, 0.0, 0.0, 0.0, 0.0, 1.99, 0.0, 0.0, 0.0, 0.0, 0.0, 0.0, 0.0, 0.0, 0.0, 0.0, 0.0, 0.0, 0.0, 0.0, 0.0, 0.0, 0.0, 0.0, 0.0, 1.99, 0.0, 0.0, 0.0, 0.0, 0.0, 0.0, 0.0, 0.0, 0.0, 0.0, 0.0, 0.0, 0.0, 0.0, 0.0, 0.0, 0.0, 0.0, 0.0, 2.0, 0.0, 0.0, 0.0, 0.0, 0.0, 0.0, 0.0, 0.0, 0.0]
w_await
[0.0, 0.0, 328.75, 0.0, 193.68, 522.78, 0.0, 155.76, 541.49, 0.0, 199.54, 656.59, 0.0, 188.7, 632.12, 0.0, 277.77, 620.36, 0.0, 161.21, 182.61, 234.87, 657.98, 0.0, 226.95, 648.14, 0.0, 246.98, 664.04, 0.0, 262.32, 664.62, 0.0, 289.92, 663.57, 0.0, 242.47, 645.14, 0.0, 191.15, 641.29, 0.0, 469.33, 793.63, 0.0, 512.38, 0.0, 404.09, 686.81, 0.0, 549.31, 0.0, 224.22, 655.2, 0.0, 173.97, 185.71, 160.09, 593.16, 0.0, 177.14, 167.65, 211.16, 529.75, 0.0, 57.33, 237.56, 172.75, 446.22, 732.73, 0.0, 184.45, 190.55, 274.14, 730.15, 0.0, 148.29, 189.9, 157.15, 587.87, 0.0, 165.86, 200.98, 203.32, 560.86, 0.0, 102.56]
