55 datos recogidos

cpu data:

user
[1.2, 0.0, 0.0, 0.0, 0.0, 0.0, 0.0, 0.57, 0.0, 0.0, 0.0, 0.0, 0.0, 0.0, 0.0, 0.0, 0.0, 0.0, 0.0, 0.0, 0.57, 0.0, 0.0, 0.0, 0.0, 0.0, 0.0, 0.0, 0.0, 0.0, 0.0, 0.0, 0.0, 0.0, 0.0, 0.0, 0.0, 0.63, 0.6, 0.0, 0.0, 0.0, 0.0, 0.0, 0.0, 0.0, 0.0, 0.0, 0.0, 0.0, 0.0, 0.0, 0.0, 0.0, 0.0]
nice
[0.0, 0.0, 0.0, 0.0, 0.0, 0.0, 0.0, 0.0, 0.0, 0.0, 0.0, 0.0, 0.0, 0.62, 0.0, 0.0, 0.0, 0.0, 0.0, 0.0, 0.0, 0.0, 0.0, 0.57, 0.0, 0.0, 0.0, 0.0, 0.0, 0.0, 0.0, 0.0, 0.0, 0.0, 0.0, 0.0, 0.0, 0.0, 0.0, 0.0, 0.0, 0.0, 0.0, 0.0, 0.0, 0.0, 0.0, 0.0, 0.0, 0.0, 0.0, 0.0, 0.0, 0.57, 0.0]
system
[22.29, 3.66, 7.47, 6.13, 5.45, 6.51, 5.52, 4.57, 12.96, 5.56, 6.51, 6.75, 8.88, 4.38, 4.97, 5.42, 4.97, 4.73, 9.52, 4.91, 6.9, 6.33, 3.77, 9.71, 3.18, 9.83, 7.55, 5.03, 6.67, 5.66, 5.11, 9.38, 6.25, 9.88, 5.59, 3.57, 9.09, 5.03, 6.59, 6.17, 5.36, 7.98, 4.94, 8.19, 3.68, 4.24, 8.09, 4.4, 9.09, 6.21, 6.17, 8.67, 3.82, 2.84, 18.07]
iowait
[76.51, 96.34, 92.53, 93.87, 94.55, 93.49, 94.48, 94.86, 87.04, 94.44, 93.49, 93.25, 91.12, 95.0, 95.03, 94.58, 95.03, 95.27, 90.48, 95.09, 92.53, 93.67, 96.23, 89.71, 96.82, 90.17, 92.45, 94.97, 93.33, 94.34, 94.89, 90.62, 93.75, 90.12, 94.41, 96.43, 90.91, 94.34, 92.81, 93.83, 94.64, 92.02, 95.06, 91.81, 96.32, 95.76, 91.91, 95.6, 90.91, 93.79, 93.83, 91.33, 96.18, 96.59, 81.93]
steal
[0.0, 0.0, 0.0, 0.0, 0.0, 0.0, 0.0, 0.0, 0.0, 0.0, 0.0, 0.0, 0.0, 0.0, 0.0, 0.0, 0.0, 0.0, 0.0, 0.0, 0.0, 0.0, 0.0, 0.0, 0.0, 0.0, 0.0, 0.0, 0.0, 0.0, 0.0, 0.0, 0.0, 0.0, 0.0, 0.0, 0.0, 0.0, 0.0, 0.0, 0.0, 0.0, 0.0, 0.0, 0.0, 0.0, 0.0, 0.0, 0.0, 0.0, 0.0, 0.0, 0.0, 0.0, 0.0]
idle
[0.0, 0.0, 0.0, 0.0, 0.0, 0.0, 0.0, 0.0, 0.0, 0.0, 0.0, 0.0, 0.0, 0.0, 0.0, 0.0, 0.0, 0.0, 0.0, 0.0, 0.0, 0.0, 0.0, 0.0, 0.0, 0.0, 0.0, 0.0, 0.0, 0.0, 0.0, 0.0, 0.0, 0.0, 0.0, 0.0, 0.0, 0.0, 0.0, 0.0, 0.0, 0.0, 0.0, 0.0, 0.0, 0.0, 0.0, 0.0, 0.0, 0.0, 0.0, 0.0, 0.0, 0.0, 0.0]

sdb data:

util
[108.92, 121.95, 114.94, 122.7, 121.21, 118.34, 122.7, 114.29, 123.46, 123.46, 118.34, 122.7, 118.34, 125.0, 124.22, 120.48, 124.22, 118.34, 119.05, 122.7, 114.94, 126.58, 125.79, 114.29, 127.39, 115.61, 125.79, 125.79, 121.21, 125.79, 113.64, 125.0, 125.0, 116.28, 124.22, 119.05, 121.21, 125.79, 119.76, 123.7, 119.05, 122.7, 123.46, 116.96, 122.7, 121.21, 115.61, 125.79, 113.64, 124.22, 123.46, 115.61, 127.39, 113.64, 120.72]
r_await
[16.0, 0.0, 184.0, 0.0, 88.0, 0.0, 0.0, 0.0, 0.0, 0.0, 0.0, 0.0, 0.0, 0.0, 0.0, 0.0, 0.0, 0.0, 0.0, 0.0, 0.0, 0.0, 0.0, 0.0, 0.0, 0.0, 0.0, 0.0, 0.0, 0.0, 0.0, 0.0, 0.0, 0.0, 0.0, 0.0, 0.0, 0.0, 0.0, 0.0, 0.0, 0.0, 44.0, 0.0, 0.0, 0.0, 0.0, 0.0, 0.0, 0.0, 0.0, 0.0, 0.0, 0.0, 0.0]
avgqusz
[154.72, 174.68, 146.29, 175.3, 172.62, 140.44, 176.07, 148.59, 161.23, 177.23, 154.74, 175.51, 169.76, 179.24, 177.96, 154.64, 178.22, 168.73, 145.67, 175.4, 151.91, 181.63, 180.51, 141.62, 182.33, 146.68, 180.49, 180.43, 163.51, 180.18, 135.92, 179.28, 179.37, 157.63, 177.83, 158.15, 156.24, 180.24, 158.77, 177.42, 165.09, 166.07, 177.1, 158.99, 175.57, 173.89, 135.53, 180.48, 132.41, 177.81, 177.43, 138.42, 182.71, 136.23, 166.42]
await
[527.84, 668.17, 712.84, 617.81, 768.73, 551.7, 745.45, 667.64, 465.6, 710.98, 688.22, 720.91, 539.64, 808.58, 674.81, 652.38, 633.32, 771.79, 612.97, 707.45, 724.54, 539.51, 713.58, 599.18, 713.93, 652.29, 592.05, 614.34, 632.57, 549.02, 883.76, 589.49, 648.73, 677.78, 674.99, 736.11, 586.38, 617.25, 669.63, 553.7, 862.21, 666.93, 691.26, 680.01, 784.38, 709.4, 626.49, 673.1, 674.8, 553.98, 751.79, 576.22, 608.35, 805.3, 520.34]
rMB
[0.0, 0.0, 0.0, 0.0, 0.0, 0.0, 0.0, 0.0, 0.0, 0.0, 0.0, 0.0, 0.0, 0.0, 0.0, 0.0, 0.0, 0.0, 0.0, 0.0, 0.0, 0.0, 0.0, 0.0, 0.0, 0.0, 0.0, 0.0, 0.0, 0.0, 0.0, 0.0, 0.0, 0.0, 0.0, 0.0, 0.0, 0.0, 0.0, 0.0, 0.0, 0.0, 0.0, 0.0, 0.0, 0.0, 0.0, 0.0, 0.0, 0.0, 0.0, 0.0, 0.0, 0.0, 0.0]
svctm
[4.59, 4.88, 5.12, 4.89, 5.14, 4.94, 4.82, 4.69, 4.65, 4.9, 5.15, 4.66, 4.82, 4.64, 4.81, 5.04, 4.82, 4.89, 4.94, 5.12, 5.17, 4.47, 4.69, 4.88, 4.63, 4.73, 4.44, 4.55, 4.81, 4.58, 5.03, 4.95, 4.71, 4.81, 4.77, 4.99, 5.09, 4.66, 4.94, 4.77, 4.9, 4.87, 4.87, 5.03, 5.56, 5.22, 4.94, 4.84, 4.99, 4.83, 4.91, 4.9, 4.66, 5.05, 5.45]
r
[0.6, 0.0, 0.57, 0.0, 0.61, 0.0, 0.0, 0.0, 0.0, 0.0, 0.0, 0.0, 0.0, 0.0, 0.0, 0.0, 0.0, 0.0, 0.0, 0.0, 0.0, 0.0, 0.0, 0.0, 0.0, 0.0, 0.0, 0.0, 0.0, 0.0, 0.0, 0.0, 0.0, 0.0, 0.0, 0.0, 0.0, 0.0, 0.0, 0.0, 0.0, 0.0, 0.62, 0.0, 0.0, 0.0, 0.0, 0.0, 0.0, 0.0, 0.0, 0.0, 0.0, 0.0, 0.0]
wrqm
[0.0, 0.0, 3.45, 0.0, 0.0, 6.51, 0.0, 5.71, 0.0, 0.0, 5.33, 0.0, 5.33, 0.0, 0.0, 5.42, 0.0, 5.33, 0.0, 1.23, 5.75, 0.0, 0.0, 5.71, 0.0, 5.2, 0.0, 0.0, 5.45, 0.0, 5.11, 0.0, 0.0, 5.81, 0.62, 5.36, 0.0, 0.0, 5.39, 0.0, 5.95, 0.0, 0.0, 5.26, 0.0, 0.0, 5.2, 0.0, 5.68, 0.0, 0.62, 5.2, 0.0, 5.11, 0.6]
w
[236.75, 250.0, 224.14, 250.92, 235.15, 239.64, 254.6, 243.43, 265.43, 251.85, 229.59, 263.19, 245.56, 269.38, 258.39, 239.16, 257.76, 242.01, 241.07, 239.88, 222.41, 282.91, 267.92, 234.29, 275.16, 244.51, 283.02, 276.73, 252.12, 274.84, 226.14, 252.5, 265.62, 241.86, 260.25, 238.69, 238.18, 269.81, 242.51, 259.26, 242.86, 252.15, 253.09, 232.75, 220.86, 232.12, 234.1, 259.75, 227.84, 257.14, 251.23, 235.84, 273.25, 225.0, 221.69]
avgrqsz
[253.24, 253.46, 252.34, 252.05, 249.05, 250.33, 251.08, 251.19, 250.87, 253.16, 250.52, 252.96, 251.93, 251.84, 252.85, 251.04, 253.44, 253.67, 249.6, 252.07, 250.89, 251.81, 252.24, 249.39, 252.0, 249.42, 251.64, 251.55, 251.25, 253.29, 249.49, 250.14, 252.42, 250.69, 252.91, 250.45, 251.2, 252.25, 250.84, 251.3, 251.78, 250.43, 251.89, 251.94, 252.69, 252.14, 251.75, 253.5, 252.59, 253.35, 253.19, 251.67, 252.38, 250.99, 251.07]
wMB
[29.35, 30.94, 27.68, 30.88, 28.67, 29.29, 31.21, 29.86, 32.51, 31.13, 28.08, 32.51, 30.21, 33.12, 31.9, 29.32, 31.9, 29.98, 29.38, 29.52, 27.25, 34.79, 33.0, 28.53, 33.86, 29.78, 34.78, 33.99, 30.93, 33.99, 27.55, 30.84, 32.74, 29.61, 32.14, 29.19, 29.21, 33.23, 29.7, 31.81, 29.86, 30.83, 31.2, 28.63, 27.25, 28.58, 28.78, 32.15, 28.1, 31.81, 31.06, 28.98, 33.67, 27.57, 27.18]
rrqm
[0.0, 0.0, 0.0, 0.0, 0.0, 0.0, 0.0, 0.0, 0.0, 0.0, 0.0, 0.0, 0.0, 0.0, 0.0, 0.0, 0.0, 0.0, 0.0, 0.0, 0.0, 0.0, 0.0, 0.0, 0.0, 0.0, 0.0, 0.0, 0.0, 0.0, 0.0, 0.0, 0.0, 0.0, 0.0, 0.0, 0.0, 0.0, 0.0, 0.0, 0.0, 0.0, 0.0, 0.0, 0.0, 0.0, 0.0, 0.0, 0.0, 0.0, 0.0, 0.0, 0.0, 0.0, 0.0]
w_await
[529.14, 668.17, 714.19, 617.81, 770.48, 551.7, 745.45, 667.64, 465.6, 710.98, 688.22, 720.91, 539.64, 808.58, 674.81, 652.38, 633.32, 771.79, 612.97, 707.45, 724.54, 539.51, 713.58, 599.18, 713.93, 652.29, 592.05, 614.34, 632.57, 549.02, 883.76, 589.49, 648.73, 677.78, 674.99, 736.11, 586.38, 617.25, 669.63, 553.7, 862.21, 666.93, 692.84, 680.01, 784.38, 709.4, 626.49, 673.1, 674.8, 553.98, 751.79, 576.22, 608.35, 805.3, 520.34]
