8 datos recogidos

cpu data:

user
[2.58, 0.51, 1.01, 0.51, 1.01, 0.51, 2.02, 1.02]
nice
[0.0, 0.0, 0.0, 0.51, 0.0, 0.0, 0.0, 0.0]
system
[85.05, 83.08, 81.91, 91.33, 88.44, 82.05, 91.41, 80.2]
iowait
[12.37, 16.41, 17.09, 7.65, 10.55, 17.44, 6.57, 18.78]
steal
[0.0, 0.0, 0.0, 0.0, 0.0, 0.0, 0.0, 0.0]
idle
[0.0, 0.0, 0.0, 0.0, 0.0, 0.0, 0.0, 0.0]

sdd data:

util
[101.65, 102.56, 100.3, 102.04, 100.5, 102.77, 101.01, 101.52]
r_await
[24.0, 44.0, 0.0, 0.0, 0.0, 0.0, 0.0, 0.0]
avgqusz
[53.03, 50.77, 48.14, 61.91, 47.47, 47.9, 56.2, 48.15]
await
[135.28, 205.25, 178.72, 197.83, 190.26, 182.86, 184.86, 184.08]
rMB
[0.01, 0.0, 0.0, 0.0, 0.0, 0.0, 0.0, 0.0]
svctm
[3.41, 3.47, 3.75, 3.52, 3.72, 3.92, 3.45, 3.88]
r
[2.06, 0.51, 0.0, 0.0, 0.0, 0.0, 0.0, 0.0]
wrqm
[104.12, 100.51, 117.59, 125.0, 124.62, 87.18, 85.35, 62.94]
w
[296.39, 294.87, 267.34, 289.8, 270.35, 262.05, 292.93, 261.93]
avgrqsz
[747.18, 760.68, 750.98, 754.04, 759.76, 756.37, 740.46, 735.04]
wMB
[108.88, 109.71, 98.03, 106.7, 100.29, 96.78, 105.91, 94.01]
rrqm
[0.0, 0.0, 0.0, 0.0, 0.0, 0.0, 0.0, 0.0]
w_await
[136.06, 205.53, 178.72, 197.83, 190.26, 182.86, 184.86, 184.08]
