278 datos recogidos

cpu data:

user
[2.44, 0.0, 0.0, 0.61, 0.0, 0.0, 0.0, 0.57, 0.63, 0.0, 0.0, 0.0, 0.54, 0.0, 0.0, 0.0, 0.0, 0.0, 0.0, 0.0, 0.0, 0.0, 0.57, 0.0, 0.0, 0.0, 0.0, 0.0, 0.0, 0.0, 0.0, 0.0, 0.0, 0.0, 0.0, 0.0, 0.0, 0.0, 0.0, 0.0, 0.0, 0.0, 0.0, 0.0, 0.0, 0.0, 0.0, 0.0, 0.0, 0.0, 0.0, 0.0, 0.0, 0.0, 0.0, 0.0, 0.0, 0.0, 0.0, 0.0, 0.0, 0.0, 0.0, 0.0, 0.0, 0.0, 0.0, 0.5, 0.5, 0.0, 0.0, 0.0, 0.0, 0.0, 0.5, 0.0, 0.0, 0.0, 0.5, 0.0, 0.0, 0.0, 0.0, 0.0, 0.0, 0.0, 0.0, 0.0, 0.5, 0.0, 0.0, 0.0, 0.0, 0.0, 0.0, 0.0, 0.0, 0.0, 0.0, 0.0, 0.0, 0.0, 0.0, 0.0, 0.0, 0.0, 0.0, 0.5, 0.0, 0.0, 0.0, 0.0, 0.0, 0.0, 0.0, 0.0, 0.0, 0.0, 0.0, 0.0, 0.0, 0.0, 0.0, 0.0, 0.0, 0.0, 0.0, 0.0, 0.51, 0.0, 0.0, 0.0, 0.0, 0.0, 0.0, 0.0, 0.0, 0.0, 0.0, 0.0, 0.0, 0.0, 0.0, 0.0, 0.0, 0.0, 0.0, 0.0, 0.0, 0.0, 0.0, 0.0, 0.0, 0.0, 0.0, 0.0, 0.0, 0.5, 0.0, 0.0, 0.0, 0.0, 0.0, 0.0, 0.0, 0.0, 0.5, 0.0, 0.0, 0.5, 0.0, 0.0, 0.0, 0.0, 0.0, 0.0, 0.0, 0.0, 0.0, 0.0, 0.0, 0.0, 0.0, 0.0, 0.0, 0.0, 0.0, 0.5, 0.0, 0.0, 0.0, 0.0, 0.0, 0.0, 0.0, 0.0, 0.0, 0.0, 0.0, 0.0, 0.0, 0.0, 0.0, 0.0, 0.0, 0.0, 0.0, 0.0, 0.0, 0.0, 0.0, 0.0, 0.0, 0.0, 0.0, 0.0, 0.0, 0.5, 0.0, 0.0, 0.0, 0.0, 0.0, 0.0, 0.0, 0.0, 0.0, 0.0, 0.0, 0.0, 0.0, 0.0, 0.0, 0.0, 0.0, 0.0, 0.0, 0.0, 0.0, 0.0, 0.0, 0.0, 0.0, 0.0, 0.0, 0.0, 0.0, 0.0, 0.0, 0.0, 0.0, 0.0, 0.0, 0.0, 0.0, 0.0, 0.5, 0.0, 0.0, 0.0, 0.0, 0.5, 0.0, 0.0, 0.0, 0.5, 0.0, 0.0, 0.0, 0.0, 0.0, 0.0, 0.51, 0.0, 0.0, 0.0, 0.0, 1.05]
nice
[0.0, 0.0, 0.0, 0.0, 0.0, 0.0, 0.0, 0.0, 0.0, 0.0, 0.0, 0.0, 0.0, 0.0, 0.0, 0.0, 0.5, 0.0, 0.0, 0.0, 0.0, 0.0, 0.0, 0.0, 0.0, 0.0, 0.51, 0.0, 0.0, 0.0, 0.0, 0.0, 0.0, 0.0, 0.0, 0.0, 0.0, 0.0, 0.0, 0.0, 0.0, 0.0, 0.0, 0.0, 0.0, 0.0, 0.0, 0.0, 0.0, 0.0, 0.0, 0.0, 0.0, 0.0, 0.0, 0.0, 0.5, 0.0, 0.0, 0.0, 0.0, 0.0, 0.0, 0.0, 0.0, 0.0, 0.5, 0.0, 0.0, 0.0, 0.0, 0.0, 0.0, 0.0, 0.0, 0.0, 0.0, 0.0, 0.0, 0.0, 0.0, 0.0, 0.0, 0.0, 0.0, 0.0, 0.5, 0.0, 0.0, 0.0, 0.0, 0.0, 0.0, 0.0, 0.0, 0.0, 0.0, 0.0, 0.0, 0.0, 0.0, 0.0, 0.0, 0.0, 0.0, 0.0, 0.5, 0.0, 0.0, 0.0, 0.0, 0.0, 0.0, 0.0, 0.0, 0.0, 0.0, 0.0, 0.0, 0.0, 0.0, 0.0, 0.0, 0.0, 0.0, 0.0, 0.0, 0.0, 0.0, 0.0, 0.0, 0.0, 0.0, 0.0, 0.0, 0.0, 0.5, 0.0, 0.0, 0.0, 0.0, 0.0, 0.0, 0.0, 0.0, 0.0, 0.0, 0.0, 0.0, 0.0, 0.0, 0.0, 0.0, 0.0, 0.0, 0.0, 0.5, 0.0, 0.0, 0.0, 0.0, 0.0, 0.0, 0.0, 0.0, 0.0, 0.0, 0.0, 0.0, 0.0, 0.0, 0.0, 0.0, 0.0, 0.0, 0.0, 0.0, 0.0, 0.0, 0.0, 0.0, 0.0, 0.0, 0.0, 0.0, 0.0, 0.5, 0.0, 0.0, 0.0, 0.0, 0.0, 0.0, 0.0, 0.0, 0.0, 0.0, 0.0, 0.0, 0.0, 0.0, 0.0, 0.0, 0.0, 0.0, 0.0, 0.5, 0.0, 0.0, 0.0, 0.0, 0.0, 0.0, 0.0, 0.0, 0.0, 0.0, 0.0, 0.0, 0.0, 0.0, 0.0, 0.0, 0.0, 0.0, 0.0, 0.0, 0.0, 0.0, 0.0, 0.0, 0.0, 0.0, 0.0, 0.0, 0.0, 0.5, 0.0, 0.0, 0.0, 0.0, 0.0, 0.0, 0.0, 0.0, 0.0, 0.5, 0.0, 0.0, 0.0, 0.0, 0.0, 0.0, 0.0, 0.0, 0.0, 0.0, 0.0, 0.0, 0.0, 0.0, 0.0, 0.0, 0.0, 0.0, 0.0, 0.0, 0.0, 0.0, 0.0, 0.0, 0.0, 0.0, 0.0, 0.0, 0.0, 0.52, 0.0]
system
[23.78, 5.16, 5.56, 12.2, 2.98, 10.86, 3.09, 5.17, 10.69, 3.59, 8.19, 3.41, 1.08, 0.5, 0.0, 3.14, 0.5, 0.0, 0.0, 0.0, 1.01, 3.55, 13.22, 7.05, 11.38, 1.06, 0.0, 0.0, 0.0, 0.0, 0.5, 0.0, 0.0, 0.0, 0.0, 0.0, 0.0, 0.0, 0.0, 0.0, 0.0, 0.0, 0.0, 0.0, 0.0, 3.54, 1.04, 0.0, 0.0, 0.0, 0.0, 0.0, 0.0, 0.0, 0.0, 0.0, 0.0, 0.0, 0.0, 0.0, 3.5, 0.0, 0.0, 0.0, 0.0, 0.5, 0.0, 0.0, 0.0, 0.0, 0.0, 0.0, 0.0, 0.5, 0.0, 0.0, 0.0, 0.5, 0.0, 0.0, 0.0, 3.0, 0.0, 0.0, 0.0, 0.5, 0.5, 0.0, 0.0, 0.0, 0.0, 0.0, 0.0, 0.0, 0.0, 0.0, 0.0, 0.5, 0.0, 0.0, 0.0, 0.0, 0.0, 0.0, 0.0, 0.0, 0.5, 7.04, 0.0, 0.0, 0.0, 0.0, 0.0, 0.0, 0.0, 0.0, 0.0, 0.0, 0.0, 0.0, 0.0, 0.0, 0.0, 0.0, 0.0, 0.0, 0.5, 0.0, 0.51, 0.0, 1.0, 0.0, 0.0, 0.0, 0.0, 0.0, 0.0, 0.0, 0.0, 0.0, 0.0, 0.0, 0.0, 0.0, 0.0, 0.5, 0.0, 0.0, 0.0, 0.0, 0.0, 0.0, 0.0, 0.0, 0.0, 0.0, 0.5, 5.0, 15.54, 10.77, 0.5, 0.0, 0.0, 0.5, 0.0, 0.0, 0.5, 0.0, 0.5, 0.0, 0.5, 0.0, 0.5, 0.0, 0.5, 0.0, 0.0, 0.0, 0.5, 0.0, 0.5, 0.0, 0.0, 0.0, 0.0, 0.0, 0.0, 0.0, 0.0, 0.0, 0.0, 0.0, 0.5, 0.0, 0.0, 0.0, 0.0, 0.0, 0.0, 0.0, 0.0, 0.0, 0.5, 0.0, 0.0, 0.0, 0.0, 0.0, 0.5, 0.0, 0.0, 0.0, 0.0, 0.0, 0.0, 0.0, 0.0, 0.5, 0.0, 0.0, 0.0, 0.0, 0.0, 0.0, 0.5, 0.0, 0.0, 0.0, 0.0, 0.0, 0.0, 0.0, 0.0, 0.0, 0.5, 0.0, 0.0, 0.0, 0.0, 0.0, 0.0, 0.0, 0.0, 0.0, 0.0, 0.0, 0.0, 0.5, 0.0, 0.0, 0.0, 0.0, 0.5, 0.0, 0.0, 0.0, 0.0, 0.0, 0.0, 0.0, 0.5, 0.0, 0.0, 0.0, 0.0, 0.0, 0.5, 0.0, 6.53, 2.53, 4.06, 4.06, 9.14, 5.58, 4.64, 1.6, 0.52, 6.32]
iowait
[73.78, 94.84, 94.44, 87.2, 97.02, 89.14, 96.91, 94.25, 88.68, 96.41, 91.81, 96.59, 98.38, 99.5, 100.0, 96.86, 98.99, 100.0, 100.0, 100.0, 98.99, 96.45, 86.21, 92.95, 88.62, 98.94, 99.49, 100.0, 100.0, 100.0, 99.5, 100.0, 100.0, 100.0, 100.0, 100.0, 100.0, 100.0, 100.0, 100.0, 100.0, 100.0, 100.0, 100.0, 100.0, 96.46, 98.96, 100.0, 100.0, 100.0, 100.0, 100.0, 100.0, 100.0, 100.0, 100.0, 99.5, 100.0, 100.0, 100.0, 96.5, 100.0, 100.0, 100.0, 100.0, 99.5, 99.5, 99.5, 99.5, 100.0, 100.0, 100.0, 100.0, 99.5, 99.5, 100.0, 100.0, 99.5, 99.5, 100.0, 100.0, 97.0, 100.0, 100.0, 100.0, 99.5, 99.0, 100.0, 99.5, 100.0, 100.0, 100.0, 100.0, 100.0, 100.0, 100.0, 100.0, 99.5, 100.0, 100.0, 100.0, 100.0, 100.0, 100.0, 100.0, 100.0, 99.0, 92.46, 100.0, 100.0, 100.0, 100.0, 100.0, 100.0, 100.0, 100.0, 100.0, 100.0, 100.0, 100.0, 100.0, 100.0, 100.0, 100.0, 100.0, 100.0, 99.5, 100.0, 98.98, 100.0, 99.0, 100.0, 100.0, 100.0, 100.0, 100.0, 99.5, 100.0, 100.0, 100.0, 100.0, 100.0, 100.0, 100.0, 100.0, 99.5, 100.0, 100.0, 100.0, 100.0, 100.0, 100.0, 100.0, 100.0, 100.0, 100.0, 99.0, 94.5, 84.46, 89.23, 99.5, 100.0, 100.0, 99.5, 100.0, 100.0, 99.0, 100.0, 99.5, 99.5, 99.5, 100.0, 99.5, 100.0, 99.5, 100.0, 100.0, 100.0, 99.5, 100.0, 99.5, 100.0, 100.0, 100.0, 100.0, 100.0, 99.5, 99.5, 100.0, 100.0, 100.0, 100.0, 99.5, 100.0, 100.0, 100.0, 100.0, 100.0, 100.0, 100.0, 100.0, 100.0, 99.5, 100.0, 100.0, 100.0, 99.5, 100.0, 99.5, 100.0, 100.0, 100.0, 100.0, 100.0, 100.0, 100.0, 100.0, 99.0, 100.0, 100.0, 100.0, 100.0, 100.0, 100.0, 99.5, 100.0, 100.0, 100.0, 100.0, 100.0, 100.0, 100.0, 100.0, 100.0, 99.5, 100.0, 99.5, 100.0, 100.0, 100.0, 100.0, 100.0, 100.0, 100.0, 100.0, 100.0, 99.5, 99.5, 100.0, 100.0, 100.0, 100.0, 99.5, 100.0, 100.0, 100.0, 99.5, 100.0, 100.0, 100.0, 99.5, 99.5, 100.0, 100.0, 100.0, 99.5, 99.5, 100.0, 93.47, 97.47, 95.94, 95.94, 90.36, 94.42, 95.36, 98.4, 98.96, 92.63]
steal
[0.0, 0.0, 0.0, 0.0, 0.0, 0.0, 0.0, 0.0, 0.0, 0.0, 0.0, 0.0, 0.0, 0.0, 0.0, 0.0, 0.0, 0.0, 0.0, 0.0, 0.0, 0.0, 0.0, 0.0, 0.0, 0.0, 0.0, 0.0, 0.0, 0.0, 0.0, 0.0, 0.0, 0.0, 0.0, 0.0, 0.0, 0.0, 0.0, 0.0, 0.0, 0.0, 0.0, 0.0, 0.0, 0.0, 0.0, 0.0, 0.0, 0.0, 0.0, 0.0, 0.0, 0.0, 0.0, 0.0, 0.0, 0.0, 0.0, 0.0, 0.0, 0.0, 0.0, 0.0, 0.0, 0.0, 0.0, 0.0, 0.0, 0.0, 0.0, 0.0, 0.0, 0.0, 0.0, 0.0, 0.0, 0.0, 0.0, 0.0, 0.0, 0.0, 0.0, 0.0, 0.0, 0.0, 0.0, 0.0, 0.0, 0.0, 0.0, 0.0, 0.0, 0.0, 0.0, 0.0, 0.0, 0.0, 0.0, 0.0, 0.0, 0.0, 0.0, 0.0, 0.0, 0.0, 0.0, 0.0, 0.0, 0.0, 0.0, 0.0, 0.0, 0.0, 0.0, 0.0, 0.0, 0.0, 0.0, 0.0, 0.0, 0.0, 0.0, 0.0, 0.0, 0.0, 0.0, 0.0, 0.0, 0.0, 0.0, 0.0, 0.0, 0.0, 0.0, 0.0, 0.0, 0.0, 0.0, 0.0, 0.0, 0.0, 0.0, 0.0, 0.0, 0.0, 0.0, 0.0, 0.0, 0.0, 0.0, 0.0, 0.0, 0.0, 0.0, 0.0, 0.0, 0.0, 0.0, 0.0, 0.0, 0.0, 0.0, 0.0, 0.0, 0.0, 0.0, 0.0, 0.0, 0.0, 0.0, 0.0, 0.0, 0.0, 0.0, 0.0, 0.0, 0.0, 0.0, 0.0, 0.0, 0.0, 0.0, 0.0, 0.0, 0.0, 0.0, 0.0, 0.0, 0.0, 0.0, 0.0, 0.0, 0.0, 0.0, 0.0, 0.0, 0.0, 0.0, 0.0, 0.0, 0.0, 0.0, 0.0, 0.0, 0.0, 0.0, 0.0, 0.0, 0.0, 0.0, 0.0, 0.0, 0.0, 0.0, 0.0, 0.0, 0.0, 0.0, 0.0, 0.0, 0.0, 0.0, 0.0, 0.0, 0.0, 0.0, 0.0, 0.0, 0.0, 0.0, 0.0, 0.0, 0.0, 0.0, 0.0, 0.0, 0.0, 0.0, 0.0, 0.0, 0.0, 0.0, 0.0, 0.0, 0.0, 0.0, 0.0, 0.0, 0.0, 0.0, 0.0, 0.0, 0.0, 0.0, 0.0, 0.0, 0.0, 0.0, 0.0, 0.0, 0.0, 0.0, 0.0, 0.0, 0.0, 0.0, 0.0, 0.0, 0.0, 0.0, 0.0, 0.0, 0.0, 0.0, 0.0, 0.0, 0.0]
idle
[0.0, 0.0, 0.0, 0.0, 0.0, 0.0, 0.0, 0.0, 0.0, 0.0, 0.0, 0.0, 0.0, 0.0, 0.0, 0.0, 0.0, 0.0, 0.0, 0.0, 0.0, 0.0, 0.0, 0.0, 0.0, 0.0, 0.0, 0.0, 0.0, 0.0, 0.0, 0.0, 0.0, 0.0, 0.0, 0.0, 0.0, 0.0, 0.0, 0.0, 0.0, 0.0, 0.0, 0.0, 0.0, 0.0, 0.0, 0.0, 0.0, 0.0, 0.0, 0.0, 0.0, 0.0, 0.0, 0.0, 0.0, 0.0, 0.0, 0.0, 0.0, 0.0, 0.0, 0.0, 0.0, 0.0, 0.0, 0.0, 0.0, 0.0, 0.0, 0.0, 0.0, 0.0, 0.0, 0.0, 0.0, 0.0, 0.0, 0.0, 0.0, 0.0, 0.0, 0.0, 0.0, 0.0, 0.0, 0.0, 0.0, 0.0, 0.0, 0.0, 0.0, 0.0, 0.0, 0.0, 0.0, 0.0, 0.0, 0.0, 0.0, 0.0, 0.0, 0.0, 0.0, 0.0, 0.0, 0.0, 0.0, 0.0, 0.0, 0.0, 0.0, 0.0, 0.0, 0.0, 0.0, 0.0, 0.0, 0.0, 0.0, 0.0, 0.0, 0.0, 0.0, 0.0, 0.0, 0.0, 0.0, 0.0, 0.0, 0.0, 0.0, 0.0, 0.0, 0.0, 0.0, 0.0, 0.0, 0.0, 0.0, 0.0, 0.0, 0.0, 0.0, 0.0, 0.0, 0.0, 0.0, 0.0, 0.0, 0.0, 0.0, 0.0, 0.0, 0.0, 0.0, 0.0, 0.0, 0.0, 0.0, 0.0, 0.0, 0.0, 0.0, 0.0, 0.0, 0.0, 0.0, 0.0, 0.0, 0.0, 0.0, 0.0, 0.0, 0.0, 0.0, 0.0, 0.0, 0.0, 0.0, 0.0, 0.0, 0.0, 0.0, 0.0, 0.0, 0.0, 0.0, 0.0, 0.0, 0.0, 0.0, 0.0, 0.0, 0.0, 0.0, 0.0, 0.0, 0.0, 0.0, 0.0, 0.0, 0.0, 0.0, 0.0, 0.0, 0.0, 0.0, 0.0, 0.0, 0.0, 0.0, 0.0, 0.0, 0.0, 0.0, 0.0, 0.0, 0.0, 0.0, 0.0, 0.0, 0.0, 0.0, 0.0, 0.0, 0.0, 0.0, 0.0, 0.0, 0.0, 0.0, 0.0, 0.0, 0.0, 0.0, 0.0, 0.0, 0.0, 0.0, 0.0, 0.0, 0.0, 0.0, 0.0, 0.0, 0.0, 0.0, 0.0, 0.0, 0.0, 0.0, 0.0, 0.0, 0.0, 0.0, 0.0, 0.0, 0.0, 0.0, 0.0, 0.0, 0.0, 0.0, 0.0, 0.0, 0.0, 0.0, 0.0, 0.0, 0.0, 0.0, 0.0, 0.0, 0.0, 0.0, 0.0]

sdb data:

util
[100.24, 129.03, 111.11, 121.95, 119.29, 114.29, 123.46, 114.94, 125.79, 119.76, 116.96, 113.64, 108.11, 100.5, 100.0, 104.71, 100.5, 100.0, 100.5, 100.5, 100.5, 101.52, 114.94, 128.21, 119.76, 106.38, 101.52, 100.5, 100.5, 100.0, 100.0, 100.5, 100.0, 100.5, 100.0, 100.5, 100.5, 100.5, 100.0, 100.5, 100.0, 100.5, 100.0, 100.0, 100.5, 101.01, 103.63, 100.5, 100.5, 100.0, 100.5, 100.0, 100.5, 100.0, 100.5, 100.0, 100.0, 100.5, 100.0, 100.0, 100.0, 100.5, 100.0, 100.5, 100.0, 100.0, 99.5, 100.5, 99.5, 100.5, 100.0, 100.5, 100.0, 99.5, 100.0, 100.0, 100.5, 100.2, 99.5, 100.5, 100.5, 100.0, 100.5, 100.0, 100.0, 100.0, 99.5, 100.0, 99.5, 100.5, 100.0, 100.5, 100.0, 100.0, 100.5, 100.0, 100.5, 100.0, 100.5, 100.5, 100.0, 100.5, 100.0, 100.0, 100.0, 100.5, 99.5, 100.5, 101.01, 100.5, 101.01, 100.5, 100.0, 100.0, 100.5, 100.0, 100.5, 100.5, 100.0, 100.5, 100.0, 100.0, 100.5, 100.0, 100.5, 100.0, 100.0, 100.5, 102.04, 100.0, 100.0, 100.5, 100.0, 100.5, 100.0, 100.0, 100.0, 100.5, 100.0, 100.0, 100.5, 100.0, 100.5, 100.0, 100.0, 100.0, 100.5, 100.0, 100.5, 100.0, 100.5, 100.0, 100.0, 100.5, 100.0, 100.5, 99.5, 100.0, 103.63, 102.56, 100.0, 100.0, 100.5, 99.5, 100.5, 100.0, 99.5, 100.7, 100.0, 100.0, 100.0, 101.01, 100.0, 100.5, 100.0, 101.01, 100.5, 100.5, 100.0, 100.0, 100.0, 100.0, 100.5, 100.5, 100.0, 100.5, 100.0, 100.5, 100.0, 100.5, 100.5, 100.0, 100.0, 100.5, 100.0, 100.5, 100.5, 100.0, 100.5, 100.5, 100.5, 100.5, 100.0, 100.5, 100.5, 100.5, 100.5, 100.5, 100.0, 100.5, 100.5, 101.01, 100.5, 100.0, 100.5, 100.0, 101.01, 99.5, 100.5, 100.0, 100.5, 100.5, 100.0, 100.5, 100.0, 100.0, 100.5, 100.5, 100.0, 100.5, 100.5, 100.0, 100.5, 100.5, 99.5, 100.5, 100.0, 100.5, 100.5, 100.0, 100.5, 100.5, 100.0, 100.5, 100.5, 101.01, 100.0, 100.5, 100.5, 101.01, 100.0, 100.5, 100.5, 100.5, 100.5, 100.5, 100.5, 100.0, 100.5, 100.5, 99.5, 100.0, 100.0, 100.7, 100.0, 100.0, 100.0, 101.01, 100.5, 101.01, 101.52, 101.52, 101.52, 101.52, 103.09, 106.95, 103.63, 105.26]
r_await
[20.0, 0.0, 0.0, 0.0, 0.0, 0.0, 0.0, 0.0, 0.0, 0.0, 0.0, 0.0, 0.0, 0.0, 0.0, 0.0, 0.0, 0.0, 0.0, 0.0, 0.0, 0.0, 0.0, 0.0, 0.0, 0.0, 0.0, 0.0, 0.0, 0.0, 0.0, 0.0, 0.0, 0.0, 0.0, 0.0, 0.0, 0.0, 0.0, 0.0, 0.0, 0.0, 0.0, 0.0, 0.0, 0.0, 0.0, 0.0, 0.0, 0.0, 0.0, 0.0, 0.0, 0.0, 0.0, 0.0, 0.0, 0.0, 0.0, 0.0, 0.0, 0.0, 0.0, 0.0, 0.0, 0.0, 0.0, 0.0, 0.0, 0.0, 0.0, 0.0, 0.0, 0.0, 0.0, 0.0, 0.0, 0.0, 0.0, 0.0, 0.0, 0.0, 0.0, 0.0, 0.0, 0.0, 0.0, 0.0, 0.0, 0.0, 0.0, 0.0, 0.0, 0.0, 0.0, 0.0, 0.0, 0.0, 0.0, 0.0, 0.0, 0.0, 0.0, 0.0, 0.0, 0.0, 0.0, 0.0, 0.0, 0.0, 0.0, 0.0, 0.0, 0.0, 0.0, 0.0, 0.0, 0.0, 0.0, 0.0, 0.0, 0.0, 0.0, 0.0, 0.0, 0.0, 0.0, 0.0, 0.0, 0.0, 0.0, 0.0, 0.0, 0.0, 0.0, 0.0, 0.0, 0.0, 0.0, 0.0, 0.0, 0.0, 0.0, 0.0, 0.0, 0.0, 0.0, 0.0, 0.0, 0.0, 0.0, 0.0, 0.0, 0.0, 0.0, 0.0, 0.0, 0.0, 0.0, 0.0, 0.0, 0.0, 0.0, 0.0, 0.0, 0.0, 0.0, 0.0, 0.0, 0.0, 0.0, 0.0, 0.0, 0.0, 0.0, 0.0, 0.0, 0.0, 0.0, 0.0, 0.0, 0.0, 0.0, 0.0, 0.0, 0.0, 0.0, 0.0, 0.0, 0.0, 0.0, 0.0, 0.0, 0.0, 0.0, 0.0, 0.0, 0.0, 0.0, 0.0, 0.0, 0.0, 0.0, 0.0, 0.0, 0.0, 0.0, 0.0, 0.0, 0.0, 0.0, 0.0, 0.0, 0.0, 0.0, 0.0, 0.0, 0.0, 0.0, 0.0, 0.0, 0.0, 0.0, 0.0, 0.0, 0.0, 0.0, 0.0, 0.0, 0.0, 0.0, 0.0, 0.0, 0.0, 0.0, 0.0, 0.0, 0.0, 0.0, 0.0, 0.0, 0.0, 0.0, 0.0, 0.0, 0.0, 0.0, 0.0, 0.0, 0.0, 0.0, 0.0, 0.0, 0.0, 0.0, 0.0, 0.0, 0.0, 0.0, 0.0, 0.0, 0.0, 0.0, 0.0, 0.0, 0.0, 0.0, 0.0, 0.0, 0.0, 0.0, 0.0, 0.0, 0.0, 0.0, 0.0, 0.0, 0.0]
avgqusz
[138.95, 184.5, 135.22, 171.22, 170.29, 138.44, 176.75, 147.61, 169.05, 173.06, 135.42, 163.59, 148.38, 78.97, 35.05, 57.17, 151.99, 138.45, 135.04, 82.99, 46.19, 50.1, 129.64, 183.57, 158.1, 143.0, 140.35, 137.69, 154.19, 155.0, 137.47, 56.42, 45.24, 44.22, 28.04, 17.57, 16.08, 16.08, 16.0, 16.08, 14.91, 14.07, 13.22, 13.0, 13.07, 20.97, 163.73, 158.79, 158.79, 158.0, 158.79, 158.0, 158.79, 158.0, 158.79, 158.0, 158.0, 158.79, 158.0, 158.0, 158.0, 158.79, 158.0, 156.67, 145.0, 145.0, 144.28, 145.73, 144.28, 145.73, 145.0, 132.8, 128.0, 127.36, 128.0, 128.0, 128.45, 126.25, 125.37, 126.63, 89.9, 84.35, 73.37, 73.0, 73.0, 68.7, 67.66, 68.0, 67.66, 68.34, 67.02, 66.33, 66.0, 66.0, 66.33, 66.0, 63.59, 63.0, 63.32, 29.85, 9.0, 8.47, 7.0, 7.0, 7.0, 7.04, 6.97, 116.1, 159.6, 158.79, 159.6, 145.55, 143.0, 143.0, 143.72, 143.0, 143.54, 126.02, 125.0, 125.63, 125.0, 125.0, 123.12, 117.0, 117.59, 117.0, 117.0, 117.59, 118.02, 115.0, 115.0, 115.58, 115.0, 115.17, 112.0, 112.0, 112.0, 112.56, 112.0, 109.44, 107.54, 107.0, 107.54, 107.0, 107.0, 105.51, 105.53, 105.0, 105.53, 105.0, 105.39, 102.0, 102.0, 102.51, 102.0, 102.51, 90.95, 45.65, 137.56, 135.11, 137.48, 138.0, 138.69, 137.31, 138.69, 128.95, 104.48, 105.74, 105.0, 105.0, 105.0, 106.06, 105.0, 105.53, 105.0, 106.06, 105.53, 100.45, 97.0, 97.0, 97.0, 97.0, 97.49, 97.49, 97.0, 97.49, 97.0, 97.49, 95.18, 94.47, 94.47, 94.0, 94.0, 94.47, 94.0, 94.47, 94.47, 94.0, 94.47, 83.97, 68.34, 68.34, 68.0, 68.34, 68.34, 68.34, 68.34, 68.34, 68.0, 68.34, 68.12, 65.66, 65.33, 65.0, 65.33, 65.0, 65.66, 64.68, 65.33, 65.0, 65.33, 65.03, 60.0, 60.3, 60.0, 60.0, 60.3, 60.3, 60.0, 60.3, 60.3, 60.0, 60.0, 58.29, 57.71, 58.29, 58.0, 58.29, 58.29, 58.0, 58.29, 58.29, 58.0, 57.75, 55.28, 55.56, 55.0, 55.28, 55.28, 55.56, 55.0, 55.28, 55.28, 55.28, 55.28, 55.28, 51.48, 50.0, 50.25, 50.25, 49.75, 50.0, 50.0, 50.35, 50.0, 50.0, 50.0, 34.24, 157.81, 150.85, 145.28, 61.31, 138.85, 108.53, 146.34, 154.33, 128.95, 90.01]
await
[488.49, 612.51, 646.98, 614.29, 979.99, 606.59, 706.01, 737.09, 570.95, 863.55, 570.5, 1152.2, 737.41, 2613.82, 3765.33, 4474.12, 5899.5, 3556.71, 5517.78, 7241.68, 9312.22, 4667.0, 555.61, 478.53, 773.86, 711.29, 2489.04, 0.0, 6643.71, 0.0, 11400.19, 12196.14, 13198.0, 0.0, 14034.2, 14094.0, 0.0, 0.0, 0.0, 0.0, 24634.0, 0.0, 28156.0, 0.0, 0.0, 29692.8, 0.0, 0.0, 0.0, 0.0, 0.0, 0.0, 0.0, 0.0, 0.0, 0.0, 0.0, 0.0, 0.0, 0.0, 0.0, 0.0, 0.0, 35823.08, 0.0, 0.0, 0.0, 0.0, 0.0, 0.0, 0.0, 50640.4, 0.0, 0.0, 0.0, 0.0, 61950.0, 0.0, 0.0, 0.0, 69349.36, 17293.66, 0.0, 0.0, 0.0, 8099.2, 0.0, 0.0, 0.0, 0.0, 18848.0, 0.0, 0.0, 0.0, 0.0, 0.0, 30012.0, 0.0, 0.0, 36587.26, 0.0, 41244.0, 0.0, 0.0, 0.0, 0.0, 0.0, 40707.56, 0.0, 0.0, 0.0, 7995.65, 0.0, 0.0, 0.0, 0.0, 19380.67, 19504.33, 0.0, 0.0, 0.0, 0.0, 30815.0, 0.0, 0.0, 0.0, 0.0, 0.0, 42098.0, 0.0, 0.0, 0.0, 0.0, 53170.67, 0.0, 0.0, 0.0, 0.0, 0.0, 64416.0, 0.0, 0.0, 0.0, 0.0, 0.0, 75948.0, 0.0, 0.0, 0.0, 0.0, 87352.0, 0.0, 0.0, 0.0, 0.0, 0.0, 99034.94, 92116.08, 758.33, 618.36, 0.0, 0.0, 0.0, 0.0, 0.0, 13032.73, 0.0, 0.0, 0.0, 0.0, 0.0, 0.0, 0.0, 0.0, 0.0, 0.0, 0.0, 36014.0, 0.0, 0.0, 0.0, 0.0, 0.0, 0.0, 0.0, 0.0, 0.0, 0.0, 58218.67, 0.0, 0.0, 0.0, 0.0, 0.0, 0.0, 0.0, 0.0, 0.0, 0.0, 80439.54, 0.0, 0.0, 0.0, 0.0, 0.0, 0.0, 0.0, 0.0, 0.0, 0.0, 103124.0, 0.0, 0.0, 0.0, 0.0, 0.0, 0.0, 0.0, 0.0, 0.0, 0.0, 125100.8, 0.0, 0.0, 0.0, 0.0, 0.0, 0.0, 0.0, 0.0, 0.0, 0.0, 146704.0, 0.0, 0.0, 0.0, 0.0, 0.0, 0.0, 0.0, 0.0, 0.0, 0.0, 168644.0, 0.0, 0.0, 0.0, 0.0, 0.0, 0.0, 0.0, 0.0, 0.0, 0.0, 0.0, 0.0, 193492.8, 0.0, 0.0, 0.0, 0.0, 0.0, 0.0, 0.0, 0.0, 0.0, 0.0, 216351.59, 71677.33, 3334.49, 3858.29, 2327.07, 736.37, 1811.22, 2274.46, 2157.23, 2251.81, 1490.11]
rMB
[0.01, 0.0, 0.0, 0.0, 0.0, 0.0, 0.0, 0.0, 0.0, 0.0, 0.0, 0.0, 0.0, 0.0, 0.0, 0.0, 0.0, 0.0, 0.0, 0.0, 0.0, 0.0, 0.0, 0.0, 0.0, 0.0, 0.0, 0.0, 0.0, 0.0, 0.0, 0.0, 0.0, 0.0, 0.0, 0.0, 0.0, 0.0, 0.0, 0.0, 0.0, 0.0, 0.0, 0.0, 0.0, 0.0, 0.0, 0.0, 0.0, 0.0, 0.0, 0.0, 0.0, 0.0, 0.0, 0.0, 0.0, 0.0, 0.0, 0.0, 0.0, 0.0, 0.0, 0.0, 0.0, 0.0, 0.0, 0.0, 0.0, 0.0, 0.0, 0.0, 0.0, 0.0, 0.0, 0.0, 0.0, 0.0, 0.0, 0.0, 0.0, 0.0, 0.0, 0.0, 0.0, 0.0, 0.0, 0.0, 0.0, 0.0, 0.0, 0.0, 0.0, 0.0, 0.0, 0.0, 0.0, 0.0, 0.0, 0.0, 0.0, 0.0, 0.0, 0.0, 0.0, 0.0, 0.0, 0.0, 0.0, 0.0, 0.0, 0.0, 0.0, 0.0, 0.0, 0.0, 0.0, 0.0, 0.0, 0.0, 0.0, 0.0, 0.0, 0.0, 0.0, 0.0, 0.0, 0.0, 0.0, 0.0, 0.0, 0.0, 0.0, 0.0, 0.0, 0.0, 0.0, 0.0, 0.0, 0.0, 0.0, 0.0, 0.0, 0.0, 0.0, 0.0, 0.0, 0.0, 0.0, 0.0, 0.0, 0.0, 0.0, 0.0, 0.0, 0.0, 0.0, 0.0, 0.0, 0.0, 0.0, 0.0, 0.0, 0.0, 0.0, 0.0, 0.0, 0.0, 0.0, 0.0, 0.0, 0.0, 0.0, 0.0, 0.0, 0.0, 0.0, 0.0, 0.0, 0.0, 0.0, 0.0, 0.0, 0.0, 0.0, 0.0, 0.0, 0.0, 0.0, 0.0, 0.0, 0.0, 0.0, 0.0, 0.0, 0.0, 0.0, 0.0, 0.0, 0.0, 0.0, 0.0, 0.0, 0.0, 0.0, 0.0, 0.0, 0.0, 0.0, 0.0, 0.0, 0.0, 0.0, 0.0, 0.0, 0.0, 0.0, 0.0, 0.0, 0.0, 0.0, 0.0, 0.0, 0.0, 0.0, 0.0, 0.0, 0.0, 0.0, 0.0, 0.0, 0.0, 0.0, 0.0, 0.0, 0.0, 0.0, 0.0, 0.0, 0.0, 0.0, 0.0, 0.0, 0.0, 0.0, 0.0, 0.0, 0.0, 0.0, 0.0, 0.0, 0.0, 0.0, 0.0, 0.0, 0.0, 0.0, 0.0, 0.0, 0.0, 0.0, 0.0, 0.0, 0.0, 0.0, 0.0, 0.0, 0.0, 0.0, 0.0, 0.0, 0.0, 0.0, 0.0, 0.0, 0.0, 0.0, 0.0]
svctm
[4.36, 4.28, 4.58, 6.49, 5.91, 4.93, 5.7, 4.56, 5.03, 5.81, 5.1, 7.84, 17.24, 16.81, 166.67, 117.65, 125.0, 117.65, 111.11, 28.99, 111.11, 23.81, 5.1, 4.4, 4.68, 58.82, 74.07, 0.0, 142.86, 0.0, 23.81, 71.43, 1000.0, 0.0, 100.0, 250.0, 0.0, 0.0, 0.0, 0.0, 1000.0, 0.0, 2000.0, 0.0, 0.0, 133.33, 0.0, 0.0, 0.0, 0.0, 0.0, 0.0, 0.0, 0.0, 0.0, 0.0, 0.0, 0.0, 0.0, 0.0, 0.0, 0.0, 0.0, 153.85, 0.0, 0.0, 0.0, 0.0, 0.0, 0.0, 0.0, 100.0, 0.0, 0.0, 0.0, 0.0, 1000.0, 0.0, 0.0, 0.0, 21.28, 16.26, 0.0, 0.0, 0.0, 400.0, 0.0, 0.0, 0.0, 0.0, 1000.0, 0.0, 0.0, 0.0, 0.0, 0.0, 666.67, 0.0, 0.0, 37.04, 0.0, 1000.0, 0.0, 0.0, 0.0, 0.0, 0.0, 222.22, 0.0, 0.0, 0.0, 58.82, 0.0, 0.0, 0.0, 0.0, 333.33, 166.67, 0.0, 0.0, 0.0, 0.0, 250.0, 0.0, 0.0, 0.0, 0.0, 0.0, 1000.0, 0.0, 0.0, 0.0, 0.0, 666.67, 0.0, 0.0, 0.0, 0.0, 0.0, 400.0, 0.0, 0.0, 0.0, 0.0, 0.0, 1000.0, 0.0, 0.0, 0.0, 0.0, 666.67, 0.0, 0.0, 0.0, 0.0, 0.0, 37.74, 38.46, 6.41, 8.73, 0.0, 0.0, 0.0, 0.0, 0.0, 60.61, 0.0, 0.0, 0.0, 0.0, 0.0, 0.0, 0.0, 0.0, 0.0, 0.0, 0.0, 250.0, 0.0, 0.0, 0.0, 0.0, 0.0, 0.0, 0.0, 0.0, 0.0, 0.0, 666.67, 0.0, 0.0, 0.0, 0.0, 0.0, 0.0, 0.0, 0.0, 0.0, 0.0, 76.92, 0.0, 0.0, 0.0, 0.0, 0.0, 0.0, 0.0, 0.0, 0.0, 0.0, 666.67, 0.0, 0.0, 0.0, 0.0, 0.0, 0.0, 0.0, 0.0, 0.0, 0.0, 400.0, 0.0, 0.0, 0.0, 0.0, 0.0, 0.0, 0.0, 0.0, 0.0, 0.0, 1000.0, 0.0, 0.0, 0.0, 0.0, 0.0, 0.0, 0.0, 0.0, 0.0, 0.0, 666.67, 0.0, 0.0, 0.0, 0.0, 0.0, 0.0, 0.0, 0.0, 0.0, 0.0, 0.0, 0.0, 400.0, 0.0, 0.0, 0.0, 0.0, 0.0, 0.0, 0.0, 0.0, 0.0, 0.0, 40.82, 666.67, 23.53, 17.86, 15.5, 15.38, 15.62, 15.75, 15.38, 15.5, 15.5]
r
[3.05, 0.0, 0.0, 0.0, 0.0, 0.0, 0.0, 0.0, 0.0, 0.0, 0.0, 0.0, 0.0, 0.0, 0.0, 0.0, 0.0, 0.0, 0.0, 0.0, 0.0, 0.0, 0.0, 0.0, 0.0, 0.0, 0.0, 0.0, 0.0, 0.0, 0.0, 0.0, 0.0, 0.0, 0.0, 0.0, 0.0, 0.0, 0.0, 0.0, 0.0, 0.0, 0.0, 0.0, 0.0, 0.0, 0.0, 0.0, 0.0, 0.0, 0.0, 0.0, 0.0, 0.0, 0.0, 0.0, 0.0, 0.0, 0.0, 0.0, 0.0, 0.0, 0.0, 0.0, 0.0, 0.0, 0.0, 0.0, 0.0, 0.0, 0.0, 0.0, 0.0, 0.0, 0.0, 0.0, 0.0, 0.0, 0.0, 0.0, 0.0, 0.0, 0.0, 0.0, 0.0, 0.0, 0.0, 0.0, 0.0, 0.0, 0.0, 0.0, 0.0, 0.0, 0.0, 0.0, 0.0, 0.0, 0.0, 0.0, 0.0, 0.0, 0.0, 0.0, 0.0, 0.0, 0.0, 0.0, 0.0, 0.0, 0.0, 0.0, 0.0, 0.0, 0.0, 0.0, 0.0, 0.0, 0.0, 0.0, 0.0, 0.0, 0.0, 0.0, 0.0, 0.0, 0.0, 0.0, 0.0, 0.0, 0.0, 0.0, 0.0, 0.0, 0.0, 0.0, 0.0, 0.0, 0.0, 0.0, 0.0, 0.0, 0.0, 0.0, 0.0, 0.0, 0.0, 0.0, 0.0, 0.0, 0.0, 0.0, 0.0, 0.0, 0.0, 0.0, 0.0, 0.0, 0.0, 0.0, 0.0, 0.0, 0.0, 0.0, 0.0, 0.0, 0.0, 0.0, 0.0, 0.0, 0.0, 0.0, 0.0, 0.0, 0.0, 0.0, 0.0, 0.0, 0.0, 0.0, 0.0, 0.0, 0.0, 0.0, 0.0, 0.0, 0.0, 0.0, 0.0, 0.0, 0.0, 0.0, 0.0, 0.0, 0.0, 0.0, 0.0, 0.0, 0.0, 0.0, 0.0, 0.0, 0.0, 0.0, 0.0, 0.0, 0.0, 0.0, 0.0, 0.0, 0.0, 0.0, 0.0, 0.0, 0.0, 0.0, 0.0, 0.0, 0.0, 0.0, 0.0, 0.0, 0.0, 0.0, 0.0, 0.0, 0.0, 0.0, 0.0, 0.0, 0.0, 0.0, 0.0, 0.0, 0.0, 0.0, 0.0, 0.0, 0.0, 0.0, 0.0, 0.0, 0.0, 0.0, 0.0, 0.0, 0.0, 0.0, 0.0, 0.0, 0.0, 0.0, 0.0, 0.0, 0.0, 0.0, 0.0, 0.0, 0.0, 0.0, 0.0, 0.0, 0.0, 0.0, 0.0, 0.0, 0.0, 0.0, 0.0, 0.0, 0.0, 0.0, 0.0, 0.0, 0.0, 0.0, 0.0, 0.0]
wrqm
[0.0, 0.0, 5.56, 0.0, 0.0, 3.43, 0.0, 3.45, 0.0, 0.0, 3.51, 0.0, 0.0, 2.51, 0.0, 0.0, 0.0, 2.5, 0.0, 0.0, 0.0, 2.54, 0.0, 0.64, 3.59, 0.0, 0.0, 0.0, 0.0, 0.0, 2.5, 0.0, 0.0, 0.0, 0.0, 0.0, 0.0, 0.0, 0.0, 0.0, 0.0, 0.0, 0.0, 0.0, 0.0, 0.0, 0.0, 0.0, 0.0, 0.0, 0.0, 0.0, 0.0, 0.0, 0.0, 0.0, 0.0, 0.0, 0.0, 0.0, 0.0, 0.0, 0.0, 0.0, 0.0, 0.0, 0.0, 0.0, 0.0, 0.0, 0.0, 2.51, 0.0, 0.0, 0.0, 0.0, 0.0, 0.0, 0.0, 0.0, 0.0, 2.5, 0.0, 0.0, 0.0, 0.0, 0.0, 0.0, 0.0, 0.0, 0.0, 0.0, 0.0, 0.0, 0.0, 0.0, 0.0, 0.0, 0.0, 0.0, 0.0, 0.0, 0.0, 0.0, 0.0, 0.0, 0.0, 0.0, 0.0, 0.0, 0.0, 3.02, 0.0, 0.0, 0.0, 0.0, 0.0, 0.0, 0.0, 0.0, 0.0, 0.0, 0.0, 0.0, 0.0, 0.0, 0.0, 0.0, 0.0, 0.0, 0.0, 0.0, 0.0, 0.0, 0.0, 0.0, 0.0, 0.0, 0.0, 0.0, 0.0, 0.0, 0.0, 0.0, 0.0, 0.0, 0.0, 0.0, 0.0, 0.0, 0.0, 0.0, 0.0, 0.0, 0.0, 0.0, 0.0, 0.0, 3.11, 0.0, 2.5, 0.0, 0.0, 0.0, 0.0, 0.0, 0.0, 0.0, 0.0, 0.0, 0.0, 0.0, 0.0, 0.0, 0.0, 0.0, 0.0, 0.0, 0.0, 0.0, 0.0, 0.0, 0.0, 0.0, 0.0, 0.0, 0.0, 0.0, 0.0, 0.0, 0.0, 0.0, 0.0, 0.0, 0.0, 0.0, 0.0, 0.0, 0.0, 0.0, 0.0, 0.0, 0.0, 0.0, 0.0, 0.0, 0.0, 0.0, 0.0, 0.0, 0.0, 0.0, 0.0, 0.0, 0.0, 0.0, 0.0, 0.0, 0.0, 0.0, 0.0, 0.0, 0.0, 0.0, 0.0, 0.0, 0.0, 0.0, 0.0, 0.0, 0.0, 0.0, 0.0, 0.0, 0.0, 0.0, 0.0, 0.0, 0.0, 0.0, 0.0, 0.0, 0.0, 0.0, 0.0, 0.0, 0.0, 0.0, 0.0, 0.0, 0.0, 0.0, 0.0, 0.0, 0.0, 0.0, 0.0, 0.0, 0.0, 0.0, 0.0, 0.0, 0.0, 0.0, 0.0, 0.0, 0.0, 0.0, 0.0, 0.0, 2.54, 0.0, 0.0, 3.05, 0.0, 0.0, 2.59, 0.0]
w
[226.83, 301.29, 242.78, 187.8, 201.79, 232.0, 216.67, 252.3, 250.31, 205.99, 229.24, 144.89, 62.7, 59.8, 6.0, 8.9, 8.04, 8.5, 9.05, 34.67, 9.05, 42.64, 225.29, 291.67, 255.69, 18.09, 13.71, 0.0, 7.04, 0.0, 42.0, 14.07, 1.0, 0.0, 10.0, 4.02, 0.0, 0.0, 0.0, 0.0, 1.0, 0.0, 0.5, 0.0, 0.0, 7.58, 0.0, 0.0, 0.0, 0.0, 0.0, 0.0, 0.0, 0.0, 0.0, 0.0, 0.0, 0.0, 0.0, 0.0, 0.0, 0.0, 0.0, 6.53, 0.0, 0.0, 0.0, 0.0, 0.0, 0.0, 0.0, 10.05, 0.0, 0.0, 0.0, 0.0, 1.01, 0.0, 0.0, 0.0, 47.24, 61.5, 0.0, 0.0, 0.0, 2.5, 0.0, 0.0, 0.0, 0.0, 1.0, 0.0, 0.0, 0.0, 0.0, 0.0, 1.51, 0.0, 0.0, 27.14, 0.0, 1.01, 0.0, 0.0, 0.0, 0.0, 0.0, 4.52, 0.0, 0.0, 0.0, 17.09, 0.0, 0.0, 0.0, 0.0, 3.02, 6.03, 0.0, 0.0, 0.0, 0.0, 4.02, 0.0, 0.0, 0.0, 0.0, 0.0, 1.02, 0.0, 0.0, 0.0, 0.0, 1.51, 0.0, 0.0, 0.0, 0.0, 0.0, 2.5, 0.0, 0.0, 0.0, 0.0, 0.0, 1.0, 0.0, 0.0, 0.0, 0.0, 1.51, 0.0, 0.0, 0.0, 0.0, 0.0, 26.37, 26.0, 161.66, 117.44, 0.0, 0.0, 0.0, 0.0, 0.0, 16.5, 0.0, 0.0, 0.0, 0.0, 0.0, 0.0, 0.0, 0.0, 0.0, 0.0, 0.0, 4.02, 0.0, 0.0, 0.0, 0.0, 0.0, 0.0, 0.0, 0.0, 0.0, 0.0, 1.5, 0.0, 0.0, 0.0, 0.0, 0.0, 0.0, 0.0, 0.0, 0.0, 0.0, 13.07, 0.0, 0.0, 0.0, 0.0, 0.0, 0.0, 0.0, 0.0, 0.0, 0.0, 1.51, 0.0, 0.0, 0.0, 0.0, 0.0, 0.0, 0.0, 0.0, 0.0, 0.0, 2.51, 0.0, 0.0, 0.0, 0.0, 0.0, 0.0, 0.0, 0.0, 0.0, 0.0, 1.01, 0.0, 0.0, 0.0, 0.0, 0.0, 0.0, 0.0, 0.0, 0.0, 0.0, 1.51, 0.0, 0.0, 0.0, 0.0, 0.0, 0.0, 0.0, 0.0, 0.0, 0.0, 0.0, 0.0, 2.51, 0.0, 0.0, 0.0, 0.0, 0.0, 0.0, 0.0, 0.0, 0.0, 0.0, 24.75, 1.51, 42.93, 56.85, 65.48, 65.99, 64.97, 65.46, 69.52, 66.84, 67.89]
avgrqsz
[252.03, 256.0, 256.0, 253.82, 256.0, 251.84, 256.0, 256.0, 254.25, 256.0, 254.22, 256.0, 256.0, 256.0, 256.0, 243.76, 240.5, 256.0, 256.0, 256.0, 256.0, 250.57, 253.98, 252.75, 250.25, 253.65, 249.48, 0.0, 256.0, 0.0, 255.05, 240.86, 256.0, 0.0, 256.0, 256.0, 0.0, 0.0, 0.0, 0.0, 256.0, 0.0, 256.0, 0.0, 0.0, 236.8, 0.0, 0.0, 0.0, 0.0, 0.0, 0.0, 0.0, 0.0, 0.0, 0.0, 0.0, 0.0, 0.0, 0.0, 0.0, 0.0, 0.0, 236.92, 0.0, 0.0, 0.0, 0.0, 0.0, 0.0, 0.0, 256.0, 0.0, 0.0, 0.0, 0.0, 256.0, 0.0, 0.0, 0.0, 253.28, 250.21, 0.0, 0.0, 0.0, 256.0, 0.0, 0.0, 0.0, 0.0, 256.0, 0.0, 0.0, 0.0, 0.0, 0.0, 256.0, 0.0, 0.0, 252.74, 0.0, 256.0, 0.0, 0.0, 0.0, 0.0, 0.0, 224.0, 0.0, 0.0, 0.0, 248.71, 0.0, 0.0, 0.0, 0.0, 256.0, 256.0, 0.0, 0.0, 0.0, 0.0, 256.0, 0.0, 0.0, 0.0, 0.0, 0.0, 256.0, 0.0, 0.0, 0.0, 0.0, 256.0, 0.0, 0.0, 0.0, 0.0, 0.0, 256.0, 0.0, 0.0, 0.0, 0.0, 0.0, 256.0, 0.0, 0.0, 0.0, 0.0, 256.0, 0.0, 0.0, 0.0, 0.0, 0.0, 248.6, 247.38, 249.92, 249.89, 0.0, 0.0, 0.0, 0.0, 0.0, 248.24, 0.0, 0.0, 0.0, 0.0, 0.0, 0.0, 0.0, 0.0, 0.0, 0.0, 0.0, 256.0, 0.0, 0.0, 0.0, 0.0, 0.0, 0.0, 0.0, 0.0, 0.0, 0.0, 173.33, 0.0, 0.0, 0.0, 0.0, 0.0, 0.0, 0.0, 0.0, 0.0, 0.0, 256.0, 0.0, 0.0, 0.0, 0.0, 0.0, 0.0, 0.0, 0.0, 0.0, 0.0, 256.0, 0.0, 0.0, 0.0, 0.0, 0.0, 0.0, 0.0, 0.0, 0.0, 0.0, 256.0, 0.0, 0.0, 0.0, 0.0, 0.0, 0.0, 0.0, 0.0, 0.0, 0.0, 256.0, 0.0, 0.0, 0.0, 0.0, 0.0, 0.0, 0.0, 0.0, 0.0, 0.0, 256.0, 0.0, 0.0, 0.0, 0.0, 0.0, 0.0, 0.0, 0.0, 0.0, 0.0, 0.0, 0.0, 256.0, 0.0, 0.0, 0.0, 0.0, 0.0, 0.0, 0.0, 0.0, 0.0, 0.0, 250.78, 186.67, 252.99, 251.5, 248.5, 252.0, 251.0, 256.0, 254.03, 252.09, 251.84]
wMB
[28.28, 37.66, 30.35, 23.28, 25.22, 28.53, 27.08, 31.54, 31.08, 25.75, 28.46, 18.11, 7.84, 7.47, 0.75, 1.06, 0.94, 1.06, 1.13, 4.33, 1.13, 5.22, 27.94, 36.0, 31.24, 2.24, 1.67, 0.0, 0.88, 0.0, 5.23, 1.65, 0.12, 0.0, 1.25, 0.5, 0.0, 0.0, 0.0, 0.0, 0.12, 0.0, 0.06, 0.0, 0.0, 0.88, 0.0, 0.0, 0.0, 0.0, 0.0, 0.0, 0.0, 0.0, 0.0, 0.0, 0.0, 0.0, 0.0, 0.0, 0.0, 0.0, 0.0, 0.76, 0.0, 0.0, 0.0, 0.0, 0.0, 0.0, 0.0, 1.26, 0.0, 0.0, 0.0, 0.0, 0.13, 0.0, 0.0, 0.0, 5.84, 7.51, 0.0, 0.0, 0.0, 0.31, 0.0, 0.0, 0.0, 0.0, 0.12, 0.0, 0.0, 0.0, 0.0, 0.0, 0.19, 0.0, 0.0, 3.35, 0.0, 0.13, 0.0, 0.0, 0.0, 0.0, 0.0, 0.49, 0.0, 0.0, 0.0, 2.07, 0.0, 0.0, 0.0, 0.0, 0.38, 0.75, 0.0, 0.0, 0.0, 0.0, 0.5, 0.0, 0.0, 0.0, 0.0, 0.0, 0.13, 0.0, 0.0, 0.0, 0.0, 0.19, 0.0, 0.0, 0.0, 0.0, 0.0, 0.31, 0.0, 0.0, 0.0, 0.0, 0.0, 0.12, 0.0, 0.0, 0.0, 0.0, 0.19, 0.0, 0.0, 0.0, 0.0, 0.0, 3.2, 3.14, 19.73, 14.33, 0.0, 0.0, 0.0, 0.0, 0.0, 2.0, 0.0, 0.0, 0.0, 0.0, 0.0, 0.0, 0.0, 0.0, 0.0, 0.0, 0.0, 0.5, 0.0, 0.0, 0.0, 0.0, 0.0, 0.0, 0.0, 0.0, 0.0, 0.0, 0.13, 0.0, 0.0, 0.0, 0.0, 0.0, 0.0, 0.0, 0.0, 0.0, 0.0, 1.63, 0.0, 0.0, 0.0, 0.0, 0.0, 0.0, 0.0, 0.0, 0.0, 0.0, 0.19, 0.0, 0.0, 0.0, 0.0, 0.0, 0.0, 0.0, 0.0, 0.0, 0.0, 0.31, 0.0, 0.0, 0.0, 0.0, 0.0, 0.0, 0.0, 0.0, 0.0, 0.0, 0.13, 0.0, 0.0, 0.0, 0.0, 0.0, 0.0, 0.0, 0.0, 0.0, 0.0, 0.19, 0.0, 0.0, 0.0, 0.0, 0.0, 0.0, 0.0, 0.0, 0.0, 0.0, 0.0, 0.0, 0.31, 0.0, 0.0, 0.0, 0.0, 0.0, 0.0, 0.0, 0.0, 0.0, 0.0, 3.03, 0.14, 5.3, 6.98, 7.95, 8.12, 7.96, 8.18, 8.62, 8.23, 8.35]
rrqm
[0.0, 0.0, 0.0, 0.0, 0.0, 0.0, 0.0, 0.0, 0.0, 0.0, 0.0, 0.0, 0.0, 0.0, 0.0, 0.0, 0.0, 0.0, 0.0, 0.0, 0.0, 0.0, 0.0, 0.0, 0.0, 0.0, 0.0, 0.0, 0.0, 0.0, 0.0, 0.0, 0.0, 0.0, 0.0, 0.0, 0.0, 0.0, 0.0, 0.0, 0.0, 0.0, 0.0, 0.0, 0.0, 0.0, 0.0, 0.0, 0.0, 0.0, 0.0, 0.0, 0.0, 0.0, 0.0, 0.0, 0.0, 0.0, 0.0, 0.0, 0.0, 0.0, 0.0, 0.0, 0.0, 0.0, 0.0, 0.0, 0.0, 0.0, 0.0, 0.0, 0.0, 0.0, 0.0, 0.0, 0.0, 0.0, 0.0, 0.0, 0.0, 0.0, 0.0, 0.0, 0.0, 0.0, 0.0, 0.0, 0.0, 0.0, 0.0, 0.0, 0.0, 0.0, 0.0, 0.0, 0.0, 0.0, 0.0, 0.0, 0.0, 0.0, 0.0, 0.0, 0.0, 0.0, 0.0, 0.0, 0.0, 0.0, 0.0, 0.0, 0.0, 0.0, 0.0, 0.0, 0.0, 0.0, 0.0, 0.0, 0.0, 0.0, 0.0, 0.0, 0.0, 0.0, 0.0, 0.0, 0.0, 0.0, 0.0, 0.0, 0.0, 0.0, 0.0, 0.0, 0.0, 0.0, 0.0, 0.0, 0.0, 0.0, 0.0, 0.0, 0.0, 0.0, 0.0, 0.0, 0.0, 0.0, 0.0, 0.0, 0.0, 0.0, 0.0, 0.0, 0.0, 0.0, 0.0, 0.0, 0.0, 0.0, 0.0, 0.0, 0.0, 0.0, 0.0, 0.0, 0.0, 0.0, 0.0, 0.0, 0.0, 0.0, 0.0, 0.0, 0.0, 0.0, 0.0, 0.0, 0.0, 0.0, 0.0, 0.0, 0.0, 0.0, 0.0, 0.0, 0.0, 0.0, 0.0, 0.0, 0.0, 0.0, 0.0, 0.0, 0.0, 0.0, 0.0, 0.0, 0.0, 0.0, 0.0, 0.0, 0.0, 0.0, 0.0, 0.0, 0.0, 0.0, 0.0, 0.0, 0.0, 0.0, 0.0, 0.0, 0.0, 0.0, 0.0, 0.0, 0.0, 0.0, 0.0, 0.0, 0.0, 0.0, 0.0, 0.0, 0.0, 0.0, 0.0, 0.0, 0.0, 0.0, 0.0, 0.0, 0.0, 0.0, 0.0, 0.0, 0.0, 0.0, 0.0, 0.0, 0.0, 0.0, 0.0, 0.0, 0.0, 0.0, 0.0, 0.0, 0.0, 0.0, 0.0, 0.0, 0.0, 0.0, 0.0, 0.0, 0.0, 0.0, 0.0, 0.0, 0.0, 0.0, 0.0, 0.0, 0.0, 0.0, 0.0, 0.0, 0.0, 0.0, 0.0, 0.0, 0.0, 0.0]
w_await
[494.78, 612.51, 646.98, 614.29, 979.99, 606.59, 706.01, 737.09, 570.95, 863.55, 570.5, 1152.2, 737.41, 2613.82, 3765.33, 4474.12, 5899.5, 3556.71, 5517.78, 7241.68, 9312.22, 4667.0, 555.61, 478.53, 773.86, 711.29, 2489.04, 0.0, 6643.71, 0.0, 11400.19, 12196.14, 13198.0, 0.0, 14034.2, 14094.0, 0.0, 0.0, 0.0, 0.0, 24634.0, 0.0, 28156.0, 0.0, 0.0, 29692.8, 0.0, 0.0, 0.0, 0.0, 0.0, 0.0, 0.0, 0.0, 0.0, 0.0, 0.0, 0.0, 0.0, 0.0, 0.0, 0.0, 0.0, 35823.08, 0.0, 0.0, 0.0, 0.0, 0.0, 0.0, 0.0, 50640.4, 0.0, 0.0, 0.0, 0.0, 61950.0, 0.0, 0.0, 0.0, 69349.36, 17293.66, 0.0, 0.0, 0.0, 8099.2, 0.0, 0.0, 0.0, 0.0, 18848.0, 0.0, 0.0, 0.0, 0.0, 0.0, 30012.0, 0.0, 0.0, 36587.26, 0.0, 41244.0, 0.0, 0.0, 0.0, 0.0, 0.0, 40707.56, 0.0, 0.0, 0.0, 7995.65, 0.0, 0.0, 0.0, 0.0, 19380.67, 19504.33, 0.0, 0.0, 0.0, 0.0, 30815.0, 0.0, 0.0, 0.0, 0.0, 0.0, 42098.0, 0.0, 0.0, 0.0, 0.0, 53170.67, 0.0, 0.0, 0.0, 0.0, 0.0, 64416.0, 0.0, 0.0, 0.0, 0.0, 0.0, 75948.0, 0.0, 0.0, 0.0, 0.0, 87352.0, 0.0, 0.0, 0.0, 0.0, 0.0, 99034.94, 92116.08, 758.33, 618.36, 0.0, 0.0, 0.0, 0.0, 0.0, 13032.73, 0.0, 0.0, 0.0, 0.0, 0.0, 0.0, 0.0, 0.0, 0.0, 0.0, 0.0, 36014.0, 0.0, 0.0, 0.0, 0.0, 0.0, 0.0, 0.0, 0.0, 0.0, 0.0, 58218.67, 0.0, 0.0, 0.0, 0.0, 0.0, 0.0, 0.0, 0.0, 0.0, 0.0, 80439.54, 0.0, 0.0, 0.0, 0.0, 0.0, 0.0, 0.0, 0.0, 0.0, 0.0, 103124.0, 0.0, 0.0, 0.0, 0.0, 0.0, 0.0, 0.0, 0.0, 0.0, 0.0, 125100.8, 0.0, 0.0, 0.0, 0.0, 0.0, 0.0, 0.0, 0.0, 0.0, 0.0, 146704.0, 0.0, 0.0, 0.0, 0.0, 0.0, 0.0, 0.0, 0.0, 0.0, 0.0, 168644.0, 0.0, 0.0, 0.0, 0.0, 0.0, 0.0, 0.0, 0.0, 0.0, 0.0, 0.0, 0.0, 193492.8, 0.0, 0.0, 0.0, 0.0, 0.0, 0.0, 0.0, 0.0, 0.0, 0.0, 216351.59, 71677.33, 3334.49, 3858.29, 2327.07, 736.37, 1811.22, 2274.46, 2157.23, 2251.81, 1490.11]
