13 datos recogidos

cpu data:

user
[0.66, 0.0, 0.0, 0.0, 0.0, 0.58, 0.0, 0.0, 0.0, 0.0, 0.0, 0.65, 0.0]
nice
[0.0, 0.0, 0.0, 0.0, 0.0, 0.0, 0.71, 0.0, 0.0, 0.0, 0.0, 0.0, 0.0]
system
[37.75, 18.44, 8.67, 24.66, 10.2, 25.43, 12.14, 25.0, 16.42, 14.81, 27.65, 7.79, 4.62]
iowait
[61.59, 81.56, 91.33, 75.34, 89.8, 73.99, 87.14, 75.0, 83.58, 85.19, 72.35, 91.56, 95.38]
steal
[0.0, 0.0, 0.0, 0.0, 0.0, 0.0, 0.0, 0.0, 0.0, 0.0, 0.0, 0.0, 0.0]
idle
[0.0, 0.0, 0.0, 0.0, 0.0, 0.0, 0.0, 0.0, 0.0, 0.0, 0.0, 0.0, 0.0]

sda data:

util
[116.82, 141.84, 115.61, 136.99, 136.05, 115.61, 142.86, 121.95, 149.25, 148.15, 117.65, 129.87, 115.61]
r_await
[46.67, 16.0, 195.82, 187.1, 173.89, 160.0, 159.33, 64.0, 72.0, 0.0, 82.0, 155.24, 169.16]
avgqusz
[89.17, 111.23, 72.71, 104.86, 106.99, 68.68, 107.79, 66.98, 110.73, 102.02, 61.72, 106.07, 73.49]
await
[561.33, 787.55, 821.67, 590.39, 793.52, 699.09, 791.89, 654.53, 657.98, 714.88, 509.41, 694.89, 912.5]
rMB
[0.02, 0.0, 0.69, 0.58, 0.67, 0.14, 0.02, 0.0, 0.0, 0.0, 0.25, 1.57, 0.77]
svctm
[10.14, 10.15, 10.05, 9.71, 10.42, 11.05, 10.58, 10.1, 10.0, 10.15, 10.53, 9.39, 10.81]
r
[3.97, 0.71, 25.43, 21.23, 25.85, 4.05, 4.29, 0.61, 0.75, 0.0, 9.41, 54.55, 17.92]
wrqm
[132.45, 112.77, 7.51, 4.11, 19.05, 41.04, 45.0, 12.2, 400.75, 5.19, 0.59, 0.0, 9.83]
w
[111.26, 139.01, 89.6, 119.86, 104.76, 100.58, 130.71, 120.12, 148.51, 145.93, 102.35, 83.77, 89.02]
avgrqsz
[927.72, 987.49, 728.32, 820.5, 806.04, 933.97, 926.01, 940.12, 969.2, 992.81, 901.56, 627.08, 834.85]
wMB
[52.18, 67.36, 40.22, 55.94, 50.74, 47.57, 61.02, 55.42, 70.63, 70.74, 48.95, 40.78, 42.82]
rrqm
[0.0, 0.0, 0.0, 0.0, 0.0, 4.05, 0.0, 0.0, 0.0, 0.0, 0.0, 0.0, 0.0]
w_await
[579.71, 791.49, 999.33, 661.83, 946.42, 720.78, 812.63, 657.52, 660.92, 714.88, 548.71, 1046.29, 1062.13]
