38 datos recogidos

cpu data:

user
[0.0, 0.0, 0.0, 0.0, 0.51, 0.51, 0.52, 0.51, 1.01, 0.0, 0.0, 0.51, 0.0, 0.0, 0.0, 0.0, 0.51, 0.52, 0.0, 0.51, 0.0, 0.51, 0.52, 0.0, 0.51, 0.52, 0.0, 0.0, 0.0, 0.0, 0.52, 0.0, 0.0, 0.0, 0.0, 0.0, 0.53, 0.0]
nice
[0.0, 0.0, 0.0, 0.0, 0.0, 0.0, 0.0, 0.0, 0.0, 0.51, 0.0, 0.0, 0.0, 0.0, 0.0, 0.0, 0.0, 0.0, 0.0, 0.0, 0.0, 0.0, 0.0, 0.0, 0.0, 0.0, 0.0, 0.0, 0.0, 0.51, 0.0, 0.0, 0.0, 0.0, 0.0, 0.0, 0.0, 0.0]
system
[23.62, 17.86, 18.27, 20.0, 19.49, 16.33, 14.95, 15.74, 16.16, 15.9, 17.35, 17.77, 15.9, 16.33, 15.38, 17.26, 16.24, 17.62, 15.54, 18.78, 16.92, 17.26, 17.1, 15.38, 19.29, 15.98, 17.86, 16.49, 15.9, 18.78, 17.53, 16.15, 13.98, 17.8, 15.59, 12.57, 14.89, 6.52]
iowait
[76.38, 82.14, 81.73, 80.0, 80.0, 83.16, 84.54, 83.76, 82.83, 83.59, 82.65, 81.73, 84.1, 83.67, 84.62, 82.74, 83.25, 81.87, 84.46, 80.71, 83.08, 82.23, 82.38, 84.62, 80.2, 83.51, 82.14, 83.51, 84.1, 80.71, 81.96, 83.85, 86.02, 82.2, 84.41, 87.43, 84.57, 93.48]
steal
[0.0, 0.0, 0.0, 0.0, 0.0, 0.0, 0.0, 0.0, 0.0, 0.0, 0.0, 0.0, 0.0, 0.0, 0.0, 0.0, 0.0, 0.0, 0.0, 0.0, 0.0, 0.0, 0.0, 0.0, 0.0, 0.0, 0.0, 0.0, 0.0, 0.0, 0.0, 0.0, 0.0, 0.0, 0.0, 0.0, 0.0, 0.0]
idle
[0.0, 0.0, 0.0, 0.0, 0.0, 0.0, 0.0, 0.0, 0.0, 0.0, 0.0, 0.0, 0.0, 0.0, 0.0, 0.0, 0.0, 0.0, 0.0, 0.0, 0.0, 0.0, 0.0, 0.0, 0.0, 0.0, 0.0, 0.0, 0.0, 0.0, 0.0, 0.0, 0.0, 0.0, 0.0, 0.0, 0.0, 0.0]

sdb data:

util
[90.65, 102.04, 101.52, 102.56, 102.56, 102.04, 103.09, 101.52, 101.01, 102.56, 102.04, 101.52, 102.56, 102.04, 102.56, 101.52, 101.52, 103.63, 103.63, 101.52, 102.56, 101.52, 103.63, 102.56, 101.52, 103.09, 102.04, 103.09, 102.56, 101.52, 103.09, 104.38, 107.31, 104.71, 107.53, 104.71, 106.38, 108.91]
r_await
[41.83, 62.56, 63.48, 60.62, 59.2, 65.57, 68.6, 74.6, 66.55, 69.33, 64.0, 62.26, 72.76, 73.45, 68.57, 63.64, 72.57, 63.2, 62.48, 62.43, 60.36, 64.18, 60.83, 68.76, 66.83, 67.83, 67.82, 54.96, 69.45, 65.0, 62.5, 39.27, 47.17, 47.67, 39.3, 71.16, 41.8, 28.53]
avgqusz
[86.16, 101.61, 131.89, 148.13, 133.59, 141.64, 131.59, 122.49, 137.83, 131.45, 138.66, 135.46, 132.59, 133.48, 132.85, 124.1, 146.68, 144.79, 137.7, 146.59, 133.19, 141.99, 144.94, 139.76, 136.9, 127.93, 140.56, 147.28, 134.32, 141.72, 144.41, 140.21, 155.36, 150.6, 153.77, 151.68, 152.94, 155.91]
await
[318.19, 498.87, 557.28, 639.77, 584.77, 648.27, 653.06, 631.02, 670.05, 669.87, 618.21, 665.15, 635.97, 691.79, 648.57, 598.48, 689.96, 680.03, 620.03, 701.42, 677.28, 642.32, 684.47, 633.9, 666.16, 592.4, 648.43, 682.46, 654.34, 647.5, 669.24, 613.78, 676.25, 677.54, 597.5, 773.07, 645.33, 601.16]
rMB
[0.01, 0.01, 0.01, 0.01, 0.01, 0.01, 0.01, 0.0, 0.01, 0.01, 0.01, 0.01, 0.01, 0.01, 0.01, 0.01, 0.01, 0.01, 0.01, 0.01, 0.01, 0.01, 0.01, 0.01, 0.01, 0.01, 0.01, 0.01, 0.01, 0.01, 0.01, 0.01, 0.01, 0.01, 0.01, 0.0, 0.01, 0.0]
svctm
[4.8, 4.72, 4.54, 4.42, 4.3, 4.78, 5.12, 5.26, 5.0, 5.05, 4.82, 4.66, 5.15, 5.33, 4.91, 4.75, 5.06, 4.73, 4.98, 4.82, 4.75, 4.89, 4.67, 4.85, 4.82, 4.83, 4.88, 4.68, 5.09, 4.67, 4.51, 4.92, 4.58, 4.68, 4.04, 5.49, 4.42, 4.11]
r
[17.59, 12.76, 11.68, 13.33, 12.82, 11.73, 10.31, 10.15, 11.11, 10.77, 11.73, 11.68, 10.77, 11.22, 10.77, 11.17, 10.66, 12.95, 10.88, 11.68, 11.28, 11.17, 12.44, 10.77, 12.18, 11.86, 11.22, 11.86, 11.28, 12.18, 12.37, 11.46, 12.9, 12.57, 12.37, 9.95, 10.64, 8.15]
wrqm
[22.61, 39.8, 26.4, 2.56, 48.72, 14.29, 32.99, 26.9, 17.17, 20.51, 22.96, 27.41, 20.0, 12.76, 39.49, 24.87, 0.0, 0.52, 64.77, 1.02, 53.85, 1.52, 44.56, 16.92, 24.37, 29.38, 21.43, 0.0, 49.74, 14.72, 1.03, 70.83, 3.76, 2.62, 80.11, 23.56, 24.47, 19.02]
w
[171.36, 203.57, 212.18, 218.97, 225.64, 201.53, 191.24, 182.74, 190.91, 192.31, 200.0, 206.09, 188.21, 180.1, 197.95, 202.54, 189.85, 206.22, 197.41, 198.98, 204.62, 196.45, 209.33, 200.51, 198.48, 201.55, 197.96, 208.25, 190.26, 205.08, 215.98, 200.52, 221.51, 210.99, 253.76, 180.63, 230.32, 257.07]
avgrqsz
[213.51, 221.94, 220.2, 223.27, 222.54, 221.25, 217.7, 220.26, 226.34, 222.21, 221.11, 224.31, 224.12, 219.39, 223.64, 219.55, 221.23, 221.09, 225.52, 221.35, 222.97, 221.73, 224.36, 222.71, 217.34, 224.52, 220.54, 223.71, 225.36, 223.75, 224.92, 221.49, 213.04, 221.15, 194.26, 191.35, 197.94, 194.03]
wMB
[19.69, 23.44, 24.06, 25.32, 25.91, 23.03, 21.42, 20.74, 22.32, 22.03, 22.85, 23.85, 21.77, 20.49, 22.79, 22.9, 21.65, 23.65, 22.93, 22.76, 23.5, 22.47, 24.29, 22.97, 22.35, 23.39, 22.52, 24.04, 22.17, 23.73, 25.07, 22.92, 24.38, 24.13, 25.24, 17.8, 23.28, 25.12]
rrqm
[0.0, 0.0, 0.0, 0.0, 0.0, 0.0, 0.0, 0.0, 0.0, 0.0, 0.0, 0.0, 0.0, 0.0, 0.0, 0.0, 0.0, 0.0, 0.0, 0.0, 0.0, 0.0, 0.0, 0.0, 0.0, 0.0, 0.0, 0.0, 0.0, 0.0, 0.0, 0.0, 0.0, 0.0, 0.0, 0.0, 0.0, 0.0]
w_await
[346.56, 526.21, 584.45, 675.04, 614.63, 682.2, 684.57, 661.93, 705.17, 703.5, 650.72, 699.3, 668.2, 730.32, 680.12, 627.97, 724.63, 718.77, 650.76, 738.91, 711.3, 675.18, 721.51, 664.26, 702.95, 623.25, 681.35, 718.19, 689.02, 682.1, 703.99, 646.61, 712.89, 715.05, 624.7, 811.72, 673.21, 619.32]
