164 datos recogidos

cpu data:

user
[0.51, 0.0, 0.53, 0.53, 0.0, 0.0, 0.0, 0.0, 0.0, 0.0, 0.0, 0.0, 0.0, 0.0, 0.0, 0.0, 0.0, 0.0, 0.0, 0.0, 0.0, 0.0, 0.0, 0.0, 0.53, 0.0, 0.0, 0.0, 0.0, 0.0, 0.53, 0.0, 0.0, 0.0, 0.0, 0.0, 0.0, 0.0, 0.0, 0.0, 0.0, 0.0, 0.0, 0.0, 0.0, 0.0, 0.0, 0.0, 0.0, 0.0, 0.0, 0.0, 0.0, 0.0, 0.0, 0.5, 0.0, 0.0, 0.0, 0.0, 0.0, 0.0, 0.0, 0.52, 0.0, 0.0, 0.0, 0.0, 0.53, 0.0, 0.0, 0.5, 0.0, 0.0, 0.0, 0.0, 0.0, 0.0, 0.0, 0.0, 0.0, 0.0, 0.51, 0.0, 0.0, 0.0, 0.0, 0.0, 0.0, 0.0, 0.0, 0.0, 0.0, 0.0, 0.0, 0.0, 5.98, 0.0, 0.0, 0.0, 0.0, 0.0, 0.0, 0.0, 0.0, 0.0, 0.0, 0.0, 0.0, 0.0, 0.0, 0.54, 0.0, 0.0, 0.0, 0.0, 0.0, 0.0, 0.0, 0.0, 0.0, 0.0, 0.0, 0.0, 0.0, 0.0, 0.0, 0.0, 0.51, 0.0, 0.0, 0.0, 0.53, 0.0, 0.0, 0.0, 0.0, 0.0, 0.52, 0.0, 0.0, 0.0, 0.0, 0.0, 0.0, 0.0, 0.0, 0.0, 0.0, 0.0, 0.0, 0.0, 0.0, 0.0, 0.0, 0.0, 0.0, 0.0, 0.0, 0.0, 0.0, 0.0, 0.0, 0.0]
nice
[0.0, 0.0, 0.0, 0.0, 0.0, 0.0, 0.0, 0.0, 0.0, 0.0, 0.0, 0.0, 0.0, 0.0, 0.0, 0.0, 0.0, 0.0, 0.0, 0.5, 0.0, 0.0, 0.0, 0.0, 0.0, 0.0, 0.0, 0.0, 0.0, 0.0, 0.0, 0.0, 0.0, 0.0, 0.0, 0.0, 0.0, 0.0, 0.0, 0.0, 0.0, 0.0, 0.0, 0.0, 0.0, 0.0, 0.0, 0.0, 7.33, 0.0, 0.0, 0.0, 0.0, 0.0, 0.0, 0.0, 0.0, 0.0, 0.0, 0.5, 0.0, 0.0, 0.0, 0.0, 0.0, 0.0, 0.0, 0.0, 0.0, 0.54, 0.0, 0.0, 0.0, 0.0, 0.0, 0.0, 0.0, 0.0, 0.0, 0.0, 0.0, 0.0, 0.0, 0.0, 0.0, 0.0, 0.0, 0.0, 0.0, 0.53, 0.0, 0.0, 0.0, 0.0, 0.0, 0.0, 0.0, 0.0, 0.0, 0.53, 0.0, 0.0, 0.0, 0.0, 0.0, 0.0, 0.0, 0.0, 0.0, 0.0, 0.0, 0.0, 0.0, 0.0, 0.0, 0.0, 0.0, 0.0, 0.0, 0.0, 0.0, 0.0, 0.0, 0.0, 0.0, 0.0, 0.0, 0.0, 0.0, 0.54, 0.0, 0.0, 0.0, 0.0, 0.0, 0.0, 0.0, 0.0, 0.0, 0.0, 0.0, 0.0, 0.0, 0.0, 0.0, 0.0, 0.0, 0.0, 0.0, 0.52, 0.0, 0.0, 0.0, 0.0, 0.0, 0.0, 0.0, 0.0, 0.0, 0.53, 0.0, 0.0, 0.0, 0.0]
system
[11.17, 7.41, 1.06, 1.6, 0.0, 3.72, 1.62, 1.6, 0.5, 3.85, 2.15, 1.04, 3.08, 1.09, 1.07, 0.0, 4.76, 1.6, 0.54, 0.5, 4.26, 0.54, 1.6, 0.0, 4.21, 1.08, 1.08, 0.0, 3.17, 1.61, 0.53, 2.0, 2.16, 0.0, 1.04, 0.51, 5.95, 1.07, 0.53, 3.14, 1.08, 0.54, 0.0, 4.23, 0.54, 0.53, 2.56, 1.06, 0.52, 0.0, 0.0, 0.0, 0.0, 0.0, 0.0, 0.0, 0.0, 0.0, 0.0, 0.5, 0.0, 3.78, 0.54, 1.04, 5.1, 1.08, 0.53, 0.0, 4.21, 1.08, 1.06, 0.0, 5.35, 1.07, 0.0, 3.59, 1.6, 0.54, 0.51, 4.57, 2.15, 1.07, 1.02, 5.67, 1.59, 0.52, 0.0, 4.12, 1.61, 1.07, 0.5, 5.35, 1.6, 0.52, 5.05, 0.54, 4.89, 0.52, 5.18, 1.06, 0.54, 0.0, 6.09, 0.53, 0.53, 0.0, 5.08, 0.0, 1.07, 0.51, 0.0, 5.38, 1.6, 0.0, 5.67, 1.08, 0.0, 0.0, 7.49, 1.08, 0.52, 4.12, 1.07, 1.07, 0.51, 5.73, 0.0, 1.6, 0.0, 4.84, 1.07, 0.0, 2.66, 1.6, 0.54, 0.0, 6.25, 1.08, 1.56, 3.12, 1.08, 1.07, 0.0, 7.29, 1.08, 1.05, 4.08, 1.61, 1.07, 0.52, 5.67, 1.08, 1.08, 0.0, 5.79, 0.54, 0.0, 5.32, 1.07, 1.07, 3.03, 1.08, 1.08, 0.52]
iowait
[88.32, 92.59, 98.41, 97.87, 100.0, 96.28, 98.38, 98.4, 99.5, 96.15, 97.85, 98.96, 96.92, 98.91, 98.93, 100.0, 95.24, 98.4, 99.46, 99.0, 95.74, 99.46, 98.4, 100.0, 95.26, 98.92, 98.92, 100.0, 96.83, 98.39, 98.93, 98.0, 97.84, 100.0, 98.96, 99.49, 94.05, 98.93, 99.47, 96.86, 98.92, 99.46, 100.0, 95.77, 99.46, 99.47, 97.44, 98.94, 92.15, 100.0, 100.0, 100.0, 100.0, 100.0, 100.0, 99.5, 100.0, 100.0, 100.0, 99.0, 100.0, 96.22, 99.46, 98.45, 94.9, 98.92, 99.47, 100.0, 95.26, 98.39, 98.94, 99.5, 94.65, 98.93, 100.0, 96.41, 98.4, 99.46, 99.49, 95.43, 97.85, 98.93, 98.47, 94.33, 98.41, 99.48, 100.0, 95.88, 98.39, 98.4, 99.5, 94.65, 98.4, 99.48, 94.95, 99.46, 89.13, 99.48, 94.82, 98.41, 99.46, 100.0, 93.91, 99.47, 99.47, 100.0, 94.92, 100.0, 98.93, 99.49, 100.0, 94.09, 98.4, 100.0, 94.33, 98.92, 100.0, 100.0, 92.51, 98.92, 99.48, 95.88, 98.93, 98.93, 99.49, 94.27, 100.0, 98.4, 99.49, 94.62, 98.93, 100.0, 96.81, 98.4, 99.46, 100.0, 93.75, 98.92, 97.92, 96.88, 98.92, 98.93, 100.0, 92.71, 98.92, 98.95, 95.92, 98.39, 98.93, 98.97, 94.33, 98.92, 98.92, 100.0, 94.21, 99.46, 100.0, 94.68, 98.93, 98.4, 96.97, 98.92, 98.92, 99.48]
steal
[0.0, 0.0, 0.0, 0.0, 0.0, 0.0, 0.0, 0.0, 0.0, 0.0, 0.0, 0.0, 0.0, 0.0, 0.0, 0.0, 0.0, 0.0, 0.0, 0.0, 0.0, 0.0, 0.0, 0.0, 0.0, 0.0, 0.0, 0.0, 0.0, 0.0, 0.0, 0.0, 0.0, 0.0, 0.0, 0.0, 0.0, 0.0, 0.0, 0.0, 0.0, 0.0, 0.0, 0.0, 0.0, 0.0, 0.0, 0.0, 0.0, 0.0, 0.0, 0.0, 0.0, 0.0, 0.0, 0.0, 0.0, 0.0, 0.0, 0.0, 0.0, 0.0, 0.0, 0.0, 0.0, 0.0, 0.0, 0.0, 0.0, 0.0, 0.0, 0.0, 0.0, 0.0, 0.0, 0.0, 0.0, 0.0, 0.0, 0.0, 0.0, 0.0, 0.0, 0.0, 0.0, 0.0, 0.0, 0.0, 0.0, 0.0, 0.0, 0.0, 0.0, 0.0, 0.0, 0.0, 0.0, 0.0, 0.0, 0.0, 0.0, 0.0, 0.0, 0.0, 0.0, 0.0, 0.0, 0.0, 0.0, 0.0, 0.0, 0.0, 0.0, 0.0, 0.0, 0.0, 0.0, 0.0, 0.0, 0.0, 0.0, 0.0, 0.0, 0.0, 0.0, 0.0, 0.0, 0.0, 0.0, 0.0, 0.0, 0.0, 0.0, 0.0, 0.0, 0.0, 0.0, 0.0, 0.0, 0.0, 0.0, 0.0, 0.0, 0.0, 0.0, 0.0, 0.0, 0.0, 0.0, 0.0, 0.0, 0.0, 0.0, 0.0, 0.0, 0.0, 0.0, 0.0, 0.0, 0.0, 0.0, 0.0, 0.0, 0.0]
idle
[0.0, 0.0, 0.0, 0.0, 0.0, 0.0, 0.0, 0.0, 0.0, 0.0, 0.0, 0.0, 0.0, 0.0, 0.0, 0.0, 0.0, 0.0, 0.0, 0.0, 0.0, 0.0, 0.0, 0.0, 0.0, 0.0, 0.0, 0.0, 0.0, 0.0, 0.0, 0.0, 0.0, 0.0, 0.0, 0.0, 0.0, 0.0, 0.0, 0.0, 0.0, 0.0, 0.0, 0.0, 0.0, 0.0, 0.0, 0.0, 0.0, 0.0, 0.0, 0.0, 0.0, 0.0, 0.0, 0.0, 0.0, 0.0, 0.0, 0.0, 0.0, 0.0, 0.0, 0.0, 0.0, 0.0, 0.0, 0.0, 0.0, 0.0, 0.0, 0.0, 0.0, 0.0, 0.0, 0.0, 0.0, 0.0, 0.0, 0.0, 0.0, 0.0, 0.0, 0.0, 0.0, 0.0, 0.0, 0.0, 0.0, 0.0, 0.0, 0.0, 0.0, 0.0, 0.0, 0.0, 0.0, 0.0, 0.0, 0.0, 0.0, 0.0, 0.0, 0.0, 0.0, 0.0, 0.0, 0.0, 0.0, 0.0, 0.0, 0.0, 0.0, 0.0, 0.0, 0.0, 0.0, 0.0, 0.0, 0.0, 0.0, 0.0, 0.0, 0.0, 0.0, 0.0, 0.0, 0.0, 0.0, 0.0, 0.0, 0.0, 0.0, 0.0, 0.0, 0.0, 0.0, 0.0, 0.0, 0.0, 0.0, 0.0, 0.0, 0.0, 0.0, 0.0, 0.0, 0.0, 0.0, 0.0, 0.0, 0.0, 0.0, 0.0, 0.0, 0.0, 0.0, 0.0, 0.0, 0.0, 0.0, 0.0, 0.0, 0.0]

sda data:

util
[92.18, 105.82, 105.82, 106.38, 103.09, 106.38, 108.11, 106.95, 100.5, 109.89, 107.53, 104.17, 102.56, 108.7, 106.95, 102.04, 105.82, 106.95, 107.53, 99.5, 106.38, 108.7, 106.95, 101.52, 105.26, 107.53, 107.53, 102.77, 105.82, 107.53, 106.95, 100.0, 108.11, 108.7, 104.17, 101.01, 108.11, 106.95, 105.82, 104.71, 107.53, 108.11, 101.52, 105.82, 108.11, 106.38, 102.56, 105.82, 104.71, 100.5, 100.0, 100.5, 100.0, 100.5, 100.0, 100.0, 100.0, 100.0, 100.5, 99.5, 101.01, 108.11, 107.53, 103.63, 102.04, 107.53, 106.95, 103.09, 105.26, 107.53, 106.38, 100.5, 106.95, 106.95, 104.71, 102.56, 106.95, 108.11, 101.73, 101.12, 107.53, 106.95, 102.04, 103.09, 105.82, 104.71, 102.04, 103.09, 107.53, 106.95, 100.5, 106.95, 106.95, 104.71, 101.01, 108.7, 108.7, 103.09, 103.63, 105.82, 107.53, 101.52, 101.52, 106.38, 106.95, 102.56, 101.52, 107.53, 106.95, 101.52, 101.01, 107.53, 106.38, 103.09, 103.09, 107.53, 106.38, 100.5, 106.95, 107.53, 104.71, 103.09, 107.17, 106.95, 102.56, 104.17, 108.11, 106.38, 101.01, 107.53, 106.95, 105.26, 106.38, 106.38, 107.53, 102.04, 104.17, 108.11, 104.17, 104.17, 107.53, 106.95, 101.01, 104.17, 107.53, 105.26, 101.84, 107.53, 106.95, 103.09, 103.09, 107.53, 107.53, 102.56, 105.26, 108.11, 102.56, 106.38, 106.95, 106.95, 101.01, 108.11, 107.53, 104.17]
r_await
[0.0, 0.0, 0.0, 0.0, 0.0, 0.0, 0.0, 0.0, 0.0, 0.0, 0.0, 0.0, 0.0, 0.0, 0.0, 0.0, 0.0, 0.0, 0.0, 0.0, 0.0, 0.0, 0.0, 0.0, 0.0, 0.0, 0.0, 0.0, 0.0, 0.0, 0.0, 0.0, 0.0, 0.0, 0.0, 0.0, 0.0, 0.0, 0.0, 0.0, 0.0, 0.0, 0.0, 0.0, 0.0, 0.0, 0.0, 0.0, 0.0, 0.0, 0.0, 0.0, 0.0, 0.0, 0.0, 0.0, 0.0, 0.0, 0.0, 0.0, 0.0, 0.0, 0.0, 0.0, 0.0, 0.0, 0.0, 0.0, 0.0, 0.0, 0.0, 0.0, 0.0, 0.0, 0.0, 0.0, 0.0, 0.0, 0.0, 0.0, 0.0, 0.0, 0.0, 0.0, 0.0, 0.0, 0.0, 0.0, 0.0, 0.0, 0.0, 0.0, 0.0, 0.0, 0.0, 0.0, 0.0, 0.0, 0.0, 0.0, 0.0, 0.0, 0.0, 0.0, 0.0, 0.0, 0.0, 0.0, 0.0, 0.0, 0.0, 0.0, 0.0, 0.0, 0.0, 0.0, 0.0, 0.0, 0.0, 0.0, 0.0, 0.0, 0.0, 0.0, 0.0, 0.0, 0.0, 0.0, 0.0, 0.0, 0.0, 0.0, 0.0, 0.0, 0.0, 0.0, 0.0, 0.0, 256.0, 0.0, 248.0, 0.0, 0.0, 0.0, 0.0, 0.0, 0.0, 0.0, 0.0, 0.0, 0.0, 0.0, 0.0, 0.0, 0.0, 0.0, 0.0, 0.0, 0.0, 0.0, 0.0, 0.0, 0.0, 0.0]
avgqusz
[116.99, 80.73, 152.86, 151.76, 111.21, 106.59, 154.24, 153.89, 66.71, 155.19, 154.85, 139.83, 73.58, 156.82, 153.66, 111.51, 102.75, 153.43, 152.15, 84.0, 104.27, 157.25, 154.7, 108.41, 102.22, 154.01, 154.92, 120.16, 118.39, 153.98, 154.11, 90.68, 155.96, 156.86, 149.88, 74.26, 156.4, 154.2, 152.92, 134.43, 154.83, 156.11, 112.82, 113.4, 155.24, 152.44, 146.11, 150.67, 157.83, 153.77, 153.0, 153.77, 153.0, 153.77, 153.0, 153.0, 153.0, 153.0, 153.77, 149.67, 65.94, 153.03, 154.91, 141.04, 66.57, 153.01, 152.45, 115.98, 93.83, 154.47, 151.87, 72.03, 139.22, 152.02, 133.23, 72.98, 153.6, 154.55, 114.23, 40.71, 124.53, 152.99, 129.59, 73.86, 153.53, 149.54, 122.0, 59.48, 96.29, 152.87, 92.86, 120.53, 153.06, 146.39, 59.63, 91.89, 155.0, 116.45, 72.63, 152.43, 152.21, 132.16, 68.04, 153.8, 152.83, 137.04, 72.95, 153.92, 153.36, 137.44, 69.62, 143.44, 150.77, 129.76, 82.16, 152.34, 151.52, 72.85, 143.36, 154.35, 141.06, 71.84, 153.48, 153.17, 122.94, 88.04, 154.73, 151.17, 91.91, 151.49, 153.97, 140.37, 133.57, 153.31, 155.13, 103.49, 106.71, 153.9, 141.75, 118.18, 154.38, 154.32, 122.75, 82.1, 153.27, 145.16, 70.81, 155.38, 153.29, 137.81, 87.01, 153.14, 155.44, 102.2, 111.57, 155.45, 107.49, 106.99, 154.64, 153.77, 86.65, 156.39, 154.64, 134.28]
await
[916.97, 1546.24, 1606.17, 2170.66, 2109.26, 1409.43, 1926.8, 1971.35, 2506.35, 791.56, 946.14, 2478.57, 2935.91, 443.53, 3308.47, 2045.08, 1361.54, 1834.09, 2235.42, 2150.42, 1489.17, 1135.94, 1199.11, 4409.74, 1248.53, 1724.26, 1723.6, 2774.59, 1928.86, 1999.91, 2181.86, 2297.8, 800.18, 2073.98, 2814.59, 2565.66, 1099.72, 2118.95, 2354.0, 2405.7, 1823.17, 1703.14, 2584.25, 1892.0, 2028.8, 2578.36, 2307.63, 2065.97, 4403.68, 0.0, 0.0, 0.0, 0.0, 0.0, 0.0, 0.0, 0.0, 0.0, 0.0, 24548.62, 25229.78, 875.91, 1810.79, 2477.06, 2206.52, 1175.89, 1338.93, 3351.45, 1495.16, 1548.25, 1774.43, 2876.19, 1030.32, 1298.98, 3286.58, 1775.49, 1431.88, 2250.26, 2239.43, 2740.64, 686.75, 1836.87, 1839.23, 2306.25, 1341.78, 2827.7, 3186.6, 1615.22, 932.84, 1405.14, 2468.87, 1251.6, 1900.25, 2136.7, 2322.0, 598.45, 1437.85, 2247.45, 1910.4, 1733.57, 2182.37, 2417.02, 2770.68, 1377.03, 2404.78, 2265.28, 3140.79, 1469.98, 2234.8, 2740.51, 3415.66, 1071.57, 2195.46, 2120.37, 1597.84, 1692.89, 2088.53, 2171.17, 1058.23, 1431.42, 2680.81, 2104.81, 1099.75, 1267.57, 3354.23, 1478.53, 1787.08, 2229.08, 1960.12, 1606.16, 2055.05, 2373.41, 1443.75, 968.22, 3166.59, 2576.55, 1493.23, 2013.26, 1846.83, 2331.87, 1638.63, 2246.89, 1861.92, 2010.77, 1446.62, 2416.9, 1926.12, 1231.66, 2048.65, 2382.2, 1855.6, 1506.15, 2031.44, 2497.3, 1117.38, 1114.09, 2833.29, 1593.39, 1468.74, 1559.78, 3605.62, 1377.51, 2026.98, 2237.28]
rMB
[0.0, 0.0, 0.0, 0.0, 0.0, 0.0, 0.0, 0.0, 0.0, 0.0, 0.0, 0.0, 0.0, 0.0, 0.0, 0.0, 0.0, 0.0, 0.0, 0.0, 0.0, 0.0, 0.0, 0.0, 0.0, 0.0, 0.0, 0.0, 0.0, 0.0, 0.0, 0.0, 0.0, 0.0, 0.0, 0.0, 0.0, 0.0, 0.0, 0.0, 0.0, 0.0, 0.0, 0.0, 0.0, 0.0, 0.0, 0.0, 0.0, 0.0, 0.0, 0.0, 0.0, 0.0, 0.0, 0.0, 0.0, 0.0, 0.0, 0.0, 0.0, 0.0, 0.0, 0.0, 0.0, 0.0, 0.0, 0.0, 0.0, 0.0, 0.0, 0.0, 0.0, 0.0, 0.0, 0.0, 0.0, 0.0, 0.0, 0.0, 0.0, 0.0, 0.0, 0.0, 0.0, 0.0, 0.0, 0.0, 0.0, 0.0, 0.0, 0.0, 0.0, 0.0, 0.0, 0.0, 0.0, 0.0, 0.0, 0.0, 0.0, 0.0, 0.0, 0.0, 0.0, 0.0, 0.0, 0.0, 0.0, 0.0, 0.0, 0.0, 0.0, 0.0, 0.0, 0.0, 0.0, 0.0, 0.0, 0.0, 0.0, 0.0, 0.0, 0.0, 0.0, 0.0, 0.0, 0.0, 0.0, 0.0, 0.0, 0.0, 0.0, 0.0, 0.0, 0.0, 0.0, 0.0, 0.0, 0.0, 0.0, 0.0, 0.0, 0.0, 0.0, 0.0, 0.0, 0.0, 0.0, 0.0, 0.0, 0.0, 0.0, 0.0, 0.0, 0.0, 0.0, 0.0, 0.0, 0.0, 0.0, 0.0, 0.0, 0.0]
svctm
[16.36, 15.75, 15.27, 15.27, 15.75, 15.5, 15.38, 15.5, 15.27, 15.75, 15.5, 15.5, 15.5, 15.62, 15.5, 15.38, 15.38, 15.38, 15.38, 19.23, 16.67, 15.38, 15.27, 17.09, 15.5, 16.13, 15.27, 16.03, 15.87, 15.38, 15.5, 16.95, 15.38, 15.5, 15.62, 15.62, 15.38, 15.5, 15.38, 16.0, 15.38, 15.38, 15.87, 17.09, 17.39, 17.09, 18.52, 16.13, 52.63, 0.0, 0.0, 0.0, 0.0, 0.0, 0.0, 0.0, 0.0, 0.0, 0.0, 76.92, 15.62, 15.62, 15.5, 15.62, 16.13, 17.54, 17.24, 16.13, 15.5, 15.38, 15.38, 15.5, 16.13, 18.18, 15.75, 17.09, 15.5, 15.5, 17.89, 24.59, 15.62, 15.5, 15.38, 16.53, 24.1, 21.74, 16.67, 16.26, 16.13, 15.38, 15.5, 15.38, 15.38, 15.15, 15.87, 15.5, 15.38, 15.27, 21.05, 19.61, 15.38, 23.26, 16.53, 25.64, 15.5, 20.62, 18.87, 16.81, 15.38, 28.17, 18.69, 15.5, 15.87, 15.38, 15.62, 15.38, 15.5, 15.38, 15.5, 15.38, 15.5, 15.62, 15.42, 15.38, 15.27, 15.62, 15.38, 15.38, 15.5, 15.62, 15.38, 15.62, 15.5, 15.38, 15.62, 15.27, 15.75, 15.38, 15.38, 15.75, 15.27, 15.38, 15.5, 15.75, 15.38, 15.5, 15.59, 15.38, 15.5, 15.5, 15.5, 15.38, 15.5, 15.5, 15.38, 15.38, 15.38, 15.75, 15.38, 15.62, 16.53, 15.38, 15.38, 15.62]
r
[0.51, 0.0, 0.0, 0.0, 0.0, 0.0, 0.0, 0.0, 0.0, 0.0, 0.0, 0.0, 0.0, 0.0, 0.0, 0.0, 0.0, 0.0, 0.0, 0.0, 0.0, 0.0, 0.0, 0.0, 0.0, 0.0, 0.0, 0.0, 0.0, 0.0, 0.0, 0.0, 0.0, 0.0, 0.0, 0.0, 0.0, 0.0, 0.0, 0.0, 0.0, 0.0, 0.0, 0.0, 0.0, 0.0, 0.0, 0.0, 0.0, 0.0, 0.0, 0.0, 0.0, 0.0, 0.0, 0.0, 0.0, 0.0, 0.0, 0.0, 0.0, 0.0, 0.0, 0.0, 0.0, 0.0, 0.0, 0.0, 0.0, 0.0, 0.0, 0.0, 0.0, 0.0, 0.0, 0.0, 0.0, 0.0, 0.0, 0.0, 0.0, 0.0, 0.0, 0.0, 0.0, 0.0, 0.0, 0.0, 0.0, 0.0, 0.0, 0.0, 0.0, 0.0, 0.0, 0.0, 0.0, 0.0, 0.0, 0.0, 0.0, 0.0, 0.0, 0.0, 0.0, 0.0, 0.0, 0.0, 0.0, 0.0, 0.0, 0.0, 0.0, 0.0, 0.0, 0.0, 0.0, 0.0, 0.0, 0.0, 0.0, 0.0, 0.0, 0.0, 0.0, 0.0, 0.0, 0.0, 0.0, 0.0, 0.0, 0.0, 0.0, 0.0, 0.0, 0.0, 0.0, 0.0, 0.52, 0.0, 0.54, 0.0, 0.0, 0.0, 0.0, 0.0, 0.0, 0.0, 0.0, 0.0, 0.0, 0.0, 0.0, 0.0, 0.0, 0.0, 0.0, 0.0, 0.0, 0.0, 0.0, 0.0, 0.0, 0.0]
wrqm
[4.57, 0.0, 0.0, 0.0, 3.09, 0.0, 0.0, 0.0, 4.52, 0.0, 0.0, 0.0, 4.1, 0.0, 0.0, 0.0, 4.23, 0.0, 0.0, 3.98, 0.0, 0.0, 0.0, 4.06, 0.0, 0.0, 0.0, 0.0, 4.23, 0.0, 0.0, 3.5, 0.0, 0.0, 0.0, 4.04, 0.0, 0.0, 4.23, 0.0, 0.0, 0.0, 4.06, 0.0, 0.0, 0.0, 3.59, 0.0, 0.0, 0.0, 0.0, 0.0, 0.0, 0.0, 0.0, 0.0, 0.0, 0.0, 0.0, 0.0, 4.04, 0.0, 0.0, 0.0, 4.08, 0.0, 0.0, 0.0, 3.68, 0.54, 0.0, 0.0, 4.28, 0.0, 0.0, 4.1, 0.0, 0.0, 0.0, 5.08, 0.0, 0.0, 0.0, 4.12, 0.0, 0.0, 0.0, 4.64, 0.0, 0.0, 0.0, 4.28, 0.0, 0.52, 3.54, 0.0, 0.0, 0.0, 4.15, 0.0, 0.0, 0.0, 3.55, 0.0, 0.53, 0.0, 4.06, 0.0, 0.0, 0.0, 4.04, 0.0, 0.0, 0.0, 4.12, 0.0, 0.0, 0.0, 4.28, 0.0, 0.0, 4.12, 0.0, 0.0, 0.0, 4.17, 0.0, 0.0, 3.54, 0.0, 0.53, 4.21, 0.0, 0.0, 0.0, 0.0, 4.17, 0.0, 0.0, 4.17, 0.0, 0.0, 0.0, 4.17, 0.0, 3.68, 0.0, 0.54, 0.0, 4.12, 0.0, 0.0, 0.0, 3.59, 0.0, 0.0, 4.1, 0.0, 0.0, 0.0, 3.54, 0.0, 0.0, 3.65]
w
[55.84, 67.2, 69.31, 69.68, 65.46, 68.62, 70.27, 68.98, 65.83, 69.78, 69.35, 67.19, 66.15, 69.57, 68.98, 66.33, 68.78, 69.52, 69.89, 51.74, 63.83, 70.65, 70.05, 59.39, 67.89, 66.67, 70.43, 64.1, 66.67, 69.89, 68.98, 59.0, 70.27, 70.11, 66.67, 64.65, 70.27, 68.98, 68.78, 65.45, 69.89, 70.27, 63.96, 61.9, 62.16, 62.23, 55.38, 65.61, 19.9, 0.0, 0.0, 0.0, 0.0, 0.0, 0.0, 0.0, 0.0, 0.0, 0.0, 12.94, 64.65, 69.19, 69.35, 66.32, 63.27, 61.29, 62.03, 63.92, 67.89, 69.89, 69.15, 64.82, 66.31, 58.82, 66.49, 60.0, 68.98, 69.73, 56.85, 41.12, 68.82, 68.98, 66.33, 62.37, 43.92, 48.17, 61.22, 63.4, 66.67, 69.52, 64.82, 69.52, 69.52, 69.11, 63.64, 70.11, 70.65, 67.53, 49.22, 53.97, 69.89, 43.65, 61.42, 41.49, 68.98, 49.74, 53.81, 63.98, 69.52, 36.04, 54.04, 69.35, 67.02, 67.01, 65.98, 69.89, 68.62, 65.33, 68.98, 69.89, 67.54, 65.98, 69.52, 69.52, 67.18, 66.67, 70.27, 69.15, 65.15, 68.82, 69.52, 67.37, 68.62, 69.15, 68.82, 66.84, 66.15, 70.27, 67.19, 66.15, 69.89, 69.52, 65.15, 66.15, 69.89, 67.89, 65.31, 69.89, 68.98, 66.49, 66.49, 69.89, 69.35, 66.15, 68.42, 70.27, 66.67, 67.55, 69.52, 68.45, 61.11, 70.27, 69.89, 66.67]
avgrqsz
[253.77, 254.49, 256.0, 256.0, 251.97, 252.16, 256.0, 250.23, 248.31, 252.6, 254.02, 253.71, 252.78, 256.0, 250.23, 256.0, 252.55, 254.03, 254.03, 251.0, 250.13, 254.09, 256.0, 253.74, 252.59, 253.55, 252.09, 246.66, 253.27, 256.0, 254.08, 254.24, 255.02, 255.01, 251.06, 252.06, 256.0, 254.08, 253.97, 252.48, 256.0, 254.03, 251.87, 254.43, 254.19, 251.69, 253.63, 249.94, 256.0, 0.0, 0.0, 0.0, 0.0, 0.0, 0.0, 0.0, 0.0, 0.0, 0.0, 256.0, 253.94, 250.94, 256.0, 254.06, 250.32, 251.44, 252.48, 250.97, 249.86, 250.15, 251.02, 249.18, 253.23, 250.55, 250.77, 248.82, 253.15, 252.59, 248.43, 247.31, 245.19, 253.83, 252.12, 246.02, 251.76, 249.04, 252.47, 246.44, 245.42, 251.57, 254.88, 247.57, 252.92, 248.48, 249.14, 248.25, 251.82, 251.48, 248.34, 252.39, 250.95, 254.14, 245.69, 251.28, 252.03, 253.77, 246.79, 250.82, 252.06, 250.93, 253.16, 248.31, 251.94, 250.4, 246.62, 250.28, 251.84, 251.2, 250.17, 252.06, 247.44, 250.25, 251.08, 252.06, 248.98, 246.56, 250.09, 252.37, 251.04, 248.25, 252.06, 249.75, 250.42, 252.06, 251.25, 245.31, 249.64, 252.06, 247.75, 250.58, 249.83, 250.77, 250.85, 249.83, 249.29, 251.84, 248.19, 253.23, 255.63, 253.27, 253.64, 252.06, 256.0, 253.95, 251.2, 250.89, 250.03, 251.59, 252.86, 254.06, 252.3, 252.43, 252.86, 251.12]
wMB
[6.98, 8.35, 8.66, 8.71, 8.05, 8.45, 8.78, 8.43, 7.98, 8.61, 8.6, 8.32, 8.17, 8.7, 8.43, 8.29, 8.48, 8.62, 8.67, 6.34, 7.8, 8.77, 8.76, 7.36, 8.37, 8.25, 8.67, 7.72, 8.24, 8.74, 8.56, 7.32, 8.75, 8.73, 8.17, 7.96, 8.78, 8.56, 8.53, 8.07, 8.74, 8.72, 7.87, 7.69, 7.72, 7.65, 6.86, 8.01, 2.49, 0.0, 0.0, 0.0, 0.0, 0.0, 0.0, 0.0, 0.0, 0.0, 0.0, 1.62, 8.02, 8.48, 8.67, 8.23, 7.73, 7.52, 7.65, 7.83, 8.28, 8.54, 8.48, 7.89, 8.2, 7.2, 8.14, 7.29, 8.53, 8.6, 6.9, 4.97, 8.24, 8.55, 8.17, 7.49, 5.4, 5.86, 7.55, 7.63, 7.99, 8.54, 8.07, 8.4, 8.59, 8.39, 7.74, 8.5, 8.69, 8.29, 5.97, 6.65, 8.56, 5.42, 7.37, 5.09, 8.49, 6.16, 6.48, 7.84, 8.56, 4.42, 6.68, 8.41, 8.24, 8.19, 7.95, 8.54, 8.44, 8.01, 8.43, 8.6, 8.16, 8.06, 8.52, 8.56, 8.17, 8.03, 8.58, 8.52, 7.99, 8.34, 8.56, 8.22, 8.39, 8.51, 8.44, 8.01, 8.06, 8.65, 8.19, 8.09, 8.59, 8.51, 7.98, 8.07, 8.51, 8.35, 7.91, 8.64, 8.61, 8.22, 8.24, 8.6, 8.67, 8.2, 8.39, 8.61, 8.14, 8.3, 8.58, 8.49, 7.53, 8.66, 8.63, 8.17]
rrqm
[0.0, 0.0, 0.0, 0.0, 0.0, 0.0, 0.0, 0.0, 0.0, 0.0, 0.0, 0.0, 0.0, 0.0, 0.0, 0.0, 0.0, 0.0, 0.0, 0.0, 0.0, 0.0, 0.0, 0.0, 0.0, 0.0, 0.0, 0.0, 0.0, 0.0, 0.0, 0.0, 0.0, 0.0, 0.0, 0.0, 0.0, 0.0, 0.0, 0.0, 0.0, 0.0, 0.0, 0.0, 0.0, 0.0, 0.0, 0.0, 0.0, 0.0, 0.0, 0.0, 0.0, 0.0, 0.0, 0.0, 0.0, 0.0, 0.0, 0.0, 0.0, 0.0, 0.0, 0.0, 0.0, 0.0, 0.0, 0.0, 0.0, 0.0, 0.0, 0.0, 0.0, 0.0, 0.0, 0.0, 0.0, 0.0, 0.0, 0.0, 0.0, 0.0, 0.0, 0.0, 0.0, 0.0, 0.0, 0.0, 0.0, 0.0, 0.0, 0.0, 0.0, 0.0, 0.0, 0.0, 0.0, 0.0, 0.0, 0.0, 0.0, 0.0, 0.0, 0.0, 0.0, 0.0, 0.0, 0.0, 0.0, 0.0, 0.0, 0.0, 0.0, 0.0, 0.0, 0.0, 0.0, 0.0, 0.0, 0.0, 0.0, 0.0, 0.0, 0.0, 0.0, 0.0, 0.0, 0.0, 0.0, 0.0, 0.0, 0.0, 0.0, 0.0, 0.0, 0.0, 0.0, 0.0, 0.0, 0.0, 0.0, 0.0, 0.0, 0.0, 0.0, 0.0, 0.0, 0.0, 0.0, 0.0, 0.0, 0.0, 0.0, 0.0, 0.0, 0.0, 0.0, 0.0, 0.0, 0.0, 0.0, 0.0, 0.0, 0.0]
w_await
[925.31, 1546.24, 1606.17, 2170.66, 2109.26, 1409.43, 1926.8, 1971.35, 2506.35, 791.56, 946.14, 2478.57, 2935.91, 443.53, 3308.47, 2045.08, 1361.54, 1834.09, 2235.42, 2150.42, 1489.17, 1135.94, 1199.11, 4409.74, 1248.53, 1724.26, 1723.6, 2774.59, 1928.86, 1999.91, 2181.86, 2297.8, 800.18, 2073.98, 2814.59, 2565.66, 1099.72, 2118.95, 2354.0, 2405.7, 1823.17, 1703.14, 2584.25, 1892.0, 2028.8, 2578.36, 2307.63, 2065.97, 4403.68, 0.0, 0.0, 0.0, 0.0, 0.0, 0.0, 0.0, 0.0, 0.0, 0.0, 24548.62, 25229.78, 875.91, 1810.79, 2477.06, 2206.52, 1175.89, 1338.93, 3351.45, 1495.16, 1548.25, 1774.43, 2876.19, 1030.32, 1298.98, 3286.58, 1775.49, 1431.88, 2250.26, 2239.43, 2740.64, 686.75, 1836.87, 1839.23, 2306.25, 1341.78, 2827.7, 3186.6, 1615.22, 932.84, 1405.14, 2468.87, 1251.6, 1900.25, 2136.7, 2322.0, 598.45, 1437.85, 2247.45, 1910.4, 1733.57, 2182.37, 2417.02, 2770.68, 1377.03, 2404.78, 2265.28, 3140.79, 1469.98, 2234.8, 2740.51, 3415.66, 1071.57, 2195.46, 2120.37, 1597.84, 1692.89, 2088.53, 2171.17, 1058.23, 1431.42, 2680.81, 2104.81, 1099.75, 1267.57, 3354.23, 1478.53, 1787.08, 2229.08, 1960.12, 1606.16, 2055.05, 2373.41, 1443.75, 968.22, 3166.59, 2576.55, 1493.23, 2013.26, 1859.16, 2331.87, 1649.32, 2246.89, 1861.92, 2010.77, 1446.62, 2416.9, 1926.12, 1231.66, 2048.65, 2382.2, 1855.6, 1506.15, 2031.44, 2497.3, 1117.38, 1114.09, 2833.29, 1593.39, 1468.74, 1559.78, 3605.62, 1377.51, 2026.98, 2237.28]
