62 datos recogidos

cpu data:

user
[37.5, 37.5, 36.68, 37.31, 36.68, 37.19, 37.5, 37.31, 42.0, 39.5, 40.5, 37.31, 34.17, 35.18, 38.31, 39.5, 34.0, 37.69, 36.82, 38.0, 36.5, 36.18, 30.2, 36.18, 34.5, 38.31, 38.5, 35.0, 37.5, 36.18, 35.82, 35.68, 36.0, 37.5, 36.68, 40.8, 36.0, 39.5, 37.5, 43.5, 36.68, 34.0, 35.0, 40.0, 39.8, 37.69, 39.3, 36.5, 38.5, 37.5, 36.5, 36.82, 38.69, 37.31, 38.0, 36.18, 37.5, 38.0, 37.5, 37.5, 38.31, 38.69]
nice
[0.0, 0.0, 0.0, 0.0, 0.0, 0.0, 0.0, 0.0, 0.0, 0.0, 0.0, 0.0, 0.0, 0.0, 0.0, 0.0, 0.0, 0.0, 0.0, 0.0, 0.0, 0.0, 0.0, 0.0, 0.5, 0.0, 0.0, 0.0, 0.0, 0.0, 0.0, 0.0, 0.0, 0.0, 0.0, 0.0, 0.0, 0.0, 0.0, 0.0, 0.0, 0.0, 0.0, 0.0, 0.5, 0.0, 0.0, 0.0, 0.0, 0.0, 0.0, 0.0, 0.0, 0.0, 0.5, 0.0, 0.0, 0.0, 0.0, 0.0, 0.0, 0.0]
system
[58.5, 62.5, 63.32, 62.69, 63.32, 62.81, 62.5, 59.2, 58.0, 60.5, 59.5, 62.69, 65.83, 64.82, 60.2, 60.5, 66.0, 62.31, 63.18, 62.0, 63.5, 63.32, 69.8, 63.82, 65.0, 61.69, 61.5, 61.0, 60.0, 63.82, 64.18, 64.32, 64.0, 62.5, 63.32, 57.21, 64.0, 60.5, 62.5, 56.5, 59.8, 66.0, 64.5, 60.0, 59.7, 62.31, 60.7, 63.5, 61.5, 61.5, 63.5, 63.18, 61.31, 62.69, 61.5, 63.82, 61.5, 62.0, 62.5, 62.5, 61.69, 61.31]
iowait
[4.0, 0.0, 0.0, 0.0, 0.0, 0.0, 0.0, 3.48, 0.0, 0.0, 0.0, 0.0, 0.0, 0.0, 1.49, 0.0, 0.0, 0.0, 0.0, 0.0, 0.0, 0.5, 0.0, 0.0, 0.0, 0.0, 0.0, 4.0, 2.5, 0.0, 0.0, 0.0, 0.0, 0.0, 0.0, 1.99, 0.0, 0.0, 0.0, 0.0, 3.52, 0.0, 0.5, 0.0, 0.0, 0.0, 0.0, 0.0, 0.0, 1.0, 0.0, 0.0, 0.0, 0.0, 0.0, 0.0, 1.0, 0.0, 0.0, 0.0, 0.0, 0.0]
steal
[0.0, 0.0, 0.0, 0.0, 0.0, 0.0, 0.0, 0.0, 0.0, 0.0, 0.0, 0.0, 0.0, 0.0, 0.0, 0.0, 0.0, 0.0, 0.0, 0.0, 0.0, 0.0, 0.0, 0.0, 0.0, 0.0, 0.0, 0.0, 0.0, 0.0, 0.0, 0.0, 0.0, 0.0, 0.0, 0.0, 0.0, 0.0, 0.0, 0.0, 0.0, 0.0, 0.0, 0.0, 0.0, 0.0, 0.0, 0.0, 0.0, 0.0, 0.0, 0.0, 0.0, 0.0, 0.0, 0.0, 0.0, 0.0, 0.0, 0.0, 0.0, 0.0]
idle
[0.0, 0.0, 0.0, 0.0, 0.0, 0.0, 0.0, 0.0, 0.0, 0.0, 0.0, 0.0, 0.0, 0.0, 0.0, 0.0, 0.0, 0.0, 0.0, 0.0, 0.0, 0.0, 0.0, 0.0, 0.0, 0.0, 0.0, 0.0, 0.0, 0.0, 0.0, 0.0, 0.0, 0.0, 0.0, 0.0, 0.0, 0.0, 0.0, 0.0, 0.0, 0.0, 0.0, 0.0, 0.0, 0.0, 0.0, 0.0, 0.0, 0.0, 0.0, 0.0, 0.0, 0.0, 0.0, 0.0, 0.0, 0.0, 0.0, 0.0, 0.0, 0.0]

sda data:

util
[26.4, 27.0, 37.19, 33.23, 26.13, 35.98, 36.0, 35.62, 36.2, 34.4, 32.0, 40.2, 28.54, 29.35, 40.6, 32.8, 43.6, 28.14, 32.44, 42.2, 34.4, 34.37, 40.99, 33.57, 49.4, 24.68, 32.2, 38.2, 24.4, 37.59, 34.83, 33.57, 51.2, 16.4, 41.01, 40.2, 23.4, 36.6, 37.4, 35.2, 45.23, 22.2, 37.0, 29.6, 32.84, 36.38, 38.81, 33.8, 50.2, 12.2, 42.0, 31.64, 33.77, 40.2, 36.0, 31.76, 44.6, 25.0, 30.2, 42.8, 34.43, 33.77]
r_await
[20.0, 0.0, 0.0, 0.0, 8.0, 0.0, 0.0, 68.0, 0.0, 0.0, 0.0, 72.0, 0.0, 0.0, 28.0, 0.0, 0.0, 0.0, 12.0, 0.0, 0.0, 12.0, 0.0, 0.0, 0.0, 16.0, 0.0, 0.0, 52.0, 0.0, 0.0, 0.0, 60.0, 0.0, 0.0, 44.0, 0.0, 0.0, 0.0, 12.0, 0.0, 0.0, 12.0, 0.0, 0.0, 0.0, 16.0, 0.0, 0.0, 12.0, 0.0, 0.0, 0.0, 68.0, 0.0, 0.0, 20.0, 0.0, 0.0, 0.0, 12.0, 0.0]
avgqusz
[22.51, 13.46, 15.51, 30.24, 10.34, 17.56, 29.58, 16.0, 29.42, 15.28, 14.6, 32.47, 14.03, 12.02, 31.74, 14.86, 32.47, 11.58, 14.37, 35.5, 15.77, 15.22, 34.8, 14.67, 35.45, 11.67, 14.31, 31.34, 11.32, 22.24, 26.17, 15.61, 37.04, 8.45, 17.34, 34.55, 10.84, 17.24, 31.68, 15.33, 32.72, 10.35, 16.05, 26.9, 14.5, 17.2, 31.64, 15.25, 37.58, 5.32, 20.1, 29.03, 15.63, 22.1, 27.42, 14.24, 38.95, 12.3, 12.91, 38.29, 15.75, 15.0]
await
[225.14, 88.43, 105.77, 185.83, 110.4, 105.8, 193.8, 108.65, 177.81, 105.02, 95.22, 195.0, 103.59, 108.65, 188.18, 100.73, 140.72, 147.54, 99.29, 203.46, 107.63, 102.36, 202.59, 100.29, 167.22, 94.78, 116.27, 188.25, 116.14, 90.97, 229.09, 105.63, 170.32, 90.68, 110.72, 203.04, 98.82, 104.89, 214.76, 104.16, 140.12, 142.34, 109.24, 220.88, 100.12, 98.06, 207.85, 104.14, 173.2, 108.61, 95.61, 238.44, 105.82, 104.36, 218.42, 96.04, 219.44, 106.19, 101.08, 216.95, 108.05, 101.52]
rMB
[0.02, 0.0, 0.0, 0.0, 0.02, 0.0, 0.0, 0.0, 0.0, 0.0, 0.0, 0.02, 0.0, 0.0, 0.0, 0.0, 0.0, 0.0, 0.02, 0.0, 0.0, 0.0, 0.0, 0.0, 0.0, 0.02, 0.0, 0.0, 0.0, 0.0, 0.0, 0.0, 0.02, 0.0, 0.0, 0.0, 0.0, 0.0, 0.0, 0.02, 0.0, 0.0, 0.0, 0.0, 0.0, 0.0, 0.02, 0.0, 0.0, 0.0, 0.0, 0.0, 0.0, 0.02, 0.0, 0.0, 0.0, 0.0, 0.0, 0.0, 0.02, 0.0]
svctm
[2.64, 2.13, 2.22, 2.23, 2.24, 2.33, 2.26, 2.42, 2.19, 2.36, 2.26, 2.36, 2.42, 2.25, 2.41, 2.22, 2.29, 2.4, 2.24, 2.42, 2.35, 2.31, 2.39, 2.3, 2.33, 2.29, 2.38, 2.29, 2.5, 2.16, 2.46, 2.27, 2.35, 2.31, 2.34, 2.36, 2.23, 2.38, 2.41, 2.41, 2.37, 2.3, 2.32, 2.31, 2.27, 2.33, 2.41, 2.31, 2.31, 2.49, 2.3, 2.38, 2.29, 2.39, 2.46, 2.14, 2.51, 2.34, 2.2, 2.42, 2.36, 2.29]
r
[2.0, 0.0, 0.0, 0.0, 0.5, 0.0, 0.0, 0.5, 0.0, 0.0, 0.0, 0.5, 0.0, 0.0, 0.5, 0.0, 0.0, 0.0, 0.5, 0.0, 0.0, 0.5, 0.0, 0.0, 0.0, 0.5, 0.0, 0.0, 0.5, 0.0, 0.0, 0.0, 0.5, 0.0, 0.0, 0.5, 0.0, 0.0, 0.0, 0.5, 0.0, 0.0, 0.5, 0.0, 0.0, 0.0, 0.5, 0.0, 0.0, 0.5, 0.0, 0.0, 0.0, 0.5, 0.0, 0.0, 0.5, 0.0, 0.0, 0.0, 0.5, 0.0]
wrqm
[2974.0, 4459.5, 4484.92, 5011.44, 2989.95, 7001.01, 2536.0, 4438.31, 5042.0, 4462.5, 4460.5, 5036.82, 4481.91, 2989.95, 5002.99, 4460.5, 6348.5, 2988.94, 4440.8, 5259.0, 4461.5, 4482.91, 5188.12, 4484.92, 6394.5, 4439.3, 2975.0, 5010.5, 2975.0, 7492.96, 2133.83, 4483.42, 6595.5, 2974.5, 4482.91, 5154.23, 4042.5, 4880.0, 3571.0, 4462.0, 6296.98, 2973.0, 4462.0, 3604.5, 4440.3, 7030.65, 2602.49, 4461.5, 6568.0, 1487.5, 5948.5, 3629.35, 4483.42, 7423.38, 2096.5, 4482.91, 5361.0, 4461.5, 2974.5, 5335.0, 4439.8, 4483.42]
w
[98.0, 127.0, 167.84, 149.25, 116.08, 154.27, 159.0, 146.77, 165.5, 145.5, 141.5, 170.15, 118.09, 130.15, 168.16, 147.5, 190.5, 117.09, 144.28, 174.5, 146.5, 148.24, 171.78, 146.23, 212.0, 107.46, 135.5, 166.5, 97.0, 174.37, 141.79, 147.74, 217.0, 71.0, 174.87, 169.65, 105.0, 153.5, 155.0, 145.5, 190.45, 96.5, 159.0, 128.0, 144.78, 156.28, 160.7, 146.5, 217.0, 48.5, 182.5, 132.84, 147.74, 167.66, 146.5, 148.24, 177.0, 107.0, 137.0, 176.5, 145.27, 147.74]
avgrqsz
[246.08, 248.76, 252.31, 247.04, 251.66, 251.0, 251.5, 249.14, 251.72, 253.36, 249.98, 250.68, 247.63, 252.54, 245.33, 249.93, 253.86, 246.15, 253.58, 249.1, 251.63, 249.14, 249.61, 253.36, 249.3, 250.4, 253.17, 248.74, 252.14, 251.27, 250.75, 250.78, 250.72, 252.39, 250.11, 250.36, 247.47, 253.5, 247.48, 251.86, 250.98, 243.27, 251.74, 249.72, 253.36, 250.7, 249.83, 251.63, 250.14, 250.94, 251.42, 250.28, 250.78, 252.4, 248.14, 249.93, 249.65, 250.54, 252.79, 249.81, 251.85, 250.78]
wMB
[12.0, 15.43, 20.68, 18.0, 14.31, 18.91, 19.53, 17.91, 20.34, 18.0, 17.27, 20.87, 14.28, 16.05, 20.2, 18.0, 23.61, 14.07, 17.91, 21.22, 18.0, 18.09, 20.94, 18.09, 25.81, 13.18, 16.75, 20.22, 12.0, 21.39, 17.36, 18.09, 26.61, 8.75, 21.36, 20.8, 12.69, 19.0, 18.73, 17.94, 23.34, 11.46, 19.6, 15.61, 17.91, 19.13, 19.65, 18.0, 26.5, 6.0, 22.4, 16.23, 18.09, 20.71, 17.75, 18.09, 21.63, 13.09, 16.91, 21.53, 17.91, 18.09]
rrqm
[2.0, 0.0, 0.0, 0.0, 3.52, 0.0, 0.0, 0.5, 0.0, 0.0, 0.0, 3.48, 0.0, 0.0, 0.5, 0.0, 0.0, 0.0, 3.48, 0.0, 0.0, 0.5, 0.0, 0.0, 0.0, 3.48, 0.0, 0.0, 0.5, 0.0, 0.0, 0.0, 3.5, 0.0, 0.0, 0.5, 0.0, 0.0, 0.0, 3.5, 0.0, 0.0, 0.5, 0.0, 0.0, 0.0, 3.48, 0.0, 0.0, 0.5, 0.0, 0.0, 0.0, 3.48, 0.0, 0.0, 0.5, 0.0, 0.0, 0.0, 3.48, 0.0]
w_await
[229.33, 88.43, 105.77, 185.83, 110.84, 105.8, 193.8, 108.79, 177.81, 105.02, 95.22, 195.36, 103.59, 108.65, 188.65, 100.73, 140.72, 147.54, 99.59, 203.46, 107.63, 102.67, 202.59, 100.29, 167.22, 95.15, 116.27, 188.25, 116.47, 90.97, 229.09, 105.63, 170.57, 90.68, 110.72, 203.51, 98.82, 104.89, 214.76, 104.48, 140.12, 142.34, 109.55, 220.88, 100.12, 98.06, 208.45, 104.14, 173.2, 109.61, 95.61, 238.44, 105.82, 104.46, 218.42, 96.04, 220.0, 106.19, 101.08, 216.95, 108.38, 101.52]
