9 datos recogidos

cpu data:

user
[4.29, 6.45, 0.66, 0.0, 0.66, 0.0, 0.0, 0.0, 0.0]
nice
[0.0, 0.0, 0.0, 0.0, 0.0, 0.0, 0.0, 0.65, 0.0]
system
[28.22, 15.48, 7.95, 11.46, 6.62, 10.26, 9.8, 7.84, 11.76]
iowait
[67.48, 78.06, 91.39, 88.54, 92.72, 89.74, 90.2, 91.5, 88.24]
steal
[0.0, 0.0, 0.0, 0.0, 0.0, 0.0, 0.0, 0.0, 0.0]
idle
[0.0, 0.0, 0.0, 0.0, 0.0, 0.0, 0.0, 0.0, 0.0]

sdb data:

util
[114.11, 129.03, 132.45, 127.39, 132.45, 128.21, 130.72, 130.72, 117.65]
r_await
[0.0, 0.0, 0.0, 0.0, 0.0, 0.0, 0.0, 0.0, 0.0]
avgqusz
[163.23, 184.71, 190.82, 183.08, 189.15, 184.36, 187.24, 187.99, 168.61]
await
[498.32, 570.89, 684.87, 560.57, 559.93, 726.42, 536.47, 679.38, 603.02]
rMB
[0.0, 0.0, 0.0, 0.0, 0.0, 0.0, 0.0, 0.0, 0.0]
svctm
[4.29, 4.32, 4.4, 4.42, 4.24, 4.25, 4.19, 4.41, 4.24]
r
[0.0, 0.0, 0.0, 0.0, 0.0, 0.0, 0.0, 0.0, 0.0]
wrqm
[71.17, 9.68, 61.59, 3.18, 42.38, 53.21, 6.54, 39.22, 30.0]
w
[266.26, 298.71, 301.32, 288.54, 312.58, 301.92, 311.76, 296.73, 277.65]
avgrqsz
[253.78, 256.0, 246.09, 256.0, 250.08, 240.62, 256.0, 235.55, 256.0]
wMB
[32.99, 37.34, 36.21, 36.07, 38.17, 35.47, 38.97, 34.13, 34.71]
rrqm
[0.0, 0.0, 0.0, 0.0, 0.0, 0.0, 0.0, 0.0, 0.0]
w_await
[498.32, 570.89, 684.87, 560.57, 559.93, 726.42, 536.47, 679.38, 603.02]
