21 datos recogidos

cpu data:

user
[1.36, 0.0, 0.65, 0.74, 0.0, 0.0, 0.0, 0.0, 0.77, 0.0, 0.0, 0.0, 0.0, 0.0, 0.0, 0.0, 0.0, 0.0, 0.0, 0.0, 0.0]
nice
[0.0, 0.0, 0.0, 0.0, 0.0, 0.0, 0.0, 0.68, 0.0, 0.0, 0.0, 0.0, 0.0, 0.0, 0.0, 0.0, 0.0, 0.0, 0.0, 0.0, 0.0]
system
[38.1, 17.78, 25.97, 19.26, 18.57, 20.41, 19.08, 24.66, 16.92, 28.87, 28.0, 16.03, 21.43, 24.06, 20.31, 28.76, 17.42, 21.19, 21.83, 15.91, 22.22]
iowait
[60.54, 82.22, 73.38, 80.0, 81.43, 79.59, 80.92, 74.66, 82.31, 71.13, 72.0, 83.97, 78.57, 75.94, 79.69, 71.24, 82.58, 78.81, 78.17, 84.09, 77.78]
steal
[0.0, 0.0, 0.0, 0.0, 0.0, 0.0, 0.0, 0.0, 0.0, 0.0, 0.0, 0.0, 0.0, 0.0, 0.0, 0.0, 0.0, 0.0, 0.0, 0.0, 0.0]
idle
[0.0, 0.0, 0.0, 0.0, 0.0, 0.0, 0.0, 0.0, 0.0, 0.0, 0.0, 0.0, 0.0, 0.0, 0.0, 0.0, 0.0, 0.0, 0.0, 0.0, 0.0]

sda data:

util
[121.63, 148.15, 129.87, 148.15, 142.86, 136.05, 152.67, 136.99, 153.85, 140.85, 133.33, 152.67, 130.13, 150.38, 156.25, 130.72, 151.52, 132.45, 140.85, 151.52, 130.72]
r_await
[10.0, 72.0, 0.0, 0.0, 0.0, 0.0, 0.0, 0.0, 0.0, 0.0, 0.0, 0.0, 0.0, 0.0, 0.0, 0.0, 0.0, 0.0, 96.0, 0.0, 0.0]
avgqusz
[169.52, 211.21, 169.1, 212.01, 204.91, 192.69, 218.56, 178.01, 219.7, 201.65, 181.21, 218.54, 168.13, 215.21, 223.6, 171.5, 216.52, 177.98, 201.03, 217.3, 170.64]
await
[228.78, 352.78, 375.07, 239.57, 437.89, 328.45, 322.86, 315.23, 298.89, 237.21, 414.1, 340.43, 334.23, 300.2, 290.64, 347.01, 335.55, 351.23, 336.77, 352.29, 326.74]
rMB
[0.01, 0.0, 0.0, 0.0, 0.0, 0.0, 0.0, 0.0, 0.0, 0.0, 0.0, 0.0, 0.0, 0.0, 0.0, 0.0, 0.0, 0.0, 0.0, 0.0, 0.0]
svctm
[2.29, 2.41, 2.52, 2.24, 2.44, 2.49, 2.23, 2.28, 2.29, 2.16, 2.31, 2.36, 2.5, 2.28, 2.16, 2.37, 2.39, 2.53, 2.48, 2.37, 2.56]
r
[2.72, 0.74, 0.0, 0.0, 0.0, 0.0, 0.0, 0.0, 0.0, 0.0, 0.0, 0.0, 0.0, 0.0, 0.0, 0.0, 0.0, 0.0, 0.7, 0.0, 0.0]
wrqm
[0.0, 0.74, 8.44, 0.0, 0.0, 7.48, 0.0, 7.53, 1.54, 0.0, 6.0, 0.76, 6.49, 1.5, 0.0, 5.88, 0.76, 5.96, 2.11, 0.0, 5.88]
w
[528.57, 614.81, 516.23, 660.0, 585.71, 545.58, 685.5, 601.37, 673.08, 650.7, 578.0, 645.8, 521.43, 660.9, 722.66, 552.29, 634.09, 523.18, 568.31, 639.39, 509.8]
avgrqsz
[254.32, 254.89, 253.97, 253.21, 251.18, 252.1, 252.62, 251.95, 253.78, 253.15, 251.41, 251.55, 250.1, 252.95, 253.05, 251.36, 252.91, 251.44, 252.83, 251.82, 251.32]
wMB
[65.97, 76.61, 64.02, 81.6, 71.84, 67.16, 84.56, 73.98, 83.4, 80.43, 70.96, 79.32, 63.68, 81.63, 89.29, 67.78, 78.31, 64.23, 70.24, 78.62, 62.56]
rrqm
[0.0, 0.0, 0.0, 0.0, 0.0, 0.0, 0.0, 0.0, 0.0, 0.0, 0.0, 0.0, 0.0, 0.0, 0.0, 0.0, 0.0, 0.0, 0.0, 0.0, 0.0]
w_await
[229.91, 353.12, 375.07, 239.57, 437.89, 328.45, 322.86, 315.23, 298.89, 237.21, 414.1, 340.43, 334.23, 300.2, 290.64, 347.01, 335.55, 351.23, 337.07, 352.29, 326.74]
