30 datos recogidos

cpu data:

user
[11.23, 0.0, 0.0, 0.0, 0.0, 0.0, 0.0, 0.0, 0.0, 0.0, 0.0, 0.0, 0.0, 0.0, 0.0, 0.0, 0.0, 0.0, 0.53, 0.0, 0.0, 0.0, 0.0, 0.0, 0.0, 0.54, 0.0, 0.0, 0.0, 0.0]
nice
[0.0, 0.0, 0.0, 0.0, 0.0, 0.0, 0.0, 0.54, 0.0, 0.0, 0.0, 0.0, 0.0, 0.0, 0.0, 0.0, 0.0, 0.0, 0.0, 0.0, 0.0, 0.0, 0.0, 0.0, 0.0, 0.0, 0.0, 0.53, 0.0, 0.0]
system
[15.51, 0.55, 0.0, 1.08, 0.0, 1.1, 1.64, 2.72, 1.66, 1.1, 1.64, 1.64, 1.64, 1.1, 2.17, 2.17, 2.7, 1.61, 2.13, 2.15, 3.16, 2.13, 1.08, 2.65, 1.08, 0.54, 1.61, 1.6, 1.6, 1.03]
iowait
[73.26, 99.45, 100.0, 98.92, 100.0, 98.9, 98.36, 96.74, 98.34, 98.9, 98.36, 98.36, 98.36, 98.9, 97.83, 97.83, 97.3, 98.39, 97.34, 97.85, 96.84, 97.87, 98.92, 97.35, 98.92, 98.92, 98.39, 97.86, 98.4, 98.97]
steal
[0.0, 0.0, 0.0, 0.0, 0.0, 0.0, 0.0, 0.0, 0.0, 0.0, 0.0, 0.0, 0.0, 0.0, 0.0, 0.0, 0.0, 0.0, 0.0, 0.0, 0.0, 0.0, 0.0, 0.0, 0.0, 0.0, 0.0, 0.0, 0.0, 0.0]
idle
[0.0, 0.0, 0.0, 0.0, 0.0, 0.0, 0.0, 0.0, 0.0, 0.0, 0.0, 0.0, 0.0, 0.0, 0.0, 0.0, 0.0, 0.0, 0.0, 0.0, 0.0, 0.0, 0.0, 0.0, 0.0, 0.0, 0.0, 0.0, 0.0, 0.0]

sda data:

util
[74.44, 109.89, 109.29, 107.53, 109.29, 109.89, 109.29, 108.7, 110.5, 109.89, 109.29, 109.29, 109.29, 109.89, 108.7, 108.7, 108.11, 107.53, 106.6, 107.53, 105.26, 106.38, 107.53, 105.82, 107.53, 107.53, 107.53, 106.95, 106.95, 103.09]
r_await
[0.0, 0.0, 0.0, 0.0, 0.0, 0.0, 0.0, 0.0, 0.0, 0.0, 0.0, 0.0, 0.0, 0.0, 0.0, 0.0, 0.0, 0.0, 0.0, 0.0, 0.0, 0.0, 0.0, 0.0, 0.0, 0.0, 0.0, 0.0, 0.0, 0.0]
avgqusz
[98.56, 153.01, 154.91, 154.38, 156.13, 158.15, 156.92, 155.44, 158.76, 158.07, 156.44, 156.65, 157.14, 157.39, 155.27, 156.73, 154.86, 153.88, 153.73, 153.97, 150.76, 152.19, 153.59, 152.46, 153.86, 153.91, 154.89, 153.24, 153.15, 147.78]
await
[688.63, 1707.28, 1926.54, 1914.0, 1948.48, 1906.58, 1902.77, 1931.89, 1912.66, 1900.41, 1917.31, 1901.05, 1900.16, 1902.42, 1921.62, 1900.83, 1923.38, 1938.05, 1932.03, 1757.92, 1541.51, 2557.44, 1908.21, 1931.53, 1930.48, 1924.59, 1912.77, 1912.32, 1932.08, 1926.98]
rMB
[0.0, 0.0, 0.0, 0.0, 0.0, 0.0, 0.0, 0.0, 0.0, 0.0, 0.0, 0.0, 0.0, 0.0, 0.0, 0.0, 0.0, 0.0, 0.0, 0.0, 0.0, 0.0, 0.0, 0.0, 0.0, 0.0, 0.0, 0.0, 0.0, 0.0]
svctm
[12.89, 13.79, 13.07, 13.89, 13.33, 13.42, 13.33, 13.33, 13.25, 13.51, 13.07, 13.51, 13.07, 13.42, 13.25, 13.33, 13.51, 13.51, 13.54, 13.51, 14.49, 13.07, 13.33, 13.7, 13.33, 13.33, 13.33, 13.42, 13.42, 13.42]
r
[0.0, 0.0, 0.0, 0.0, 0.0, 0.0, 0.0, 0.0, 0.0, 0.0, 0.0, 0.0, 0.0, 0.0, 0.0, 0.0, 0.0, 0.0, 0.0, 0.0, 0.0, 0.0, 0.0, 0.0, 0.0, 0.0, 0.0, 0.0, 0.0, 0.0]
wrqm
[95.19, 24.73, 18.58, 0.0, 0.0, 0.0, 0.0, 0.0, 0.0, 0.0, 0.0, 0.0, 0.0, 0.0, 0.0, 0.0, 0.0, 0.0, 657.98, 0.0, 0.0, 0.0, 0.0, 0.0, 0.0, 0.0, 0.0, 0.0, 0.0, 0.0]
w
[57.75, 79.67, 83.61, 77.42, 81.97, 81.87, 81.97, 81.52, 83.43, 81.32, 83.61, 80.87, 83.61, 81.87, 82.07, 81.52, 80.0, 79.57, 78.72, 79.57, 72.63, 81.38, 80.65, 77.25, 80.65, 80.65, 80.65, 79.68, 79.68, 76.8]
avgrqsz
[247.49, 256.0, 220.35, 256.0, 256.0, 256.0, 256.0, 256.0, 256.0, 256.0, 256.0, 256.0, 256.0, 256.0, 256.0, 256.0, 256.0, 256.0, 256.0, 256.0, 256.0, 214.08, 256.0, 256.0, 256.0, 256.0, 256.0, 256.0, 256.0, 256.0]
wMB
[6.98, 9.96, 9.0, 9.68, 10.25, 10.23, 10.25, 10.19, 10.43, 10.16, 10.45, 10.11, 10.45, 10.23, 10.26, 10.19, 10.0, 9.95, 9.84, 9.95, 9.08, 8.51, 10.08, 9.66, 10.08, 10.08, 10.08, 9.96, 9.96, 9.6]
rrqm
[0.0, 0.0, 0.0, 0.0, 0.0, 0.0, 0.0, 0.0, 0.0, 0.0, 0.0, 0.0, 0.0, 0.0, 0.0, 0.0, 0.0, 0.0, 0.0, 0.0, 0.0, 0.0, 0.0, 0.0, 0.0, 0.0, 0.0, 0.0, 0.0, 0.0]
w_await
[688.63, 1707.28, 1926.54, 1914.0, 1948.48, 1906.58, 1902.77, 1931.89, 1912.66, 1900.41, 1917.31, 1901.05, 1900.16, 1902.42, 1921.62, 1900.83, 1923.38, 1938.05, 1932.03, 1757.92, 1541.51, 2557.44, 1908.21, 1931.53, 1930.48, 1924.59, 1912.77, 1912.32, 1932.08, 1926.98]
