48 datos recogidos

cpu data:

user
[1.59, 0.0, 0.0, 0.0, 0.0, 0.54, 0.54, 0.0, 0.0, 0.0, 0.0, 0.0, 0.0, 0.0, 0.0, 0.0, 0.0, 0.0, 0.55, 0.0, 0.0, 0.0, 0.0, 0.0, 0.0, 0.0, 1.06, 0.54, 0.0, 0.53, 0.0, 0.0, 0.0, 0.55, 0.0, 0.0, 0.0, 0.0, 0.0, 0.0, 0.0, 0.51, 0.0, 0.0, 0.0, 0.0, 1.66, 0.0]
nice
[0.0, 0.0, 0.0, 0.55, 0.0, 0.0, 0.0, 0.0, 0.0, 0.0, 0.0, 0.0, 0.0, 0.56, 0.0, 0.0, 0.0, 0.0, 0.0, 0.0, 0.0, 0.0, 0.0, 0.0, 0.0, 0.0, 0.0, 0.0, 0.0, 0.0, 0.0, 0.0, 0.0, 0.0, 0.0, 0.0, 0.0, 0.0, 0.0, 0.0, 0.0, 0.0, 0.0, 0.54, 0.0, 0.0, 0.0, 0.0]
system
[31.22, 10.11, 10.5, 12.64, 8.99, 8.6, 10.81, 6.9, 11.54, 13.04, 9.5, 9.95, 10.61, 8.99, 12.23, 12.64, 11.35, 7.91, 11.05, 12.37, 10.06, 12.23, 7.1, 9.29, 9.73, 12.5, 11.17, 11.29, 7.34, 10.7, 11.41, 12.5, 9.5, 13.19, 8.15, 10.64, 8.15, 10.87, 9.94, 11.23, 7.65, 10.77, 10.27, 10.87, 9.19, 10.44, 12.15, 8.2]
iowait
[67.2, 89.89, 89.5, 86.81, 91.01, 90.86, 88.65, 93.1, 88.46, 86.96, 90.5, 90.05, 89.39, 90.45, 87.77, 87.36, 88.65, 92.09, 88.4, 87.63, 89.94, 87.77, 92.9, 90.71, 90.27, 87.5, 87.77, 88.17, 92.66, 88.77, 88.59, 87.5, 90.5, 86.26, 91.85, 89.36, 91.85, 89.13, 90.06, 88.77, 92.35, 88.72, 89.73, 88.59, 90.81, 89.56, 86.19, 91.8]
steal
[0.0, 0.0, 0.0, 0.0, 0.0, 0.0, 0.0, 0.0, 0.0, 0.0, 0.0, 0.0, 0.0, 0.0, 0.0, 0.0, 0.0, 0.0, 0.0, 0.0, 0.0, 0.0, 0.0, 0.0, 0.0, 0.0, 0.0, 0.0, 0.0, 0.0, 0.0, 0.0, 0.0, 0.0, 0.0, 0.0, 0.0, 0.0, 0.0, 0.0, 0.0, 0.0, 0.0, 0.0, 0.0, 0.0, 0.0, 0.0]
idle
[0.0, 0.0, 0.0, 0.0, 0.0, 0.0, 0.0, 0.0, 0.0, 0.0, 0.0, 0.0, 0.0, 0.0, 0.0, 0.0, 0.0, 0.0, 0.0, 0.0, 0.0, 0.0, 0.0, 0.0, 0.0, 0.0, 0.0, 0.0, 0.0, 0.0, 0.0, 0.0, 0.0, 0.0, 0.0, 0.0, 0.0, 0.0, 0.0, 0.0, 0.0, 0.0, 0.0, 0.0, 0.0, 0.0, 0.0, 0.0]

sde data:

util
[92.28, 112.36, 110.5, 109.89, 112.36, 107.53, 108.11, 114.94, 109.89, 108.91, 111.73, 104.71, 111.73, 112.36, 106.38, 109.89, 108.11, 112.99, 110.5, 107.53, 111.73, 106.38, 109.29, 109.29, 108.11, 108.7, 106.38, 107.53, 112.99, 106.95, 108.7, 108.7, 111.73, 109.89, 108.7, 106.38, 108.7, 108.7, 110.5, 106.95, 109.29, 102.56, 108.11, 108.7, 108.11, 109.89, 110.5, 109.29]
r_await
[33.5, 54.8, 67.56, 73.6, 49.33, 140.57, 73.78, 42.0, 69.33, 67.6, 59.11, 108.57, 62.0, 45.78, 78.0, 65.78, 90.67, 56.44, 47.6, 87.56, 40.0, 87.11, 93.71, 96.5, 79.5, 87.56, 105.0, 77.2, 55.5, 102.22, 74.5, 72.0, 46.0, 76.4, 104.57, 92.5, 113.0, 69.0, 72.89, 87.0, 49.14, 195.43, 96.0, 73.33, 129.71, 75.11, 55.5, 62.29]
avgqusz
[128.18, 162.97, 158.23, 159.98, 162.63, 158.72, 154.61, 166.6, 158.86, 158.08, 160.47, 151.47, 160.88, 161.49, 152.26, 159.34, 156.78, 161.2, 158.46, 153.56, 161.55, 152.94, 158.82, 157.3, 155.23, 156.55, 151.8, 153.86, 163.45, 152.41, 156.1, 155.19, 159.99, 156.87, 155.74, 150.6, 157.09, 156.87, 159.13, 151.58, 156.19, 149.83, 155.82, 159.12, 159.94, 157.59, 158.11, 157.84]
await
[434.01, 657.9, 661.02, 564.35, 616.23, 785.74, 589.63, 656.67, 675.64, 613.12, 661.79, 880.01, 673.86, 623.27, 736.15, 566.14, 810.13, 597.45, 655.79, 603.42, 618.74, 668.56, 806.51, 776.07, 703.69, 671.6, 750.48, 676.23, 662.64, 659.42, 698.22, 600.49, 621.63, 616.81, 750.58, 620.23, 802.07, 717.7, 599.66, 711.96, 668.49, 820.09, 727.1, 688.21, 710.71, 641.66, 648.99, 542.52]
rMB
[0.01, 0.0, 0.0, 0.0, 0.0, 0.0, 0.0, 0.0, 0.0, 0.0, 0.0, 0.0, 0.0, 0.0, 0.0, 0.0, 0.0, 0.0, 0.0, 0.0, 0.0, 0.0, 0.0, 0.0, 0.0, 0.0, 0.0, 0.0, 0.0, 0.0, 0.0, 0.0, 0.0, 0.0, 0.0, 0.0, 0.0, 0.0, 0.0, 0.0, 0.0, 0.0, 0.0, 0.0, 0.0, 0.0, 0.0, 0.0]
svctm
[4.37, 4.41, 4.64, 4.03, 4.29, 4.76, 4.48, 4.43, 4.75, 4.62, 4.52, 5.92, 4.84, 4.26, 4.84, 3.99, 5.52, 4.51, 4.03, 4.54, 4.3, 5.09, 5.42, 5.24, 4.85, 4.58, 5.13, 4.94, 4.41, 5.18, 4.34, 4.64, 4.07, 4.42, 5.0, 5.32, 5.05, 4.76, 4.58, 4.9, 4.51, 6.29, 4.71, 4.42, 4.85, 4.27, 4.48, 3.77]
r
[12.7, 5.62, 4.97, 5.49, 5.06, 3.76, 4.86, 5.75, 4.95, 5.43, 5.03, 3.66, 5.59, 5.06, 5.32, 4.95, 4.86, 5.08, 5.52, 4.84, 5.03, 4.79, 3.83, 4.37, 4.32, 4.89, 4.26, 5.38, 4.52, 4.81, 4.35, 5.43, 4.47, 5.49, 3.8, 4.26, 4.35, 4.35, 4.97, 4.28, 3.83, 3.59, 4.86, 4.89, 3.78, 4.95, 4.42, 3.83]
wrqm
[25.93, 12.36, 14.92, 9.34, 14.04, 7.53, 16.22, 4.6, 15.93, 17.93, 16.2, 1.57, 14.53, 15.73, 15.96, 15.93, 2.16, 19.77, 16.57, 12.9, 2.23, 21.28, 1.09, 19.13, 9.73, 16.85, 14.36, 10.75, 6.21, 22.46, 3.8, 16.3, 17.88, 16.48, 1.63, 17.55, 15.76, 4.89, 14.92, 10.7, 14.21, 9.74, 9.73, 15.76, 10.81, 15.38, 2.76, 24.04]
w
[198.41, 249.44, 233.15, 267.03, 256.74, 222.04, 236.22, 253.45, 226.37, 230.43, 241.9, 173.3, 225.14, 258.99, 214.36, 270.33, 190.81, 245.2, 268.51, 232.26, 254.75, 204.26, 197.81, 204.37, 218.38, 232.61, 203.19, 212.37, 251.98, 201.6, 246.2, 228.8, 269.83, 242.86, 213.59, 195.74, 210.87, 223.91, 236.46, 213.9, 238.25, 159.49, 224.86, 240.76, 218.92, 252.2, 241.99, 286.34]
avgrqsz
[196.27, 191.64, 170.94, 153.75, 161.74, 146.06, 161.81, 184.85, 185.06, 178.08, 180.69, 175.63, 175.43, 177.69, 170.28, 172.89, 171.81, 171.21, 167.85, 169.09, 172.81, 161.52, 168.82, 171.62, 165.83, 172.62, 167.02, 172.02, 165.17, 165.35, 160.55, 172.11, 165.72, 162.59, 158.31, 162.19, 158.64, 168.7, 157.59, 156.1, 155.97, 157.03, 161.19, 164.29, 148.06, 153.73, 152.01, 155.09]
wMB
[20.23, 23.86, 19.87, 20.46, 20.67, 16.1, 19.05, 23.39, 20.9, 20.51, 21.78, 15.17, 19.76, 22.91, 18.26, 23.24, 16.41, 20.92, 22.46, 19.57, 21.92, 16.48, 16.62, 17.49, 18.03, 20.02, 16.92, 18.29, 20.68, 16.66, 19.64, 19.68, 22.19, 19.71, 16.8, 15.84, 16.67, 18.8, 18.58, 16.63, 18.43, 12.5, 18.08, 19.7, 16.1, 19.3, 18.29, 21.97]
rrqm
[0.0, 0.0, 0.0, 0.0, 0.0, 0.0, 0.0, 0.0, 0.0, 0.0, 0.0, 0.0, 0.0, 0.0, 0.0, 0.0, 0.0, 0.0, 0.0, 0.0, 0.0, 0.0, 0.0, 0.0, 0.0, 0.0, 0.0, 0.0, 0.0, 0.0, 0.0, 0.0, 0.0, 0.0, 0.0, 0.0, 0.0, 0.0, 0.0, 0.0, 0.0, 0.0, 0.0, 0.0, 0.0, 0.0, 0.0, 0.0]
w_await
[459.64, 671.49, 673.68, 574.45, 627.4, 796.68, 600.26, 670.6, 688.88, 625.98, 674.32, 896.33, 689.04, 634.54, 752.48, 575.29, 828.48, 608.67, 668.3, 614.17, 630.16, 682.19, 820.3, 790.61, 716.05, 683.88, 764.0, 691.39, 673.53, 672.72, 709.24, 613.05, 631.16, 629.03, 762.09, 631.71, 816.28, 730.3, 610.74, 724.46, 678.43, 834.15, 740.75, 700.7, 720.75, 652.77, 659.83, 548.93]
