51 datos recogidos

cpu data:

user
[1.55, 0.0, 1.06, 0.54, 0.0, 0.55, 0.0, 0.55, 0.0, 0.0, 0.0, 0.0, 0.0, 0.0, 0.56, 0.55, 0.0, 0.0, 0.0, 0.55, 0.0, 0.0, 0.0, 0.56, 0.0, 0.55, 0.55, 0.0, 0.0, 0.0, 0.0, 1.09, 0.0, 0.0, 0.55, 0.0, 0.0, 0.0, 0.55, 0.54, 0.0, 0.55, 0.0, 0.54, 0.0, 0.55, 0.56, 0.56, 0.55, 0.55, 0.0]
nice
[0.0, 0.0, 0.0, 0.0, 0.0, 0.0, 0.0, 0.0, 0.55, 0.0, 0.0, 0.0, 0.0, 0.0, 0.0, 0.0, 0.0, 0.0, 0.56, 0.0, 0.0, 0.0, 0.0, 0.0, 0.0, 0.0, 0.0, 0.0, 0.0, 0.0, 0.0, 0.0, 0.0, 0.0, 0.0, 0.0, 0.0, 0.0, 0.55, 0.0, 0.0, 0.0, 0.0, 0.0, 0.0, 0.0, 0.0, 0.0, 0.55, 0.0, 0.0]
system
[33.16, 17.84, 15.96, 19.02, 17.03, 15.38, 14.69, 15.85, 18.68, 16.48, 16.02, 15.76, 17.13, 15.08, 16.2, 13.81, 16.39, 16.67, 13.89, 13.26, 15.64, 15.08, 17.03, 15.08, 17.84, 16.94, 15.38, 15.47, 17.13, 15.85, 17.58, 16.3, 17.13, 16.02, 15.47, 14.44, 14.44, 12.78, 18.58, 24.19, 21.2, 16.48, 19.34, 19.35, 17.88, 17.68, 15.64, 18.99, 18.03, 19.23, 15.08]
iowait
[65.28, 82.16, 82.98, 80.43, 82.97, 84.07, 85.31, 83.61, 80.77, 83.52, 83.98, 84.24, 82.87, 84.92, 83.24, 85.64, 83.61, 83.33, 85.56, 86.19, 84.36, 84.92, 82.97, 84.36, 82.16, 82.51, 84.07, 84.53, 82.87, 84.15, 82.42, 82.61, 82.87, 83.98, 83.98, 85.56, 85.56, 87.22, 80.33, 75.27, 78.8, 82.97, 80.66, 80.11, 82.12, 81.77, 83.8, 80.45, 80.87, 80.22, 84.92]
steal
[0.0, 0.0, 0.0, 0.0, 0.0, 0.0, 0.0, 0.0, 0.0, 0.0, 0.0, 0.0, 0.0, 0.0, 0.0, 0.0, 0.0, 0.0, 0.0, 0.0, 0.0, 0.0, 0.0, 0.0, 0.0, 0.0, 0.0, 0.0, 0.0, 0.0, 0.0, 0.0, 0.0, 0.0, 0.0, 0.0, 0.0, 0.0, 0.0, 0.0, 0.0, 0.0, 0.0, 0.0, 0.0, 0.0, 0.0, 0.0, 0.0, 0.0, 0.0]
idle
[0.0, 0.0, 0.0, 0.0, 0.0, 0.0, 0.0, 0.0, 0.0, 0.0, 0.0, 0.0, 0.0, 0.0, 0.0, 0.0, 0.0, 0.0, 0.0, 0.0, 0.0, 0.0, 0.0, 0.0, 0.0, 0.0, 0.0, 0.0, 0.0, 0.0, 0.0, 0.0, 0.0, 0.0, 0.0, 0.0, 0.0, 0.0, 0.0, 0.0, 0.0, 0.0, 0.0, 0.0, 0.0, 0.0, 0.0, 0.0, 0.0, 0.0, 0.0]

sda data:

util
[92.44, 108.11, 106.6, 108.91, 109.89, 109.89, 112.99, 109.29, 109.89, 109.89, 110.5, 108.7, 110.5, 111.73, 111.73, 110.5, 109.29, 111.11, 111.11, 110.5, 111.73, 111.73, 109.89, 111.73, 108.11, 109.29, 109.89, 110.5, 110.5, 109.29, 109.89, 108.7, 110.5, 110.5, 110.5, 111.11, 111.11, 111.11, 109.29, 107.53, 108.7, 109.89, 110.5, 107.53, 111.73, 110.5, 111.73, 111.73, 109.29, 109.89, 111.73]
r_await
[39.43, 62.4, 65.23, 61.14, 54.77, 56.57, 51.71, 64.62, 59.14, 56.29, 53.85, 63.69, 54.86, 49.23, 46.86, 55.38, 60.29, 60.0, 52.31, 70.15, 53.54, 58.77, 62.29, 57.85, 68.62, 68.31, 63.38, 60.86, 64.62, 72.31, 60.29, 67.14, 59.2, 60.92, 61.23, 57.54, 63.38, 63.67, 60.0, 63.5, 59.75, 68.86, 56.53, 68.86, 60.53, 62.4, 62.86, 53.75, 70.57, 65.33, 64.86]
avgqusz
[114.05, 155.18, 155.27, 157.41, 157.82, 157.36, 162.26, 156.48, 158.26, 158.61, 159.44, 157.72, 157.92, 160.58, 158.95, 156.94, 156.04, 158.18, 156.95, 158.48, 161.12, 160.2, 159.7, 160.01, 155.72, 157.3, 158.01, 158.23, 156.95, 155.73, 156.01, 155.39, 158.29, 156.17, 158.32, 158.97, 157.75, 159.74, 156.84, 154.84, 155.43, 157.32, 158.54, 154.75, 158.44, 158.14, 160.14, 159.67, 157.01, 157.37, 159.33]
await
[356.5, 541.26, 528.42, 623.01, 540.33, 546.96, 491.97, 518.74, 478.98, 481.51, 513.68, 518.06, 509.42, 501.68, 470.27, 541.18, 497.7, 521.22, 533.32, 568.82, 529.12, 543.92, 525.63, 551.57, 593.54, 586.52, 592.6, 548.9, 602.62, 594.37, 562.24, 565.06, 566.52, 582.69, 636.5, 603.87, 612.13, 664.57, 530.62, 491.95, 516.64, 569.37, 536.36, 584.22, 520.43, 568.67, 539.69, 505.84, 581.15, 546.28, 582.75]
rMB
[0.02, 0.0, 0.0, 0.0, 0.0, 0.0, 0.0, 0.0, 0.0, 0.0, 0.0, 0.0, 0.0, 0.0, 0.0, 0.0, 0.0, 0.0, 0.0, 0.0, 0.0, 0.0, 0.0, 0.0, 0.0, 0.0, 0.0, 0.0, 0.0, 0.0, 0.0, 0.0, 0.0, 0.0, 0.0, 0.0, 0.0, 0.0, 0.0, 0.0, 0.0, 0.0, 0.0, 0.0, 0.0, 0.0, 0.0, 0.0, 0.0, 0.0, 0.0]
svctm
[3.85, 3.74, 4.25, 3.75, 3.8, 3.77, 3.42, 3.64, 3.26, 3.48, 3.51, 3.54, 3.46, 3.61, 3.36, 3.62, 3.62, 3.63, 3.78, 4.04, 3.58, 3.8, 3.72, 3.82, 4.16, 4.06, 4.12, 3.96, 4.07, 4.09, 4.01, 4.18, 3.9, 4.12, 4.27, 4.18, 4.4, 4.67, 3.67, 3.32, 3.72, 3.96, 3.79, 3.93, 3.85, 3.78, 4.02, 3.53, 3.9, 3.9, 4.09]
r
[14.51, 8.11, 6.91, 7.61, 7.14, 7.69, 7.91, 7.1, 7.69, 7.69, 7.18, 7.07, 7.73, 7.26, 7.82, 7.18, 7.65, 7.22, 7.22, 7.18, 7.26, 7.26, 7.69, 7.26, 7.03, 7.1, 7.14, 7.73, 7.18, 7.1, 7.69, 7.61, 8.29, 7.18, 7.18, 7.22, 7.22, 6.67, 8.74, 8.6, 8.7, 7.69, 8.29, 7.53, 8.38, 8.29, 7.82, 8.94, 7.65, 8.24, 7.82]
wrqm
[17.62, 17.3, 17.55, 19.57, 32.42, 15.93, 24.86, 1.09, 23.63, 26.92, 4.97, 22.83, 25.41, 13.41, 30.17, 12.71, 5.46, 24.44, 25.0, 1.66, 24.58, 25.14, 2.2, 26.26, 22.16, 12.02, 2.2, 36.46, 0.55, 25.68, 23.63, 4.89, 34.25, 21.55, 1.66, 15.56, 17.78, 18.89, 13.66, 3.23, 45.11, 14.84, 14.92, 25.27, 12.29, 23.2, 13.41, 25.14, 25.14, 2.2, 23.46]
w
[225.39, 281.08, 244.15, 282.61, 282.42, 283.52, 322.03, 293.44, 329.67, 307.69, 307.73, 300.0, 311.6, 302.23, 324.58, 298.34, 293.99, 298.89, 286.67, 266.3, 305.03, 286.59, 287.36, 285.47, 252.97, 262.3, 259.34, 271.27, 264.09, 260.11, 266.48, 252.72, 275.14, 261.33, 251.38, 258.33, 245.56, 231.11, 289.07, 315.05, 283.7, 269.78, 283.43, 266.13, 282.12, 283.98, 269.83, 307.26, 272.68, 273.63, 265.36]
avgrqsz
[222.64, 224.96, 211.29, 216.04, 212.31, 208.34, 199.57, 193.86, 194.38, 197.7, 188.52, 187.0, 195.89, 192.85, 193.74, 192.67, 198.58, 201.16, 200.72, 201.44, 205.5, 204.91, 208.09, 212.99, 210.77, 214.72, 220.45, 223.54, 223.1, 227.33, 229.99, 231.81, 231.4, 228.04, 230.13, 231.84, 230.77, 230.92, 235.47, 234.23, 230.16, 227.75, 233.18, 233.5, 227.21, 230.17, 226.34, 232.47, 234.5, 229.67, 231.76]
wMB
[26.06, 31.76, 25.9, 30.61, 30.01, 29.62, 32.15, 28.45, 32.02, 30.44, 28.99, 28.03, 30.54, 29.14, 31.44, 28.74, 29.24, 30.06, 28.8, 26.9, 31.33, 29.4, 29.98, 30.44, 26.75, 28.24, 28.68, 30.45, 29.55, 29.66, 30.79, 29.46, 32.02, 29.89, 29.05, 30.06, 28.48, 26.81, 34.24, 37.01, 32.85, 30.85, 33.21, 31.2, 32.22, 32.84, 30.68, 35.89, 32.09, 31.61, 30.91]
rrqm
[32.12, 0.0, 0.0, 0.0, 0.0, 0.0, 0.0, 0.0, 0.0, 0.0, 0.0, 0.0, 0.0, 0.0, 0.0, 0.0, 0.0, 0.0, 0.0, 0.0, 0.0, 0.0, 0.0, 0.0, 0.0, 0.0, 0.0, 0.0, 0.0, 0.0, 0.0, 0.0, 0.0, 0.0, 0.0, 0.0, 0.0, 0.0, 0.0, 0.0, 0.0, 0.0, 0.0, 0.0, 0.0, 0.0, 0.0, 0.0, 0.0, 0.0, 0.0]
w_await
[376.91, 555.08, 541.53, 638.14, 552.61, 560.26, 502.79, 529.74, 488.78, 492.14, 524.42, 528.76, 520.7, 512.55, 480.47, 552.87, 509.09, 532.36, 545.44, 582.27, 540.44, 556.21, 538.03, 564.13, 608.12, 600.55, 607.18, 562.81, 617.26, 608.63, 576.73, 580.05, 581.8, 597.03, 652.93, 619.14, 628.27, 681.9, 544.85, 503.65, 530.64, 583.64, 550.39, 598.8, 534.09, 583.44, 553.51, 518.99, 595.47, 560.76, 598.01]
