34 datos recogidos

cpu data:

user
[33.0, 37.5, 37.0, 31.0, 33.5, 39.3, 33.67, 35.0, 38.19, 38.81, 40.5, 38.5, 41.0, 41.0, 35.0, 37.5, 37.69, 34.65, 31.66, 39.0, 36.82, 36.18, 36.5, 34.17, 38.61, 38.19, 35.0, 39.2, 37.31, 42.79, 38.0, 41.71, 36.5, 35.0]
nice
[0.0, 0.0, 0.0, 0.0, 0.0, 0.0, 0.0, 0.0, 0.0, 0.0, 0.0, 0.0, 0.0, 0.0, 0.0, 0.0, 0.0, 0.5, 0.0, 0.0, 0.0, 0.0, 0.0, 0.0, 0.0, 0.0, 0.0, 0.0, 0.0, 0.0, 0.0, 0.0, 0.0, 0.0]
system
[63.0, 58.5, 63.0, 65.0, 66.5, 60.7, 65.83, 62.0, 61.81, 61.19, 57.0, 61.5, 59.0, 59.0, 65.0, 62.5, 62.31, 64.36, 67.34, 61.0, 63.18, 60.3, 63.5, 65.83, 61.39, 61.31, 65.0, 60.8, 62.69, 56.22, 62.0, 58.29, 63.5, 63.5]
iowait
[4.0, 4.0, 0.0, 4.0, 0.0, 0.0, 0.5, 3.0, 0.0, 0.0, 2.5, 0.0, 0.0, 0.0, 0.0, 0.0, 0.0, 0.5, 1.01, 0.0, 0.0, 3.52, 0.0, 0.0, 0.0, 0.5, 0.0, 0.0, 0.0, 1.0, 0.0, 0.0, 0.0, 1.5]
steal
[0.0, 0.0, 0.0, 0.0, 0.0, 0.0, 0.0, 0.0, 0.0, 0.0, 0.0, 0.0, 0.0, 0.0, 0.0, 0.0, 0.0, 0.0, 0.0, 0.0, 0.0, 0.0, 0.0, 0.0, 0.0, 0.0, 0.0, 0.0, 0.0, 0.0, 0.0, 0.0, 0.0, 0.0]
idle
[0.0, 0.0, 0.0, 0.0, 0.0, 0.0, 0.0, 0.0, 0.0, 0.0, 0.0, 0.0, 0.0, 0.0, 0.0, 0.0, 0.0, 0.0, 0.0, 0.0, 0.0, 0.0, 0.0, 0.0, 0.0, 0.0, 0.0, 0.0, 0.0, 0.0, 0.0, 0.0, 0.0, 0.0]

sda data:

util
[26.4, 19.8, 29.2, 39.8, 21.8, 29.65, 29.35, 29.6, 45.83, 22.49, 24.8, 33.0, 34.0, 33.4, 22.0, 30.4, 35.58, 24.16, 27.54, 36.0, 21.89, 43.62, 17.8, 24.52, 36.24, 32.76, 20.0, 32.36, 29.65, 39.8, 14.2, 30.35, 34.8, 22.2]
r_await
[11.2, 0.0, 0.0, 60.0, 0.0, 0.0, 0.0, 72.0, 0.0, 0.0, 44.0, 0.0, 0.0, 0.0, 8.0, 0.0, 0.0, 0.0, 16.0, 0.0, 0.0, 0.0, 4.0, 0.0, 0.0, 12.0, 0.0, 0.0, 0.0, 16.0, 0.0, 0.0, 0.0, 12.0]
avgqusz
[21.78, 8.69, 13.04, 31.05, 10.32, 13.1, 28.7, 13.03, 35.41, 9.82, 10.48, 26.65, 16.82, 26.9, 10.55, 13.57, 29.54, 12.13, 11.1, 29.74, 10.46, 32.49, 8.9, 10.46, 27.92, 15.08, 8.87, 30.2, 13.18, 31.7, 5.57, 13.61, 28.68, 9.32]
await
[217.78, 90.09, 90.23, 183.73, 106.43, 91.43, 207.08, 108.31, 147.94, 137.7, 86.36, 187.07, 116.03, 101.52, 212.6, 93.94, 177.57, 86.77, 105.89, 178.47, 84.13, 168.98, 84.65, 92.7, 186.9, 103.13, 92.35, 192.16, 103.61, 157.55, 168.28, 94.04, 175.96, 96.06]
rMB
[0.01, 0.0, 0.0, 0.01, 0.0, 0.0, 0.0, 0.02, 0.0, 0.0, 0.01, 0.0, 0.0, 0.0, 0.02, 0.0, 0.0, 0.0, 0.01, 0.0, 0.0, 0.0, 0.02, 0.0, 0.0, 0.01, 0.0, 0.0, 0.0, 0.02, 0.0, 0.0, 0.0, 0.01]
svctm
[2.64, 2.05, 2.02, 2.36, 2.25, 2.07, 2.23, 2.22, 2.27, 2.13, 2.2, 2.19, 2.34, 2.08, 2.21, 2.1, 2.14, 2.05, 2.24, 2.18, 2.02, 2.16, 2.07, 2.09, 2.32, 2.24, 2.08, 2.35, 2.06, 2.22, 2.18, 2.1, 2.13, 2.29]
r
[2.5, 0.0, 0.0, 0.5, 0.0, 0.0, 0.0, 1.0, 0.0, 0.0, 0.5, 0.0, 0.0, 0.0, 1.0, 0.0, 0.0, 0.0, 0.5, 0.0, 0.0, 0.0, 1.0, 0.0, 0.0, 0.5, 0.0, 0.0, 0.0, 1.0, 0.0, 0.0, 0.0, 0.5]
wrqm
[2974.5, 2975.5, 4463.5, 5070.0, 2975.0, 4441.79, 5143.72, 2976.0, 6641.71, 2960.7, 4464.0, 3477.0, 4463.0, 6468.5, 1487.5, 4463.5, 5095.48, 4418.81, 2990.95, 5077.0, 4441.79, 5059.3, 2975.5, 4486.43, 3580.2, 4485.43, 2976.0, 5132.16, 4441.79, 5088.06, 1487.5, 4486.43, 4994.0, 2975.5]
w
[97.5, 96.5, 144.5, 168.5, 97.0, 143.28, 131.66, 132.5, 201.51, 105.47, 112.0, 151.0, 145.0, 160.5, 98.5, 144.5, 166.33, 117.82, 122.61, 165.5, 108.46, 201.51, 85.0, 117.09, 155.94, 145.73, 96.0, 137.69, 144.28, 178.61, 65.0, 144.72, 163.0, 96.5]
avgrqsz
[246.0, 254.67, 255.11, 248.07, 253.36, 256.0, 252.43, 253.39, 255.88, 250.75, 255.0, 252.98, 254.23, 255.88, 248.12, 255.11, 253.08, 253.85, 255.09, 252.64, 254.9, 253.39, 251.95, 256.0, 253.08, 253.47, 256.0, 252.32, 255.59, 254.4, 247.26, 256.0, 253.1, 253.53]
wMB
[12.0, 12.0, 18.0, 20.46, 12.0, 17.91, 16.23, 16.5, 25.18, 12.91, 14.0, 18.65, 18.0, 20.05, 12.04, 18.0, 20.55, 14.6, 15.33, 20.42, 13.5, 24.93, 10.56, 14.64, 19.27, 18.09, 12.0, 16.96, 18.01, 22.29, 7.85, 18.09, 20.14, 12.0]
rrqm
[0.5, 0.0, 0.0, 1.5, 0.0, 0.0, 3.52, 0.0, 0.0, 0.0, 1.5, 0.0, 0.0, 0.0, 3.5, 0.0, 0.0, 0.0, 1.51, 0.0, 0.0, 0.0, 3.5, 0.0, 0.0, 1.51, 0.0, 0.0, 0.0, 3.48, 0.0, 0.0, 0.0, 1.5]
w_await
[223.08, 90.09, 90.23, 184.09, 106.43, 91.43, 207.08, 108.59, 147.94, 137.7, 86.55, 187.07, 116.03, 101.52, 214.68, 93.94, 177.57, 86.77, 106.26, 178.47, 84.13, 168.98, 85.6, 92.7, 186.9, 103.45, 92.35, 192.16, 103.61, 158.34, 168.28, 94.04, 175.96, 96.5]
