85 datos recogidos

cpu data:

user
[0.0, 0.0, 0.0, 0.52, 0.0, 0.0, 0.0, 0.0, 0.0, 0.0, 0.0, 0.53, 0.0, 0.0, 0.53, 0.53, 0.0, 0.0, 0.0, 0.52, 0.0, 0.0, 0.0, 0.53, 0.0, 0.52, 0.0, 0.0, 0.52, 0.0, 0.0, 0.0, 0.0, 0.0, 0.0, 0.0, 0.52, 0.0, 0.52, 0.0, 0.0, 0.53, 0.0, 0.53, 0.53, 0.0, 0.0, 0.0, 0.0, 0.0, 0.0, 0.52, 0.0, 0.0, 0.51, 0.0, 0.0, 0.0, 0.0, 0.52, 0.0, 0.0, 0.0, 0.0, 0.52, 0.0, 1.05, 0.0, 0.52, 0.52, 0.0, 0.52, 0.0, 0.0, 1.02, 0.0, 0.0, 0.0, 0.0, 0.0, 0.52, 0.0, 0.0, 0.0, 1.0]
nice
[0.0, 0.53, 0.0, 0.0, 0.0, 0.0, 0.0, 0.0, 0.0, 0.0, 0.0, 0.53, 0.0, 0.0, 0.0, 0.0, 0.0, 0.0, 0.0, 0.0, 0.0, 0.53, 0.0, 0.0, 0.0, 0.0, 0.0, 0.0, 0.0, 0.0, 0.0, 0.0, 0.0, 0.0, 0.0, 0.0, 0.0, 0.0, 0.0, 0.0, 0.0, 0.0, 0.0, 0.0, 0.0, 0.0, 0.0, 0.0, 0.0, 0.0, 0.0, 0.52, 0.0, 0.0, 0.0, 0.0, 0.0, 0.0, 0.0, 0.0, 0.0, 0.53, 0.0, 0.0, 0.0, 0.0, 0.0, 0.0, 0.0, 0.0, 0.0, 0.52, 0.0, 0.0, 0.0, 0.0, 0.0, 0.0, 0.0, 0.0, 0.0, 0.52, 0.0, 0.0, 0.0]
system
[27.62, 11.7, 6.84, 9.79, 7.29, 8.99, 8.42, 9.52, 9.42, 9.38, 9.47, 10.05, 8.99, 7.03, 7.89, 11.05, 8.6, 5.43, 8.42, 5.7, 5.88, 7.37, 8.81, 6.88, 6.42, 10.42, 9.52, 8.47, 9.38, 10.0, 9.52, 10.64, 10.88, 8.99, 8.47, 8.47, 7.85, 9.52, 7.81, 11.28, 8.33, 8.02, 7.37, 8.95, 8.47, 10.75, 8.85, 8.42, 7.85, 10.42, 8.65, 9.9, 11.46, 8.15, 9.69, 9.84, 10.88, 8.38, 7.77, 9.9, 4.17, 11.11, 10.53, 10.0, 10.47, 9.57, 7.89, 9.47, 9.42, 6.25, 8.51, 9.9, 8.95, 8.47, 9.18, 7.73, 9.38, 7.45, 7.37, 9.33, 7.77, 9.95, 10.94, 7.41, 2.99]
iowait
[72.38, 87.77, 93.16, 89.69, 92.71, 91.01, 91.58, 90.48, 90.58, 90.62, 90.53, 88.89, 91.01, 92.97, 91.58, 88.42, 91.4, 94.57, 91.58, 93.78, 94.12, 92.11, 91.19, 92.59, 93.58, 89.06, 90.48, 91.53, 90.1, 90.0, 90.48, 89.36, 89.12, 91.01, 91.53, 91.53, 91.62, 90.48, 91.67, 88.72, 91.67, 91.44, 92.63, 90.53, 91.01, 89.25, 91.15, 91.58, 92.15, 89.58, 91.35, 89.06, 88.54, 91.85, 89.8, 90.16, 89.12, 91.62, 92.23, 89.58, 95.83, 88.36, 89.47, 90.0, 89.01, 90.43, 91.05, 90.53, 90.05, 93.23, 91.49, 89.06, 91.05, 91.53, 89.8, 92.27, 90.62, 92.55, 92.63, 90.67, 91.71, 89.53, 89.06, 92.59, 96.02]
steal
[0.0, 0.0, 0.0, 0.0, 0.0, 0.0, 0.0, 0.0, 0.0, 0.0, 0.0, 0.0, 0.0, 0.0, 0.0, 0.0, 0.0, 0.0, 0.0, 0.0, 0.0, 0.0, 0.0, 0.0, 0.0, 0.0, 0.0, 0.0, 0.0, 0.0, 0.0, 0.0, 0.0, 0.0, 0.0, 0.0, 0.0, 0.0, 0.0, 0.0, 0.0, 0.0, 0.0, 0.0, 0.0, 0.0, 0.0, 0.0, 0.0, 0.0, 0.0, 0.0, 0.0, 0.0, 0.0, 0.0, 0.0, 0.0, 0.0, 0.0, 0.0, 0.0, 0.0, 0.0, 0.0, 0.0, 0.0, 0.0, 0.0, 0.0, 0.0, 0.0, 0.0, 0.0, 0.0, 0.0, 0.0, 0.0, 0.0, 0.0, 0.0, 0.0, 0.0, 0.0, 0.0]
idle
[0.0, 0.0, 0.0, 0.0, 0.0, 0.0, 0.0, 0.0, 0.0, 0.0, 0.0, 0.0, 0.0, 0.0, 0.0, 0.0, 0.0, 0.0, 0.0, 0.0, 0.0, 0.0, 0.0, 0.0, 0.0, 0.0, 0.0, 0.0, 0.0, 0.0, 0.0, 0.0, 0.0, 0.0, 0.0, 0.0, 0.0, 0.0, 0.0, 0.0, 0.0, 0.0, 0.0, 0.0, 0.0, 0.0, 0.0, 0.0, 0.0, 0.0, 0.0, 0.0, 0.0, 0.0, 0.0, 0.0, 0.0, 0.0, 0.0, 0.0, 0.0, 0.0, 0.0, 0.0, 0.0, 0.0, 0.0, 0.0, 0.0, 0.0, 0.0, 0.0, 0.0, 0.0, 0.0, 0.0, 0.0, 0.0, 0.0, 0.0, 0.0, 0.0, 0.0, 0.0, 0.0]

sde data:

util
[100.33, 106.38, 105.26, 103.09, 104.17, 105.82, 105.26, 105.82, 104.71, 104.17, 105.26, 105.82, 105.82, 108.11, 105.26, 105.26, 107.53, 108.7, 105.26, 103.63, 106.95, 105.26, 103.63, 105.82, 106.95, 104.17, 106.03, 105.82, 104.17, 105.26, 105.82, 106.38, 103.63, 105.82, 105.82, 105.82, 104.71, 105.82, 104.17, 102.77, 104.17, 106.95, 105.26, 105.26, 105.82, 107.53, 104.17, 105.26, 104.71, 104.17, 108.11, 104.17, 104.17, 108.7, 102.04, 103.63, 103.63, 104.71, 103.63, 104.17, 104.17, 105.82, 105.26, 105.26, 104.71, 106.38, 105.26, 105.26, 104.71, 104.17, 106.38, 104.17, 105.26, 105.82, 102.04, 103.09, 104.17, 106.38, 105.47, 103.63, 103.63, 104.71, 104.17, 105.82, 99.5]
r_await
[27.48, 105.33, 185.33, 153.14, 196.8, 152.0, 178.86, 146.67, 151.43, 176.57, 150.29, 149.14, 143.43, 159.43, 148.67, 146.0, 118.86, 126.29, 182.67, 212.67, 161.6, 220.67, 186.67, 172.67, 172.0, 157.14, 157.14, 151.43, 150.67, 175.43, 143.5, 114.86, 158.86, 134.0, 167.33, 149.71, 157.33, 137.14, 166.0, 181.14, 185.33, 147.43, 169.33, 149.14, 127.33, 169.0, 184.67, 166.67, 155.33, 173.71, 111.5, 153.14, 140.5, 125.14, 216.67, 165.33, 196.57, 148.67, 190.0, 190.29, 145.0, 164.0, 150.5, 147.43, 122.0, 156.67, 171.33, 155.43, 173.33, 199.33, 137.14, 152.57, 123.43, 156.0, 214.67, 268.8, 159.43, 165.33, 176.67, 187.33, 194.0, 133.71, 163.43, 108.57, 0.0]
avgqusz
[141.27, 154.66, 149.96, 148.46, 146.96, 152.2, 151.0, 153.81, 147.54, 150.7, 155.96, 150.85, 154.62, 156.06, 156.92, 152.59, 154.37, 154.23, 153.49, 149.29, 155.16, 155.0, 152.3, 153.78, 155.52, 147.97, 148.73, 155.2, 147.38, 152.96, 154.36, 154.17, 149.37, 149.89, 151.59, 156.13, 154.49, 154.07, 149.77, 148.51, 149.0, 156.06, 152.53, 154.0, 155.7, 157.09, 153.58, 154.19, 150.57, 149.94, 157.36, 147.07, 148.36, 157.94, 146.11, 153.62, 149.4, 151.41, 148.09, 148.96, 144.82, 153.15, 149.79, 150.59, 147.25, 153.74, 154.54, 152.05, 154.0, 153.59, 155.71, 150.13, 149.96, 148.81, 142.65, 151.89, 151.2, 153.66, 154.73, 153.09, 153.23, 151.25, 150.85, 154.06, 143.87]
await
[423.18, 717.24, 935.87, 901.23, 808.75, 810.73, 972.56, 886.93, 783.36, 847.06, 811.65, 849.79, 722.03, 850.74, 893.89, 845.76, 686.85, 794.31, 825.44, 1107.35, 835.67, 1025.7, 938.7, 907.12, 855.7, 927.36, 773.41, 843.49, 788.85, 836.08, 811.26, 704.9, 779.32, 794.96, 864.83, 872.82, 854.1, 837.77, 881.0, 896.13, 909.56, 856.26, 952.44, 816.99, 715.03, 1006.04, 772.26, 919.75, 978.67, 850.32, 701.88, 821.29, 720.55, 651.66, 1051.46, 891.29, 928.74, 792.83, 1055.03, 854.12, 953.62, 890.81, 823.69, 769.44, 691.15, 837.81, 940.96, 824.72, 722.7, 1135.51, 891.82, 742.14, 802.5, 730.92, 1109.16, 1044.61, 947.67, 783.1, 1062.11, 905.67, 1019.77, 850.06, 875.29, 765.69, 808.67]
rMB
[0.01, 0.0, 0.0, 0.0, 0.0, 0.0, 0.0, 0.0, 0.0, 0.0, 0.0, 0.0, 0.0, 0.0, 0.0, 0.0, 0.0, 0.0, 0.0, 0.0, 0.0, 0.0, 0.0, 0.0, 0.0, 0.0, 0.0, 0.0, 0.0, 0.0, 0.0, 0.0, 0.0, 0.0, 0.0, 0.0, 0.0, 0.0, 0.0, 0.0, 0.0, 0.0, 0.0, 0.0, 0.0, 0.0, 0.0, 0.0, 0.0, 0.0, 0.0, 0.0, 0.0, 0.0, 0.0, 0.0, 0.0, 0.0, 0.0, 0.0, 0.0, 0.0, 0.0, 0.0, 0.0, 0.0, 0.0, 0.0, 0.0, 0.0, 0.0, 0.0, 0.0, 0.0, 0.0, 0.0, 0.0, 0.0, 0.0, 0.0, 0.0, 0.0, 0.0, 0.0, 0.0]
svctm
[4.31, 5.45, 5.92, 5.93, 7.07, 5.83, 6.25, 5.49, 5.51, 6.47, 5.51, 5.31, 5.68, 5.88, 6.06, 5.13, 5.21, 5.63, 6.49, 7.02, 5.93, 6.62, 6.43, 6.31, 6.45, 5.7, 5.54, 5.78, 5.99, 5.48, 5.18, 5.41, 5.57, 5.48, 5.93, 6.33, 5.51, 5.57, 7.02, 6.15, 6.23, 5.73, 6.06, 5.75, 5.92, 5.62, 5.97, 5.95, 6.92, 5.65, 4.65, 5.56, 5.6, 4.6, 7.33, 6.12, 6.29, 6.39, 6.13, 6.56, 8.51, 4.8, 5.76, 5.33, 5.15, 6.51, 5.88, 5.48, 6.25, 6.83, 5.54, 5.85, 5.45, 5.76, 6.85, 8.66, 5.83, 6.06, 6.59, 6.9, 6.35, 5.45, 5.93, 5.21, 5.87]
r
[12.71, 4.79, 3.16, 3.61, 2.6, 3.7, 3.68, 3.17, 3.66, 3.65, 3.68, 3.7, 3.7, 3.78, 3.16, 4.21, 3.76, 3.8, 3.16, 3.11, 2.67, 3.16, 3.11, 3.17, 3.21, 3.65, 3.7, 3.7, 3.12, 3.68, 4.23, 3.72, 3.63, 4.23, 3.17, 3.7, 3.14, 3.7, 3.12, 3.59, 3.12, 3.74, 3.16, 3.68, 3.17, 4.3, 3.12, 3.16, 3.14, 3.65, 4.32, 3.65, 4.17, 3.8, 3.06, 3.11, 3.63, 3.14, 3.11, 3.65, 2.08, 4.23, 4.21, 3.68, 4.19, 3.19, 3.16, 3.68, 3.14, 3.12, 3.72, 3.65, 3.68, 3.17, 3.06, 2.58, 3.65, 3.19, 3.16, 3.11, 3.11, 3.66, 3.65, 3.7, 0.0]
wrqm
[140.33, 19.15, 16.32, 10.82, 4.17, 2.12, 21.05, 5.82, 23.04, 11.98, 6.84, 2.65, 22.22, 10.27, 2.11, 20.0, 3.76, 20.11, 1.58, 0.0, 19.79, 5.26, 2.59, 17.46, 1.6, 18.23, 2.12, 0.53, 17.71, 1.05, 19.58, 12.23, 2.07, 20.11, 11.64, 1.06, 6.81, 17.99, 3.12, 21.03, 4.17, 2.14, 23.68, 1.05, 19.58, 2.15, 2.6, 18.95, 1.05, 16.67, 11.89, 3.12, 20.31, 13.04, 1.02, 11.92, 1.55, 18.85, 8.81, 1.56, 9.38, 4.23, 23.16, 10.53, 12.04, 2.66, 2.63, 17.89, 10.47, 1.04, 1.6, 18.75, 12.11, 10.05, 4.08, 1.03, 18.23, 10.11, 16.84, 0.52, 3.11, 19.37, 12.5, 12.17, 1.99]
w
[219.89, 190.43, 174.74, 170.1, 144.79, 177.78, 164.74, 189.42, 186.39, 157.29, 187.37, 195.77, 182.54, 180.0, 170.53, 201.05, 202.69, 189.13, 158.95, 144.56, 177.54, 155.79, 158.03, 164.55, 162.57, 179.17, 187.83, 179.37, 170.83, 188.42, 200.0, 193.09, 182.38, 188.89, 175.13, 163.49, 186.91, 186.24, 145.31, 163.59, 164.06, 182.89, 170.53, 179.47, 175.66, 187.1, 171.35, 173.68, 148.17, 180.73, 228.11, 183.85, 181.77, 232.61, 136.22, 166.32, 161.14, 160.73, 165.8, 155.21, 120.31, 216.4, 178.42, 193.68, 198.95, 160.11, 175.79, 188.42, 164.4, 149.48, 188.3, 174.48, 189.47, 180.42, 145.92, 116.49, 175.0, 172.34, 156.84, 147.15, 160.1, 188.48, 171.88, 199.47, 169.65]
avgrqsz
[198.55, 167.32, 158.93, 159.87, 159.41, 162.73, 164.23, 157.03, 163.81, 157.34, 164.83, 162.31, 166.07, 157.4, 159.1, 158.91, 162.03, 161.69, 145.44, 148.4, 153.18, 155.95, 165.78, 156.99, 163.13, 160.61, 155.39, 156.41, 157.11, 156.95, 160.48, 167.8, 158.34, 161.51, 164.2, 157.35, 156.98, 160.3, 166.36, 162.48, 157.64, 160.16, 163.57, 160.85, 162.86, 155.81, 160.88, 153.22, 170.15, 158.8, 160.54, 158.74, 160.11, 157.3, 159.92, 155.88, 170.69, 165.69, 162.38, 164.7, 160.15, 166.1, 163.62, 160.11, 158.26, 156.28, 154.65, 157.17, 161.38, 155.12, 160.06, 159.0, 156.28, 162.56, 155.11, 163.97, 161.19, 168.6, 162.24, 163.35, 155.45, 170.4, 165.62, 165.65, 157.72]
wMB
[22.54, 15.95, 13.8, 13.56, 11.47, 14.42, 13.5, 14.77, 15.2, 12.36, 15.38, 15.81, 15.1, 14.12, 13.49, 15.93, 16.33, 15.23, 11.51, 10.7, 13.48, 12.1, 13.04, 12.86, 13.2, 14.34, 14.53, 13.98, 13.34, 14.72, 16.0, 16.12, 14.38, 15.23, 14.29, 12.84, 14.57, 14.87, 12.06, 13.26, 12.87, 14.59, 13.87, 14.38, 14.22, 14.56, 13.7, 13.23, 12.57, 14.29, 18.22, 14.53, 14.53, 18.16, 10.87, 12.89, 13.73, 13.26, 13.39, 12.77, 9.57, 17.89, 14.59, 15.43, 15.7, 12.46, 13.51, 14.74, 13.2, 11.56, 15.01, 13.83, 14.74, 14.57, 11.28, 9.53, 14.06, 14.45, 12.67, 11.98, 12.39, 15.99, 14.19, 16.43, 13.07]
rrqm
[0.0, 0.0, 0.0, 0.0, 0.0, 0.0, 0.0, 0.0, 0.0, 0.0, 0.0, 0.0, 0.0, 0.0, 0.0, 0.0, 0.0, 0.0, 0.0, 0.0, 0.0, 0.0, 0.0, 0.0, 0.0, 0.0, 0.0, 0.0, 0.0, 0.0, 0.0, 0.0, 0.0, 0.0, 0.0, 0.0, 0.0, 0.0, 0.0, 0.0, 0.0, 0.0, 0.0, 0.0, 0.0, 0.0, 0.0, 0.0, 0.0, 0.0, 0.0, 0.0, 0.0, 0.0, 0.0, 0.0, 0.0, 0.0, 0.0, 0.0, 0.0, 0.0, 0.0, 0.0, 0.0, 0.0, 0.0, 0.0, 0.0, 0.0, 0.0, 0.0, 0.0, 0.0, 0.0, 0.0, 0.0, 0.0, 0.0, 0.0, 0.0, 0.0, 0.0, 0.0, 0.0]
w_await
[446.05, 732.63, 949.43, 917.1, 819.76, 824.45, 990.31, 899.34, 795.79, 862.6, 824.65, 863.05, 733.77, 865.27, 907.69, 860.42, 697.4, 807.75, 838.21, 1126.59, 845.82, 1042.01, 953.5, 921.29, 869.2, 943.03, 785.57, 857.78, 800.52, 848.99, 825.4, 716.28, 791.66, 809.77, 877.47, 889.2, 865.82, 851.7, 896.37, 911.82, 923.35, 870.77, 966.94, 830.7, 725.65, 1025.29, 782.98, 933.44, 996.13, 863.97, 713.07, 834.54, 733.85, 660.27, 1070.22, 904.86, 945.22, 805.42, 1071.25, 869.72, 967.62, 905.03, 839.58, 781.27, 703.14, 851.39, 954.79, 837.81, 733.2, 1155.08, 906.75, 754.46, 815.7, 741.03, 1127.93, 1061.77, 964.1, 794.54, 1079.93, 920.85, 1035.81, 863.99, 890.39, 777.89, 808.67]
