17 datos recogidos

cpu data:

user
[34.5, 35.0, 33.33, 39.8, 52.53, 34.0, 32.66, 33.0, 32.84, 34.67, 31.0, 35.82, 35.0, 33.5, 38.5, 36.18, 33.5]
nice
[0.0, 0.0, 0.0, 0.0, 0.0, 0.0, 0.0, 0.0, 0.0, 0.0, 0.5, 0.0, 0.0, 0.0, 0.0, 0.0, 0.0]
system
[55.5, 57.5, 52.02, 52.24, 45.45, 59.0, 66.33, 67.0, 59.2, 64.82, 68.0, 60.2, 65.0, 66.0, 61.5, 63.82, 63.5]
iowait
[10.0, 7.5, 14.65, 7.96, 2.02, 7.0, 1.01, 0.0, 7.96, 0.5, 0.5, 3.98, 0.0, 0.5, 0.0, 0.0, 3.0]
steal
[0.0, 0.0, 0.0, 0.0, 0.0, 0.0, 0.0, 0.0, 0.0, 0.0, 0.0, 0.0, 0.0, 0.0, 0.0, 0.0, 0.0]
idle
[0.0, 0.0, 0.0, 0.0, 0.0, 0.0, 0.0, 0.0, 0.0, 0.0, 0.0, 0.0, 0.0, 0.0, 0.0, 0.0, 0.0]

sdb data:

util
[24.0, 62.4, 88.48, 31.64, 42.83, 64.8, 73.97, 72.8, 60.7, 66.93, 87.6, 47.56, 61.2, 62.0, 67.0, 88.84, 46.4]
r_await
[0.0, 0.0, 0.0, 0.0, 0.0, 0.0, 0.0, 64.0, 0.0, 0.0, 0.0, 84.0, 0.0, 0.0, 0.0, 0.0, 0.0]
avgqusz
[32.93, 34.17, 92.14, 17.58, 22.86, 68.43, 35.92, 60.18, 56.57, 31.83, 88.26, 22.45, 42.78, 63.86, 31.26, 92.42, 22.89]
await
[260.36, 382.32, 537.68, 228.97, 237.81, 553.42, 247.35, 243.95, 604.84, 238.8, 464.39, 266.19, 209.64, 592.88, 241.99, 431.13, 296.42]
rMB
[0.0, 0.0, 0.0, 0.01, 0.0, 0.0, 0.0, 0.02, 0.0, 0.0, 0.0, 0.01, 0.0, 0.0, 0.0, 0.02, 0.0]
svctm
[5.45, 4.73, 5.03, 4.68, 4.74, 4.8, 5.09, 4.82, 4.92, 4.83, 4.76, 4.66, 4.6, 4.7, 4.8, 4.74, 4.69]
r
[0.0, 0.0, 0.0, 0.5, 0.0, 0.0, 0.0, 0.5, 0.0, 0.0, 0.0, 0.5, 0.0, 0.0, 0.0, 1.01, 0.0]
wrqm
[2974.5, 2976.0, 4957.58, 2960.7, 4008.08, 1933.5, 4485.93, 6944.0, 2461.69, 4486.43, 4847.5, 2960.7, 5967.5, 3395.0, 2976.0, 6350.25, 2975.5]
w
[44.0, 132.0, 175.76, 67.16, 90.4, 135.0, 145.23, 150.5, 123.38, 138.69, 184.0, 101.49, 133.0, 132.0, 139.5, 186.43, 99.0]
avgrqsz
[247.64, 255.88, 256.0, 244.53, 256.0, 253.93, 255.11, 255.36, 252.65, 255.97, 256.0, 250.93, 256.0, 253.24, 255.97, 254.82, 251.76]
wMB
[5.32, 16.49, 21.97, 8.07, 11.3, 16.74, 18.09, 18.81, 15.22, 17.33, 23.0, 12.49, 16.62, 16.32, 17.44, 23.3, 12.17]
rrqm
[0.0, 0.0, 0.0, 1.49, 0.0, 0.0, 0.0, 3.5, 0.0, 0.0, 0.0, 1.49, 0.0, 0.0, 0.0, 3.52, 0.0]
w_await
[260.36, 382.32, 537.68, 230.67, 237.81, 553.42, 247.35, 244.54, 604.84, 238.8, 464.39, 267.08, 209.64, 592.88, 241.99, 433.46, 296.42]
