44 datos recogidos

cpu data:

user
[0.61, 0.0, 0.0, 0.0, 0.0, 0.57, 0.0, 0.0, 0.0, 0.64, 0.0, 0.0, 0.0, 0.0, 0.6, 0.0, 0.0, 0.0, 0.0, 0.0, 0.0, 0.0, 0.0, 0.0, 0.0, 0.0, 0.0, 0.0, 0.0, 0.0, 0.0, 0.0, 0.0, 0.0, 0.0, 0.0, 0.0, 0.0, 0.0, 0.62, 0.61, 0.0, 0.0, 0.0]
nice
[0.0, 0.0, 0.55, 0.0, 0.0, 0.0, 0.0, 0.62, 0.0, 0.0, 0.0, 0.0, 0.0, 0.0, 0.0, 0.0, 0.0, 0.0, 0.0, 0.0, 0.0, 0.0, 0.0, 0.0, 0.0, 0.0, 0.0, 0.59, 0.0, 0.0, 0.0, 0.0, 0.0, 0.0, 0.0, 0.0, 0.0, 0.61, 0.0, 0.0, 0.0, 0.0, 0.0, 0.0]
system
[26.67, 4.38, 12.15, 9.49, 7.98, 9.14, 10.98, 8.07, 8.77, 7.01, 8.54, 9.3, 8.07, 10.18, 8.93, 8.64, 6.55, 13.17, 7.45, 5.78, 13.12, 7.93, 10.34, 6.37, 8.59, 10.8, 7.05, 5.88, 11.04, 7.41, 9.04, 9.62, 8.07, 11.49, 8.64, 5.17, 12.58, 7.36, 10.92, 8.7, 9.76, 10.29, 12.2, 4.65]
iowait
[72.73, 95.62, 87.29, 90.51, 92.02, 90.29, 89.02, 91.3, 91.23, 92.36, 91.46, 90.7, 91.93, 89.82, 90.48, 91.36, 93.45, 86.83, 92.55, 94.22, 86.88, 92.07, 89.66, 93.63, 91.41, 89.2, 92.95, 93.53, 88.96, 92.59, 90.96, 90.38, 91.93, 88.51, 91.36, 94.83, 87.42, 92.02, 89.08, 90.68, 89.63, 89.71, 87.8, 95.35]
steal
[0.0, 0.0, 0.0, 0.0, 0.0, 0.0, 0.0, 0.0, 0.0, 0.0, 0.0, 0.0, 0.0, 0.0, 0.0, 0.0, 0.0, 0.0, 0.0, 0.0, 0.0, 0.0, 0.0, 0.0, 0.0, 0.0, 0.0, 0.0, 0.0, 0.0, 0.0, 0.0, 0.0, 0.0, 0.0, 0.0, 0.0, 0.0, 0.0, 0.0, 0.0, 0.0, 0.0, 0.0]
idle
[0.0, 0.0, 0.0, 0.0, 0.0, 0.0, 0.0, 0.0, 0.0, 0.0, 0.0, 0.0, 0.0, 0.0, 0.0, 0.0, 0.0, 0.0, 0.0, 0.0, 0.0, 0.0, 0.0, 0.0, 0.0, 0.0, 0.0, 0.0, 0.0, 0.0, 0.0, 0.0, 0.0, 0.0, 0.0, 0.0, 0.0, 0.0, 0.0, 0.0, 0.0, 0.0, 0.0, 0.0]

sde data:

util
[109.09, 125.0, 110.5, 126.58, 122.7, 114.29, 121.95, 124.22, 116.73, 127.39, 121.95, 116.28, 124.22, 119.76, 119.05, 123.46, 119.05, 119.76, 124.22, 115.61, 124.75, 121.95, 114.94, 127.39, 122.7, 113.64, 128.21, 117.65, 122.7, 123.46, 113.22, 128.21, 124.22, 114.94, 123.46, 114.94, 125.79, 122.7, 114.71, 124.22, 121.95, 114.06, 121.95, 116.28]
r_await
[0.0, 0.0, 0.0, 0.0, 0.0, 0.0, 0.0, 0.0, 0.0, 28.0, 0.0, 0.0, 0.0, 0.0, 0.0, 0.0, 0.0, 0.0, 0.0, 0.0, 0.0, 0.0, 0.0, 0.0, 0.0, 0.0, 0.0, 0.0, 0.0, 0.0, 0.0, 0.0, 0.0, 0.0, 0.0, 0.0, 0.0, 0.0, 0.0, 0.0, 0.0, 0.0, 0.0, 0.0]
avgqusz
[155.71, 179.79, 135.59, 182.55, 177.19, 135.94, 175.86, 179.64, 142.7, 183.19, 174.73, 143.1, 178.51, 172.95, 145.56, 177.81, 169.04, 148.36, 178.53, 153.4, 165.31, 175.61, 139.98, 183.52, 177.17, 146.4, 185.13, 164.76, 153.96, 176.81, 137.44, 184.84, 179.41, 153.01, 176.84, 147.4, 172.7, 176.3, 139.91, 177.71, 174.44, 134.51, 174.96, 156.5]
await
[516.41, 492.16, 740.03, 576.31, 433.04, 802.14, 529.92, 378.89, 923.04, 616.79, 553.24, 667.48, 506.6, 520.12, 833.54, 465.17, 696.38, 573.22, 755.17, 566.99, 547.56, 712.46, 590.52, 602.84, 615.15, 664.43, 335.67, 994.88, 430.04, 779.72, 618.45, 528.86, 625.43, 642.82, 670.65, 651.96, 552.82, 582.16, 608.8, 597.42, 723.51, 544.14, 585.65, 698.51]
rMB
[0.0, 0.0, 0.0, 0.0, 0.0, 0.0, 0.0, 0.0, 0.0, 0.0, 0.0, 0.0, 0.0, 0.0, 0.0, 0.0, 0.0, 0.0, 0.0, 0.0, 0.0, 0.0, 0.0, 0.0, 0.0, 0.0, 0.0, 0.0, 0.0, 0.0, 0.0, 0.0, 0.0, 0.0, 0.0, 0.0, 0.0, 0.0, 0.0, 0.0, 0.0, 0.0, 0.0, 0.0]
svctm
[4.47, 4.58, 4.36, 4.65, 4.45, 4.51, 4.45, 4.62, 4.43, 4.5, 4.63, 4.4, 4.63, 4.44, 4.54, 4.47, 4.46, 4.46, 4.59, 4.38, 4.53, 4.61, 4.42, 4.64, 4.5, 4.63, 4.51, 4.6, 4.45, 4.62, 4.43, 4.62, 4.45, 4.59, 4.46, 4.56, 4.49, 4.6, 4.4, 4.74, 4.5, 4.58, 4.44, 4.56]
r
[0.0, 0.0, 0.0, 0.0, 0.0, 0.0, 0.0, 0.0, 0.0, 0.64, 0.0, 0.0, 0.0, 0.0, 0.0, 0.0, 0.0, 0.0, 0.0, 0.0, 0.0, 0.0, 0.0, 0.0, 0.0, 0.0, 0.0, 0.0, 0.0, 0.0, 0.0, 0.0, 0.0, 0.0, 0.0, 0.0, 0.0, 0.0, 0.0, 0.0, 0.0, 0.0, 0.0, 0.0]
wrqm
[7.27, 0.0, 5.52, 0.0, 0.0, 6.29, 0.0, 0.0, 4.68, 0.0, 0.0, 5.81, 0.0, 0.0, 4.76, 0.0, 0.0, 4.79, 0.0, 5.2, 0.0, 0.0, 5.17, 0.0, 0.0, 5.11, 0.0, 0.0, 6.13, 0.0, 5.08, 0.0, 0.0, 5.17, 0.0, 5.17, 0.0, 0.0, 5.17, 0.0, 0.0, 5.14, 0.61, 0.0]
w
[244.24, 273.12, 253.59, 272.15, 275.46, 253.14, 273.78, 268.94, 263.74, 282.17, 263.41, 264.53, 268.32, 269.46, 262.5, 275.93, 266.67, 268.26, 270.81, 264.16, 275.62, 264.63, 260.34, 274.52, 272.39, 245.45, 283.97, 255.88, 275.46, 267.28, 255.37, 277.56, 278.88, 250.57, 276.54, 252.3, 279.87, 266.87, 260.92, 262.11, 270.73, 249.14, 274.39, 255.23]
avgrqsz
[234.48, 238.1, 235.57, 238.07, 238.15, 235.3, 238.15, 238.0, 233.93, 236.13, 238.07, 235.25, 237.69, 237.58, 235.43, 238.14, 235.7, 236.62, 236.15, 236.69, 237.39, 236.15, 234.17, 237.61, 236.41, 235.61, 237.18, 234.28, 236.04, 234.4, 235.27, 236.82, 234.14, 235.63, 235.14, 236.56, 233.74, 236.82, 234.61, 236.38, 235.86, 234.29, 236.82, 236.21]
wMB
[27.96, 31.75, 29.17, 31.64, 32.03, 29.08, 31.84, 31.25, 30.13, 32.6, 30.62, 30.39, 31.14, 31.26, 30.18, 32.08, 30.69, 31.0, 31.23, 30.53, 31.95, 30.51, 29.77, 31.85, 31.44, 28.24, 32.89, 29.27, 31.75, 30.59, 29.34, 32.1, 31.88, 28.83, 31.75, 29.14, 31.94, 30.86, 29.89, 30.25, 31.18, 28.5, 31.73, 29.44]
rrqm
[0.0, 0.0, 0.0, 0.0, 0.0, 0.0, 0.0, 0.0, 0.0, 0.0, 0.0, 0.0, 0.0, 0.0, 0.0, 0.0, 0.0, 0.0, 0.0, 0.0, 0.0, 0.0, 0.0, 0.0, 0.0, 0.0, 0.0, 0.0, 0.0, 0.0, 0.0, 0.0, 0.0, 0.0, 0.0, 0.0, 0.0, 0.0, 0.0, 0.0, 0.0, 0.0, 0.0, 0.0]
w_await
[516.41, 492.16, 740.03, 576.31, 433.04, 802.14, 529.92, 378.89, 923.04, 618.12, 553.24, 667.48, 506.6, 520.12, 833.54, 465.17, 696.38, 573.22, 755.17, 566.99, 547.56, 712.46, 590.52, 602.84, 615.15, 664.43, 335.67, 994.88, 430.04, 779.72, 618.45, 528.86, 625.43, 642.82, 670.65, 651.96, 552.82, 582.16, 608.8, 597.42, 723.51, 544.14, 585.65, 698.51]
