64 datos recogidos

cpu data:

user
[0.55, 0.0, 0.0, 0.0, 0.0, 0.0, 0.54, 0.0, 0.0, 0.0, 0.0, 0.52, 0.0, 0.0, 0.0, 0.0, 0.52, 0.0, 0.0, 0.0, 0.0, 0.0, 0.0, 0.0, 0.52, 0.0, 0.0, 0.0, 0.0, 0.0, 0.0, 0.0, 0.0, 0.0, 0.0, 0.0, 0.0, 0.0, 0.0, 0.0, 0.0, 0.0, 0.0, 0.0, 0.0, 0.0, 0.0, 0.0, 0.0, 0.0, 0.0, 0.0, 0.0, 0.0, 0.54, 0.0, 0.0, 0.52, 0.0, 0.0, 0.51, 0.0, 0.0, 0.0]
nice
[0.0, 0.0, 1.05, 0.0, 0.0, 0.0, 0.0, 0.0, 0.0, 0.0, 0.0, 0.0, 0.0, 0.0, 0.0, 0.0, 0.0, 0.0, 0.0, 0.0, 0.0, 0.0, 0.0, 0.53, 0.0, 0.0, 0.0, 0.0, 0.0, 0.0, 0.0, 0.0, 0.0, 0.55, 0.0, 0.0, 0.0, 0.0, 0.0, 0.0, 0.0, 0.0, 0.0, 0.54, 0.0, 0.0, 0.0, 0.0, 0.0, 0.0, 0.0, 0.0, 0.0, 0.0, 0.0, 0.0, 0.0, 0.0, 0.0, 0.0, 0.0, 0.0, 0.0, 0.51]
system
[17.13, 1.09, 1.57, 3.19, 0.55, 0.5, 5.41, 1.06, 5.15, 1.67, 0.52, 4.69, 1.65, 1.02, 5.88, 1.08, 2.58, 2.73, 0.0, 6.28, 1.64, 0.0, 4.86, 1.07, 3.66, 1.11, 0.51, 5.91, 0.54, 3.63, 3.87, 0.0, 6.88, 2.2, 0.0, 4.52, 1.06, 3.24, 1.1, 0.0, 5.49, 0.53, 0.5, 8.7, 1.05, 4.21, 2.21, 0.0, 8.42, 1.08, 4.06, 1.12, 0.0, 6.81, 1.09, 0.0, 6.52, 1.04, 5.08, 2.2, 0.0, 6.91, 2.14, 3.03]
iowait
[82.32, 98.91, 97.38, 96.81, 99.45, 99.5, 94.05, 98.94, 94.85, 98.33, 99.48, 94.79, 98.35, 98.98, 94.12, 98.92, 96.91, 97.27, 100.0, 93.72, 98.36, 100.0, 95.14, 98.4, 95.81, 98.89, 99.49, 94.09, 99.46, 96.37, 96.13, 100.0, 93.12, 97.25, 100.0, 95.48, 98.94, 96.76, 98.9, 100.0, 94.51, 99.47, 99.5, 90.76, 98.95, 95.79, 97.79, 100.0, 91.58, 98.92, 95.94, 98.88, 100.0, 93.19, 98.37, 100.0, 93.48, 98.44, 94.92, 97.8, 99.49, 93.09, 97.86, 96.46]
steal
[0.0, 0.0, 0.0, 0.0, 0.0, 0.0, 0.0, 0.0, 0.0, 0.0, 0.0, 0.0, 0.0, 0.0, 0.0, 0.0, 0.0, 0.0, 0.0, 0.0, 0.0, 0.0, 0.0, 0.0, 0.0, 0.0, 0.0, 0.0, 0.0, 0.0, 0.0, 0.0, 0.0, 0.0, 0.0, 0.0, 0.0, 0.0, 0.0, 0.0, 0.0, 0.0, 0.0, 0.0, 0.0, 0.0, 0.0, 0.0, 0.0, 0.0, 0.0, 0.0, 0.0, 0.0, 0.0, 0.0, 0.0, 0.0, 0.0, 0.0, 0.0, 0.0, 0.0, 0.0]
idle
[0.0, 0.0, 0.0, 0.0, 0.0, 0.0, 0.0, 0.0, 0.0, 0.0, 0.0, 0.0, 0.0, 0.0, 0.0, 0.0, 0.0, 0.0, 0.0, 0.0, 0.0, 0.0, 0.0, 0.0, 0.0, 0.0, 0.0, 0.0, 0.0, 0.0, 0.0, 0.0, 0.0, 0.0, 0.0, 0.0, 0.0, 0.0, 0.0, 0.0, 0.0, 0.0, 0.0, 0.0, 0.0, 0.0, 0.0, 0.0, 0.0, 0.0, 0.0, 0.0, 0.0, 0.0, 0.0, 0.0, 0.0, 0.0, 0.0, 0.0, 0.0, 0.0, 0.0, 0.0]

sda data:

util
[95.03, 109.29, 104.71, 106.38, 110.5, 100.5, 108.11, 105.82, 103.09, 111.33, 104.17, 104.17, 109.89, 102.04, 106.95, 108.11, 103.09, 109.29, 103.09, 104.71, 109.29, 102.56, 108.11, 106.95, 104.71, 111.11, 102.04, 107.53, 108.11, 103.63, 110.5, 103.63, 105.82, 109.89, 101.52, 112.99, 105.82, 108.11, 110.5, 101.52, 109.89, 106.95, 100.5, 108.48, 105.26, 105.26, 110.5, 101.52, 105.05, 107.53, 101.52, 112.36, 103.63, 104.71, 108.7, 101.01, 108.7, 104.17, 101.73, 109.89, 102.04, 106.38, 106.95, 101.01]
r_await
[0.0, 0.0, 0.0, 0.0, 0.0, 0.0, 0.0, 0.0, 0.0, 0.0, 0.0, 0.0, 0.0, 0.0, 0.0, 0.0, 0.0, 0.0, 0.0, 0.0, 0.0, 0.0, 0.0, 0.0, 0.0, 0.0, 0.0, 0.0, 0.0, 0.0, 0.0, 0.0, 0.0, 0.0, 0.0, 0.0, 0.0, 0.0, 0.0, 0.0, 0.0, 0.0, 0.0, 0.0, 0.0, 0.0, 0.0, 0.0, 0.0, 0.0, 0.0, 0.0, 0.0, 0.0, 0.0, 0.0, 0.0, 0.0, 0.0, 0.0, 0.0, 0.0, 0.0, 0.0]
avgqusz
[136.18, 157.33, 137.91, 90.91, 159.1, 100.62, 129.43, 150.02, 75.77, 159.28, 136.42, 85.87, 157.41, 121.73, 99.39, 150.37, 80.52, 157.0, 132.59, 88.12, 157.0, 113.41, 114.1, 142.65, 86.77, 158.83, 119.28, 107.16, 147.34, 81.42, 159.23, 128.21, 96.98, 158.33, 76.94, 158.68, 137.38, 125.22, 157.99, 91.18, 136.31, 152.98, 98.02, 125.29, 136.54, 86.09, 157.9, 118.27, 106.04, 153.89, 71.25, 161.97, 130.17, 92.8, 155.49, 88.4, 128.82, 144.22, 59.43, 94.44, 115.29, 103.54, 152.4, 74.76]
await
[872.54, 1908.91, 1885.29, 1316.39, 1638.09, 1947.03, 1056.53, 1910.07, 1674.76, 1271.0, 1995.36, 1562.94, 1644.38, 2066.81, 1240.68, 1812.78, 1728.15, 1446.68, 2048.91, 1375.89, 1678.51, 2052.89, 1178.03, 1928.11, 1462.27, 1625.17, 2040.79, 1213.55, 1886.58, 1572.88, 1520.96, 2039.71, 1336.2, 1786.93, 2058.31, 814.62, 1629.84, 2277.29, 1732.31, 2275.91, 1093.69, 2048.35, 2092.43, 1111.7, 2005.11, 1422.36, 1469.83, 2092.2, 1399.91, 1800.03, 2106.09, 1089.78, 2090.67, 1353.31, 1824.06, 2135.34, 1061.15, 1978.97, 1969.46, 697.05, 1481.82, 1600.5, 1642.6, 2377.86]
rMB
[0.0, 0.0, 0.0, 0.0, 0.0, 0.0, 0.0, 0.0, 0.0, 0.0, 0.0, 0.0, 0.0, 0.0, 0.0, 0.0, 0.0, 0.0, 0.0, 0.0, 0.0, 0.0, 0.0, 0.0, 0.0, 0.0, 0.0, 0.0, 0.0, 0.0, 0.0, 0.0, 0.0, 0.0, 0.0, 0.0, 0.0, 0.0, 0.0, 0.0, 0.0, 0.0, 0.0, 0.0, 0.0, 0.0, 0.0, 0.0, 0.0, 0.0, 0.0, 0.0, 0.0, 0.0, 0.0, 0.0, 0.0, 0.0, 0.0, 0.0, 0.0, 0.0, 0.0, 0.0]
svctm
[13.54, 13.33, 13.16, 13.89, 13.42, 13.42, 13.99, 13.42, 13.79, 13.92, 14.6, 15.15, 14.49, 14.18, 14.71, 14.39, 14.71, 14.39, 14.29, 14.29, 14.29, 14.39, 14.49, 14.18, 14.39, 14.29, 14.18, 14.39, 14.18, 14.71, 14.18, 14.39, 14.6, 14.08, 14.29, 14.39, 14.39, 14.71, 14.18, 14.71, 14.81, 14.71, 14.49, 15.12, 14.29, 14.93, 14.49, 14.29, 14.57, 14.29, 14.71, 14.6, 14.18, 15.27, 15.15, 14.93, 15.5, 15.15, 15.53, 15.5, 15.15, 15.75, 15.27, 15.04]
r
[0.0, 0.0, 0.0, 0.0, 0.0, 0.0, 0.0, 0.0, 0.0, 0.0, 0.0, 0.0, 0.0, 0.0, 0.0, 0.0, 0.0, 0.0, 0.0, 0.0, 0.0, 0.0, 0.0, 0.0, 0.0, 0.0, 0.0, 0.0, 0.0, 0.0, 0.0, 0.0, 0.0, 0.0, 0.0, 0.0, 0.0, 0.0, 0.0, 0.0, 0.0, 0.0, 0.0, 0.0, 0.0, 0.0, 0.0, 0.0, 0.0, 0.0, 0.0, 0.0, 0.0, 0.0, 0.0, 0.0, 0.0, 0.0, 0.0, 0.0, 0.0, 0.0, 0.0, 0.0]
wrqm
[0.0, 0.0, 2.62, 0.0, 0.0, 3.02, 0.0, 3.17, 0.0, 0.0, 2.6, 0.0, 0.0, 3.06, 0.0, 2.7, 0.0, 0.0, 2.58, 0.0, 0.0, 3.08, 0.0, 2.67, 0.0, 0.0, 2.55, 0.0, 3.24, 0.0, 1.1, 2.59, 0.0, 0.0, 2.54, 0.0, 3.17, 0.0, 0.0, 2.54, 0.0, 0.0, 3.02, 0.0, 2.63, 0.0, 0.0, 2.54, 0.0, 3.23, 0.0, 0.0, 2.59, 1.05, 0.0, 2.53, 0.0, 3.12, 0.0, 0.0, 3.06, 0.0, 2.67, 0.0]
w
[70.17, 81.97, 79.58, 76.6, 82.32, 74.87, 77.3, 78.84, 74.74, 80.0, 71.35, 68.75, 75.82, 71.94, 72.73, 75.14, 70.1, 75.96, 72.16, 73.3, 76.5, 71.28, 74.59, 75.4, 72.77, 77.78, 71.94, 74.73, 76.22, 70.47, 77.9, 72.02, 72.49, 78.02, 71.07, 78.53, 73.54, 73.51, 77.9, 69.04, 74.18, 72.73, 69.35, 71.74, 73.68, 70.53, 76.24, 71.07, 72.11, 75.27, 69.04, 76.97, 73.06, 68.59, 71.74, 67.68, 70.11, 68.75, 65.48, 70.88, 67.35, 67.55, 70.05, 67.17]
avgrqsz
[256.0, 256.0, 256.0, 252.83, 256.0, 256.0, 252.87, 254.28, 252.91, 256.0, 256.0, 246.91, 256.0, 256.0, 252.71, 256.0, 250.82, 256.0, 256.0, 252.74, 256.0, 256.0, 252.75, 256.0, 252.72, 256.0, 256.0, 252.72, 254.18, 252.71, 256.0, 256.0, 250.98, 256.0, 256.0, 252.72, 256.0, 252.71, 256.0, 256.0, 252.62, 256.0, 256.0, 252.61, 256.0, 252.6, 256.0, 256.0, 252.67, 256.0, 252.71, 256.0, 256.0, 252.52, 256.0, 256.0, 250.05, 256.0, 252.53, 250.79, 254.06, 251.84, 254.05, 251.97]
wMB
[8.77, 10.25, 9.95, 9.46, 10.29, 9.36, 9.54, 9.79, 9.23, 10.0, 8.92, 8.29, 9.48, 8.99, 8.97, 9.39, 8.59, 9.49, 9.02, 9.05, 9.56, 8.91, 9.21, 9.43, 8.98, 9.72, 8.99, 9.22, 9.46, 8.69, 9.74, 9.0, 8.88, 9.75, 8.88, 9.69, 9.19, 9.07, 9.74, 8.63, 9.15, 9.09, 8.67, 8.85, 9.21, 8.7, 9.53, 8.88, 8.9, 9.41, 8.52, 9.62, 9.13, 8.46, 8.97, 8.46, 8.56, 8.59, 8.07, 8.68, 8.35, 8.31, 8.69, 8.26]
rrqm
[0.0, 0.0, 0.0, 0.0, 0.0, 0.0, 0.0, 0.0, 0.0, 0.0, 0.0, 0.0, 0.0, 0.0, 0.0, 0.0, 0.0, 0.0, 0.0, 0.0, 0.0, 0.0, 0.0, 0.0, 0.0, 0.0, 0.0, 0.0, 0.0, 0.0, 0.0, 0.0, 0.0, 0.0, 0.0, 0.0, 0.0, 0.0, 0.0, 0.0, 0.0, 0.0, 0.0, 0.0, 0.0, 0.0, 0.0, 0.0, 0.0, 0.0, 0.0, 0.0, 0.0, 0.0, 0.0, 0.0, 0.0, 0.0, 0.0, 0.0, 0.0, 0.0, 0.0, 0.0]
w_await
[872.54, 1908.91, 1885.29, 1316.39, 1638.09, 1947.03, 1056.53, 1910.07, 1674.76, 1271.0, 1995.36, 1562.94, 1644.38, 2066.81, 1240.68, 1812.78, 1728.15, 1446.68, 2048.91, 1375.89, 1678.51, 2052.89, 1178.03, 1928.11, 1462.27, 1625.17, 2040.79, 1213.55, 1886.58, 1572.88, 1520.96, 2039.71, 1336.2, 1786.93, 2058.31, 814.62, 1629.84, 2277.29, 1732.31, 2275.91, 1093.69, 2048.35, 2092.43, 1111.7, 2005.11, 1422.36, 1469.83, 2092.2, 1399.91, 1800.03, 2106.09, 1089.78, 2090.67, 1353.31, 1824.06, 2135.34, 1061.15, 1978.97, 1969.46, 697.05, 1481.82, 1600.5, 1642.6, 2377.86]
