61 datos recogidos

cpu data:

user
[42.5, 37.69, 37.5, 37.81, 34.34, 40.3, 35.18, 40.3, 39.5, 34.17, 40.5, 42.0, 37.5, 40.0, 35.5, 36.5, 38.81, 40.7, 37.5, 36.82, 40.7, 36.82, 38.0, 35.0, 35.0, 36.5, 35.68, 42.79, 37.0, 37.5, 42.93, 40.3, 35.5, 37.0, 37.5, 37.5, 38.0, 38.5, 39.5, 38.69, 41.29, 35.0, 39.0, 41.79, 38.69, 34.0, 35.5, 38.5, 35.5, 38.81, 35.18, 38.81, 36.87, 36.5, 36.82, 36.18, 37.5, 39.0, 43.5, 38.69, 36.82]
nice
[0.5, 0.0, 0.0, 0.0, 0.0, 0.0, 0.0, 0.0, 0.0, 0.0, 0.0, 0.0, 0.0, 0.0, 0.0, 0.0, 0.0, 0.0, 0.0, 0.0, 0.5, 0.0, 0.0, 0.0, 0.0, 0.0, 0.0, 0.0, 0.0, 0.0, 0.51, 0.0, 0.0, 0.0, 0.0, 0.0, 0.0, 0.0, 0.0, 0.0, 0.5, 0.0, 0.0, 0.0, 0.0, 0.0, 0.0, 0.0, 0.0, 0.0, 0.0, 0.0, 0.0, 0.0, 0.0, 0.0, 0.0, 0.0, 0.0, 0.0, 0.5]
system
[54.0, 61.81, 62.5, 62.19, 65.15, 59.2, 64.82, 59.7, 60.5, 65.33, 59.5, 57.5, 62.5, 60.0, 64.5, 63.5, 61.19, 59.3, 62.5, 63.18, 58.79, 63.18, 62.0, 65.0, 65.0, 63.5, 64.32, 57.21, 63.0, 61.0, 56.57, 59.7, 64.5, 63.0, 62.5, 62.5, 62.0, 61.5, 60.5, 61.31, 58.21, 65.0, 61.0, 58.21, 59.8, 66.0, 64.5, 61.5, 64.5, 61.19, 64.82, 61.19, 62.63, 63.5, 63.18, 63.82, 62.5, 61.0, 56.5, 61.31, 62.69]
iowait
[3.0, 0.5, 0.0, 0.0, 0.51, 0.5, 0.0, 0.0, 0.0, 0.5, 0.0, 0.5, 0.0, 0.0, 0.0, 0.0, 0.0, 0.0, 0.0, 0.0, 0.0, 0.0, 0.0, 0.0, 0.0, 0.0, 0.0, 0.0, 0.0, 1.5, 0.0, 0.0, 0.0, 0.0, 0.0, 0.0, 0.0, 0.0, 0.0, 0.0, 0.0, 0.0, 0.0, 0.0, 1.51, 0.0, 0.0, 0.0, 0.0, 0.0, 0.0, 0.0, 0.51, 0.0, 0.0, 0.0, 0.0, 0.0, 0.0, 0.0, 0.0]
steal
[0.0, 0.0, 0.0, 0.0, 0.0, 0.0, 0.0, 0.0, 0.0, 0.0, 0.0, 0.0, 0.0, 0.0, 0.0, 0.0, 0.0, 0.0, 0.0, 0.0, 0.0, 0.0, 0.0, 0.0, 0.0, 0.0, 0.0, 0.0, 0.0, 0.0, 0.0, 0.0, 0.0, 0.0, 0.0, 0.0, 0.0, 0.0, 0.0, 0.0, 0.0, 0.0, 0.0, 0.0, 0.0, 0.0, 0.0, 0.0, 0.0, 0.0, 0.0, 0.0, 0.0, 0.0, 0.0, 0.0, 0.0, 0.0, 0.0, 0.0, 0.0]
idle
[0.0, 0.0, 0.0, 0.0, 0.0, 0.0, 0.0, 0.0, 0.0, 0.0, 0.0, 0.0, 0.0, 0.0, 0.0, 0.0, 0.0, 0.0, 0.0, 0.0, 0.0, 0.0, 0.0, 0.0, 0.0, 0.0, 0.0, 0.0, 0.0, 0.0, 0.0, 0.0, 0.0, 0.0, 0.0, 0.0, 0.0, 0.0, 0.0, 0.0, 0.0, 0.0, 0.0, 0.0, 0.0, 0.0, 0.0, 0.0, 0.0, 0.0, 0.0, 0.0, 0.0, 0.0, 0.0, 0.0, 0.0, 0.0, 0.0, 0.0, 0.0]

sdd data:

util
[1.4, 16.48, 13.0, 22.49, 8.69, 16.72, 18.29, 13.73, 14.8, 18.09, 15.2, 23.0, 10.0, 15.0, 15.8, 13.6, 12.34, 20.5, 13.0, 16.52, 15.08, 9.55, 20.0, 13.2, 15.2, 15.4, 15.88, 8.96, 21.0, 14.6, 17.37, 4.38, 15.8, 17.4, 5.2, 17.4, 16.4, 15.2, 18.8, 4.02, 16.32, 13.2, 8.8, 23.68, 6.23, 15.4, 16.8, 12.8, 16.0, 13.33, 15.68, 21.49, 9.49, 16.6, 12.34, 14.27, 23.4, 4.4, 11.4, 13.87, 12.34]
r_await
[6.4, 0.0, 0.0, 0.0, 0.0, 0.0, 0.0, 0.0, 0.0, 0.0, 0.0, 0.0, 0.0, 0.0, 0.0, 0.0, 4.0, 0.0, 0.0, 0.0, 0.0, 0.0, 0.0, 0.0, 0.0, 0.0, 0.0, 0.0, 0.0, 36.0, 0.0, 0.0, 0.0, 0.0, 0.0, 0.0, 0.0, 0.0, 0.0, 0.0, 0.0, 0.0, 0.0, 0.0, 28.0, 0.0, 0.0, 0.0, 0.0, 0.0, 0.0, 0.0, 20.0, 0.0, 0.0, 0.0, 0.0, 0.0, 0.0, 0.0, 0.0]
avgqusz
[0.01, 2.27, 1.21, 4.74, 0.84, 1.53, 3.75, 1.33, 1.28, 4.05, 1.57, 4.36, 0.97, 1.31, 3.6, 1.27, 1.12, 4.47, 1.12, 3.37, 1.49, 0.9, 4.07, 1.22, 1.34, 3.43, 1.48, 0.8, 4.1, 1.29, 3.71, 0.43, 1.43, 3.87, 0.55, 2.2, 3.02, 1.36, 4.25, 0.49, 1.43, 3.65, 0.85, 4.5, 0.56, 1.34, 4.17, 1.2, 1.46, 3.48, 1.44, 4.29, 0.95, 1.49, 3.39, 1.42, 4.6, 0.41, 1.15, 3.81, 1.16]
await
[6.4, 66.29, 48.32, 96.24, 48.82, 47.32, 102.36, 50.26, 39.38, 107.03, 48.9, 90.81, 53.78, 39.64, 101.3, 49.96, 45.88, 99.81, 48.22, 93.94, 53.89, 54.55, 91.51, 47.92, 40.0, 120.49, 43.82, 47.76, 98.65, 45.69, 101.94, 50.59, 43.33, 106.03, 55.4, 39.14, 114.3, 41.21, 114.81, 34.4, 46.33, 127.93, 50.0, 85.32, 51.0, 41.49, 115.89, 46.15, 43.7, 110.0, 50.75, 95.87, 49.03, 47.39, 121.5, 52.15, 86.09, 43.79, 63.78, 133.12, 46.72]
rMB
[0.01, 0.0, 0.0, 0.02, 0.0, 0.0, 0.0, 0.0, 0.0, 0.0, 0.0, 0.02, 0.0, 0.0, 0.0, 0.0, 0.01, 0.0, 0.0, 0.0, 0.02, 0.0, 0.0, 0.0, 0.01, 0.0, 0.0, 0.0, 0.0, 0.02, 0.0, 0.0, 0.0, 0.0, 0.0, 0.0, 0.0, 0.0, 0.0, 0.02, 0.0, 0.0, 0.0, 0.0, 0.01, 0.0, 0.0, 0.0, 0.02, 0.0, 0.0, 0.0, 0.0, 0.0, 0.0, 0.0, 0.0, 0.0, 0.02, 0.0, 0.0]
svctm
[5.6, 4.82, 5.2, 4.57, 5.06, 5.17, 4.99, 5.21, 4.55, 4.86, 5.24, 4.55, 5.56, 4.55, 4.45, 5.33, 5.06, 4.8, 4.73, 4.61, 5.45, 5.82, 4.49, 5.18, 4.54, 5.4, 4.72, 5.45, 5.25, 4.56, 4.78, 5.18, 4.79, 4.77, 5.2, 4.7, 4.97, 4.61, 5.08, 5.33, 4.56, 4.63, 5.18, 4.49, 6.2, 4.6, 4.67, 4.92, 4.78, 4.47, 4.88, 4.8, 5.37, 5.03, 4.43, 5.26, 4.37, 4.63, 6.33, 4.84, 4.96]
r
[2.5, 0.0, 0.0, 1.0, 0.0, 0.0, 0.0, 0.5, 0.0, 0.0, 0.0, 1.0, 0.0, 0.0, 0.0, 0.0, 0.5, 0.0, 0.0, 0.0, 0.5, 0.0, 0.0, 0.0, 0.5, 0.0, 0.0, 0.0, 0.0, 1.0, 0.0, 0.0, 0.0, 0.0, 0.5, 0.0, 0.0, 0.0, 0.0, 1.01, 0.0, 0.0, 0.0, 0.0, 0.5, 0.0, 0.0, 0.0, 0.5, 0.0, 0.0, 0.0, 0.51, 0.0, 0.0, 0.0, 0.0, 0.0, 1.0, 0.0, 0.0]
wrqm
[0.0, 4082.41, 3047.0, 5266.67, 2051.52, 4043.28, 4268.84, 3030.85, 4063.5, 5294.97, 3047.0, 5292.0, 2030.0, 4063.0, 4193.5, 3046.5, 3032.84, 5262.81, 3047.5, 4209.45, 3060.3, 2021.39, 5223.5, 3046.5, 4063.0, 3211.5, 4082.91, 2541.79, 4804.0, 3047.0, 4297.47, 1010.45, 4063.0, 4282.0, 1014.5, 7292.0, 1015.5, 4063.0, 4326.5, 1019.6, 4042.79, 3289.5, 2031.0, 6282.09, 1019.1, 4063.0, 4250.0, 3046.0, 4063.0, 4230.85, 3062.31, 5303.48, 3077.27, 3047.5, 3212.94, 3060.3, 6315.0, 1014.5, 2031.0, 3301.51, 3031.84]
w
[0.0, 34.17, 25.0, 48.26, 17.17, 32.34, 36.68, 25.87, 32.5, 37.19, 29.0, 49.5, 18.0, 33.0, 35.5, 25.5, 23.88, 42.71, 27.5, 35.82, 27.14, 16.42, 44.5, 25.5, 33.0, 28.5, 33.67, 16.42, 40.0, 31.0, 36.36, 8.46, 33.0, 36.5, 9.5, 37.0, 33.0, 33.0, 37.0, 6.53, 35.82, 28.5, 17.0, 52.74, 9.55, 33.5, 36.0, 26.0, 33.0, 29.85, 32.16, 44.78, 17.17, 33.0, 27.86, 27.14, 53.5, 9.5, 17.0, 28.64, 24.88]
avgrqsz
[9.6, 963.76, 983.04, 864.0, 963.76, 1008.25, 938.96, 927.7, 1008.25, 941.3, 988.69, 917.23, 910.22, 992.97, 953.01, 963.76, 1003.76, 933.84, 987.05, 948.11, 894.84, 992.97, 947.06, 963.76, 978.63, 909.47, 978.15, 992.97, 921.0, 961.12, 953.44, 963.76, 992.97, 946.52, 820.0, 996.32, 913.82, 992.97, 943.46, 782.93, 975.67, 931.37, 963.76, 960.98, 804.8, 982.93, 952.44, 945.23, 979.1, 922.0, 975.88, 955.56, 936.69, 992.97, 930.57, 910.22, 952.3, 862.32, 912.22, 930.11, 983.04]
wMB
[0.0, 16.08, 12.0, 20.76, 8.08, 15.92, 16.82, 11.94, 16.0, 17.09, 14.0, 22.6, 8.0, 16.0, 16.52, 12.0, 11.94, 19.48, 13.25, 16.58, 12.06, 7.96, 20.58, 12.0, 16.0, 12.66, 16.08, 7.96, 17.99, 15.0, 16.93, 3.98, 16.0, 16.87, 4.0, 18.0, 14.72, 16.0, 17.04, 2.86, 17.07, 12.96, 8.0, 24.75, 3.94, 16.08, 16.74, 12.0, 16.0, 13.44, 15.32, 20.89, 8.08, 16.0, 12.66, 12.06, 24.88, 4.0, 8.0, 13.01, 11.94]
rrqm
[0.5, 0.0, 0.0, 3.48, 0.0, 0.0, 0.0, 0.5, 0.0, 0.0, 0.0, 3.5, 0.0, 0.0, 0.0, 0.0, 1.49, 0.0, 0.0, 0.0, 3.52, 0.0, 0.0, 0.0, 1.5, 0.0, 0.0, 0.0, 0.0, 3.5, 0.0, 0.0, 0.0, 0.0, 0.5, 0.0, 0.0, 0.0, 0.0, 3.52, 0.0, 0.0, 0.0, 0.0, 1.51, 0.0, 0.0, 0.0, 3.5, 0.0, 0.0, 0.0, 0.51, 0.0, 0.0, 0.0, 0.0, 0.0, 3.5, 0.0, 0.0]
w_await
[0.0, 66.29, 48.32, 98.23, 48.82, 47.32, 102.36, 51.23, 39.38, 107.03, 48.9, 92.65, 53.78, 39.64, 101.3, 49.96, 46.75, 99.81, 48.22, 93.94, 54.89, 54.55, 91.51, 47.92, 40.61, 120.49, 43.82, 47.76, 98.65, 46.0, 101.94, 50.59, 43.33, 106.03, 58.32, 39.14, 114.3, 41.21, 114.81, 39.69, 46.33, 127.93, 50.0, 85.32, 52.21, 41.49, 115.89, 46.15, 44.36, 110.0, 50.75, 95.87, 49.88, 47.39, 121.5, 52.15, 86.09, 43.79, 67.53, 133.12, 46.72]
