40 datos recogidos

cpu data:

user
[2.04, 1.02, 0.51, 0.0, 0.51, 0.0, 0.51, 0.0, 0.0, 1.04, 0.0, 0.52, 0.0, 0.0, 0.0, 0.0, 0.0, 0.0, 0.0, 0.0, 0.0, 0.0, 0.53, 0.52, 0.0, 0.52, 0.0, 0.0, 0.0, 0.0, 1.04, 0.0, 1.05, 0.0, 0.0, 0.0, 1.08, 0.0, 0.0, 0.0]
nice
[0.0, 0.0, 0.0, 0.0, 0.0, 0.52, 0.0, 0.0, 0.0, 0.0, 0.0, 0.0, 0.0, 0.0, 0.0, 0.0, 0.0, 0.0, 0.0, 0.0, 0.0, 0.0, 0.0, 0.0, 0.0, 0.52, 0.0, 0.0, 0.0, 0.0, 0.0, 0.0, 0.0, 0.0, 0.0, 0.0, 0.0, 0.0, 0.0, 0.0]
system
[26.53, 18.88, 17.26, 20.51, 22.96, 18.04, 18.27, 17.95, 17.46, 17.71, 15.26, 22.16, 13.68, 11.23, 14.97, 12.43, 12.83, 11.83, 13.16, 13.23, 14.44, 14.36, 14.81, 15.71, 13.16, 15.98, 16.04, 12.83, 14.36, 12.83, 16.15, 14.44, 15.79, 13.37, 15.18, 14.36, 15.14, 16.23, 16.06, 2.6]
iowait
[71.43, 80.1, 82.23, 79.49, 76.53, 81.44, 81.22, 82.05, 82.54, 81.25, 84.74, 77.32, 86.32, 88.77, 85.03, 87.57, 87.17, 88.17, 86.84, 86.77, 85.56, 85.64, 84.66, 83.77, 86.84, 82.99, 83.96, 87.17, 85.64, 87.17, 82.81, 85.56, 83.16, 86.63, 84.82, 85.64, 83.78, 83.77, 83.94, 97.4]
steal
[0.0, 0.0, 0.0, 0.0, 0.0, 0.0, 0.0, 0.0, 0.0, 0.0, 0.0, 0.0, 0.0, 0.0, 0.0, 0.0, 0.0, 0.0, 0.0, 0.0, 0.0, 0.0, 0.0, 0.0, 0.0, 0.0, 0.0, 0.0, 0.0, 0.0, 0.0, 0.0, 0.0, 0.0, 0.0, 0.0, 0.0, 0.0, 0.0, 0.0]
idle
[0.0, 0.0, 0.0, 0.0, 0.0, 0.0, 0.0, 0.0, 0.0, 0.0, 0.0, 0.0, 0.0, 0.0, 0.0, 0.0, 0.0, 0.0, 0.0, 0.0, 0.0, 0.0, 0.0, 0.0, 0.0, 0.0, 0.0, 0.0, 0.0, 0.0, 0.0, 0.0, 0.0, 0.0, 0.0, 0.0, 0.0, 0.0, 0.0, 0.0]

sdb data:

util
[91.43, 102.04, 101.52, 102.56, 102.04, 103.3, 101.52, 102.56, 105.82, 104.17, 105.26, 103.3, 105.05, 106.95, 106.95, 108.11, 106.95, 107.53, 105.26, 105.82, 106.95, 106.38, 105.82, 104.71, 105.26, 103.09, 106.95, 106.95, 106.38, 106.95, 104.17, 106.95, 105.26, 106.95, 104.71, 106.38, 108.11, 104.71, 103.63, 104.17]
r_await
[32.88, 57.6, 74.0, 61.44, 55.0, 58.78, 61.0, 65.57, 48.17, 58.67, 57.52, 57.74, 58.95, 49.56, 46.0, 36.38, 54.11, 48.4, 56.0, 61.0, 54.4, 48.95, 54.86, 58.91, 71.6, 60.91, 45.9, 48.76, 52.57, 47.24, 64.2, 47.05, 50.09, 55.05, 55.81, 50.8, 44.6, 53.14, 63.62, 42.4]
avgqusz
[88.65, 122.5, 137.25, 148.84, 147.23, 149.25, 147.1, 148.46, 152.55, 150.81, 151.98, 149.0, 151.37, 153.71, 153.89, 155.54, 153.75, 156.57, 151.66, 152.54, 153.57, 153.86, 152.34, 150.66, 152.24, 148.8, 154.6, 153.95, 152.69, 153.75, 150.85, 154.35, 151.72, 154.1, 150.29, 153.8, 155.31, 151.23, 150.22, 148.03]
await
[377.27, 529.1, 649.27, 672.59, 597.43, 670.21, 643.29, 669.66, 643.37, 687.62, 724.06, 678.88, 727.83, 801.6, 679.54, 655.83, 664.6, 667.09, 643.4, 695.35, 711.79, 651.02, 656.48, 690.16, 791.44, 742.53, 693.64, 707.7, 710.89, 656.23, 711.19, 709.65, 650.08, 658.57, 681.7, 698.0, 698.58, 684.26, 708.87, 720.34]
rMB
[0.02, 0.01, 0.01, 0.01, 0.01, 0.01, 0.01, 0.01, 0.01, 0.01, 0.01, 0.01, 0.0, 0.0, 0.01, 0.01, 0.0, 0.01, 0.0, 0.01, 0.01, 0.01, 0.01, 0.01, 0.01, 0.01, 0.01, 0.01, 0.01, 0.01, 0.01, 0.01, 0.01, 0.01, 0.01, 0.01, 0.01, 0.01, 0.01, 0.0]
svctm
[4.53, 4.76, 5.21, 4.61, 4.19, 4.54, 4.46, 4.94, 4.48, 4.58, 4.96, 4.75, 5.23, 5.41, 4.54, 4.73, 4.99, 4.24, 4.62, 4.82, 4.71, 4.48, 4.88, 4.74, 5.39, 5.28, 4.84, 4.83, 4.65, 4.75, 5.0, 4.76, 4.38, 4.73, 5.08, 4.73, 4.62, 4.87, 4.96, 5.05]
r
[20.92, 12.76, 11.17, 12.82, 14.29, 11.86, 12.18, 11.79, 12.7, 12.5, 11.05, 11.86, 10.0, 9.63, 11.76, 11.35, 10.16, 10.75, 10.0, 10.58, 10.7, 11.17, 11.11, 11.52, 10.53, 11.34, 11.23, 11.23, 11.17, 11.23, 10.42, 11.23, 12.11, 11.23, 10.99, 10.64, 10.81, 10.99, 10.88, 2.6]
wrqm
[32.65, 26.53, 23.86, 8.72, 51.53, 24.74, 19.29, 25.13, 26.98, 27.08, 28.95, 25.77, 27.37, 0.53, 29.95, 25.95, 31.55, 16.67, 39.47, 3.17, 40.11, 17.55, 41.8, 1.57, 26.32, 27.32, 25.67, 27.27, 26.06, 26.74, 2.6, 29.95, 25.26, 27.81, 28.8, 28.19, 28.65, 28.8, 2.59, 31.77]
w
[181.12, 201.53, 183.76, 209.74, 229.08, 215.46, 215.23, 195.9, 223.28, 215.1, 201.05, 205.67, 191.05, 188.24, 224.06, 217.3, 204.28, 243.01, 217.89, 208.99, 216.58, 226.06, 205.82, 209.42, 184.74, 184.02, 209.63, 210.16, 217.55, 213.9, 197.92, 213.37, 228.42, 214.97, 195.29, 214.36, 223.24, 204.19, 197.93, 203.65]
avgrqsz
[213.42, 220.73, 219.98, 219.48, 216.68, 218.41, 221.03, 221.89, 218.93, 221.17, 221.19, 215.99, 213.96, 204.3, 203.2, 197.84, 193.22, 176.71, 182.77, 190.88, 199.47, 199.42, 208.4, 211.83, 222.81, 224.53, 217.82, 202.62, 210.36, 203.88, 197.78, 209.7, 205.46, 204.05, 202.91, 202.91, 201.14, 204.87, 209.72, 216.56]
wMB
[21.04, 23.09, 20.93, 23.85, 25.74, 24.24, 24.54, 22.5, 25.22, 24.57, 22.9, 22.94, 21.0, 19.73, 23.39, 22.08, 20.23, 21.89, 20.33, 20.46, 22.13, 23.1, 22.07, 22.85, 21.24, 21.41, 23.48, 21.9, 23.49, 22.41, 20.11, 22.99, 24.12, 22.53, 20.43, 22.29, 22.98, 21.52, 21.38, 21.81]
rrqm
[0.0, 0.0, 0.0, 0.0, 0.0, 0.0, 0.0, 0.0, 0.0, 0.0, 0.0, 0.0, 0.0, 0.0, 0.0, 0.0, 0.0, 0.0, 0.0, 0.0, 0.0, 0.0, 0.0, 0.0, 0.0, 0.0, 0.0, 0.0, 0.0, 0.0, 0.0, 0.0, 0.0, 0.0, 0.0, 0.0, 0.0, 0.0, 0.0, 0.0]
w_await
[417.05, 558.95, 684.23, 709.95, 631.26, 703.86, 676.25, 706.03, 677.22, 724.17, 760.7, 714.69, 762.84, 840.06, 712.8, 688.19, 694.96, 694.47, 670.36, 727.47, 744.26, 680.77, 688.96, 724.88, 832.46, 784.54, 728.34, 742.91, 744.69, 688.2, 745.24, 744.52, 681.88, 690.1, 716.93, 730.12, 730.25, 718.25, 744.35, 729.01]
