110 datos recogidos

cpu data:

user
[38.0, 40.1, 37.5, 35.68, 38.5, 39.0, 39.0, 38.31, 39.7, 37.5, 35.5, 32.5, 38.5, 37.81, 41.71, 39.5, 36.82, 37.5, 38.69, 37.81, 38.19, 39.5, 41.0, 40.5, 35.18, 35.32, 34.67, 39.5, 37.81, 41.0, 37.0, 34.0, 41.0, 36.0, 35.5, 36.0, 38.5, 34.83, 39.2, 38.81, 35.5, 32.66, 38.81, 41.21, 40.5, 42.0, 40.0, 41.29, 37.19, 37.31, 33.17, 37.81, 37.0, 38.19, 37.81, 39.5, 40.5, 39.7, 40.3, 39.0, 40.5, 38.31, 36.0, 39.7, 40.2, 35.32, 43.22, 40.8, 41.0, 41.0, 38.5, 36.5, 44.0, 40.0, 39.0, 37.19, 38.81, 39.5, 37.0, 35.18, 40.3, 41.21, 36.0, 38.81, 39.0, 39.5, 38.0, 37.0, 38.5, 40.0, 37.0, 38.0, 38.5, 38.19, 38.0, 41.29, 37.19, 39.8, 40.2, 38.0, 38.0, 33.0, 35.0, 38.0, 39.0, 35.0, 40.5, 38.5, 39.5, 37.5]
nice
[0.0, 0.0, 0.0, 0.0, 1.0, 0.0, 0.0, 0.0, 0.0, 0.0, 0.0, 0.0, 0.0, 0.0, 1.01, 0.0, 0.0, 0.0, 0.0, 0.0, 0.0, 0.0, 0.0, 0.0, 0.5, 0.0, 0.0, 0.0, 0.0, 0.0, 0.0, 0.0, 0.0, 0.0, 0.5, 0.0, 0.0, 0.0, 0.0, 0.0, 0.0, 0.0, 0.0, 0.0, 0.0, 0.0, 0.0, 0.0, 0.0, 0.0, 0.0, 0.0, 0.0, 0.0, 1.0, 0.0, 0.0, 0.0, 0.0, 0.0, 0.0, 0.0, 0.0, 0.0, 0.0, 0.0, 0.0, 0.0, 0.0, 0.0, 0.0, 0.0, 0.0, 0.0, 1.0, 0.0, 0.0, 0.0, 0.0, 0.0, 0.0, 0.0, 0.0, 0.0, 0.5, 0.0, 0.0, 0.0, 0.0, 0.0, 0.0, 0.0, 0.0, 0.0, 0.0, 0.0, 0.0, 0.0, 0.0, 0.0, 0.0, 0.0, 0.0, 0.0, 0.5, 0.0, 0.0, 0.0, 0.0, 0.0]
system
[59.5, 59.9, 62.5, 64.32, 60.5, 61.0, 61.0, 61.69, 60.3, 62.5, 64.5, 67.5, 61.5, 62.19, 57.29, 58.5, 63.18, 62.5, 61.31, 62.19, 61.81, 60.5, 59.0, 59.5, 64.32, 64.68, 65.33, 60.5, 60.7, 59.0, 63.0, 66.0, 59.0, 64.0, 64.0, 64.0, 61.5, 65.17, 60.8, 61.19, 64.5, 67.34, 61.19, 58.79, 59.5, 58.0, 60.0, 58.71, 62.81, 62.69, 66.83, 62.19, 63.0, 61.81, 61.19, 60.5, 59.5, 60.3, 59.7, 61.0, 59.5, 61.69, 64.0, 60.3, 59.8, 64.68, 56.78, 59.2, 59.0, 59.0, 61.5, 63.5, 56.0, 60.0, 60.0, 62.81, 61.19, 60.5, 63.0, 64.82, 59.7, 58.79, 64.0, 61.19, 60.5, 60.5, 62.0, 63.0, 61.5, 60.0, 63.0, 62.0, 61.5, 61.31, 62.0, 58.71, 62.81, 60.2, 59.8, 62.0, 62.0, 67.0, 65.0, 62.0, 60.5, 65.0, 59.5, 61.5, 60.5, 62.5]
iowait
[2.5, 0.0, 0.0, 0.0, 0.0, 0.0, 0.0, 0.0, 0.0, 0.0, 0.0, 0.0, 0.0, 0.0, 0.0, 2.0, 0.0, 0.0, 0.0, 0.0, 0.0, 0.0, 0.0, 0.0, 0.0, 0.0, 0.0, 0.0, 1.49, 0.0, 0.0, 0.0, 0.0, 0.0, 0.0, 0.0, 0.0, 0.0, 0.0, 0.0, 0.0, 0.0, 0.0, 0.0, 0.0, 0.0, 0.0, 0.0, 0.0, 0.0, 0.0, 0.0, 0.0, 0.0, 0.0, 0.0, 0.0, 0.0, 0.0, 0.0, 0.0, 0.0, 0.0, 0.0, 0.0, 0.0, 0.0, 0.0, 0.0, 0.0, 0.0, 0.0, 0.0, 0.0, 0.0, 0.0, 0.0, 0.0, 0.0, 0.0, 0.0, 0.0, 0.0, 0.0, 0.0, 0.0, 0.0, 0.0, 0.0, 0.0, 0.0, 0.0, 0.0, 0.5, 0.0, 0.0, 0.0, 0.0, 0.0, 0.0, 0.0, 0.0, 0.0, 0.0, 0.0, 0.0, 0.0, 0.0, 0.0, 0.0]
steal
[0.0, 0.0, 0.0, 0.0, 0.0, 0.0, 0.0, 0.0, 0.0, 0.0, 0.0, 0.0, 0.0, 0.0, 0.0, 0.0, 0.0, 0.0, 0.0, 0.0, 0.0, 0.0, 0.0, 0.0, 0.0, 0.0, 0.0, 0.0, 0.0, 0.0, 0.0, 0.0, 0.0, 0.0, 0.0, 0.0, 0.0, 0.0, 0.0, 0.0, 0.0, 0.0, 0.0, 0.0, 0.0, 0.0, 0.0, 0.0, 0.0, 0.0, 0.0, 0.0, 0.0, 0.0, 0.0, 0.0, 0.0, 0.0, 0.0, 0.0, 0.0, 0.0, 0.0, 0.0, 0.0, 0.0, 0.0, 0.0, 0.0, 0.0, 0.0, 0.0, 0.0, 0.0, 0.0, 0.0, 0.0, 0.0, 0.0, 0.0, 0.0, 0.0, 0.0, 0.0, 0.0, 0.0, 0.0, 0.0, 0.0, 0.0, 0.0, 0.0, 0.0, 0.0, 0.0, 0.0, 0.0, 0.0, 0.0, 0.0, 0.0, 0.0, 0.0, 0.0, 0.0, 0.0, 0.0, 0.0, 0.0, 0.0]
idle
[0.0, 0.0, 0.0, 0.0, 0.0, 0.0, 0.0, 0.0, 0.0, 0.0, 0.0, 0.0, 0.0, 0.0, 0.0, 0.0, 0.0, 0.0, 0.0, 0.0, 0.0, 0.0, 0.0, 0.0, 0.0, 0.0, 0.0, 0.0, 0.0, 0.0, 0.0, 0.0, 0.0, 0.0, 0.0, 0.0, 0.0, 0.0, 0.0, 0.0, 0.0, 0.0, 0.0, 0.0, 0.0, 0.0, 0.0, 0.0, 0.0, 0.0, 0.0, 0.0, 0.0, 0.0, 0.0, 0.0, 0.0, 0.0, 0.0, 0.0, 0.0, 0.0, 0.0, 0.0, 0.0, 0.0, 0.0, 0.0, 0.0, 0.0, 0.0, 0.0, 0.0, 0.0, 0.0, 0.0, 0.0, 0.0, 0.0, 0.0, 0.0, 0.0, 0.0, 0.0, 0.0, 0.0, 0.0, 0.0, 0.0, 0.0, 0.0, 0.0, 0.0, 0.0, 0.0, 0.0, 0.0, 0.0, 0.0, 0.0, 0.0, 0.0, 0.0, 0.0, 0.0, 0.0, 0.0, 0.0, 0.0, 0.0]

sdd data:

util
[8.6, 10.3, 9.6, 23.92, 10.2, 17.0, 14.4, 12.54, 22.51, 9.2, 13.6, 17.6, 10.8, 25.87, 5.63, 12.2, 16.92, 10.2, 16.88, 9.15, 14.47, 20.8, 9.8, 12.0, 16.48, 17.91, 22.91, 7.4, 15.72, 18.2, 13.6, 14.4, 18.4, 10.6, 22.6, 10.6, 8.6, 18.31, 13.87, 8.16, 19.4, 8.84, 22.89, 10.45, 11.8, 18.4, 12.8, 12.14, 16.08, 15.52, 14.47, 13.73, 13.8, 21.71, 4.38, 16.6, 15.4, 17.29, 17.31, 13.4, 8.6, 14.93, 13.0, 14.67, 14.47, 14.73, 22.51, 5.37, 16.6, 18.8, 12.4, 9.4, 20.6, 13.4, 20.2, 13.67, 12.54, 13.4, 12.4, 27.14, 5.57, 12.06, 18.0, 8.76, 16.8, 15.2, 4.8, 28.2, 5.6, 12.6, 20.8, 8.8, 13.6, 18.09, 13.6, 16.52, 13.67, 12.74, 18.69, 11.4, 16.2, 9.2, 18.2, 23.0, 5.0, 15.4, 14.8, 14.4, 19.6, 10.4]
r_await
[5.14, 0.0, 0.0, 0.0, 0.0, 0.0, 0.0, 0.0, 0.0, 0.0, 0.0, 0.0, 0.0, 0.0, 0.0, 40.0, 0.0, 0.0, 0.0, 0.0, 0.0, 0.0, 0.0, 0.0, 0.0, 2.0, 0.0, 0.0, 28.0, 0.0, 0.0, 0.0, 0.0, 0.0, 0.0, 0.0, 0.0, 0.0, 0.0, 0.0, 0.0, 0.0, 0.0, 68.0, 0.0, 0.0, 0.0, 0.0, 0.0, 0.0, 0.0, 0.0, 0.0, 52.0, 0.0, 0.0, 0.0, 0.0, 0.0, 0.0, 0.0, 0.0, 0.0, 0.0, 0.0, 0.0, 0.0, 0.0, 0.0, 0.0, 0.0, 0.0, 0.0, 0.0, 0.0, 0.0, 0.0, 0.0, 0.0, 0.0, 0.0, 0.0, 0.0, 0.0, 0.0, 0.0, 0.0, 0.0, 0.0, 0.0, 0.0, 0.0, 0.0, 16.0, 0.0, 0.0, 0.0, 0.0, 0.0, 4.0, 0.0, 0.0, 0.0, 0.0, 0.0, 0.0, 0.0, 0.0, 4.0, 0.0]
avgqusz
[1.55, 0.87, 0.93, 5.23, 1.05, 1.47, 3.85, 1.18, 4.55, 0.94, 1.24, 4.11, 1.07, 4.75, 0.56, 1.19, 4.18, 0.97, 3.35, 1.78, 1.4, 4.34, 0.96, 1.06, 4.08, 1.68, 4.9, 0.77, 1.43, 4.3, 1.27, 1.42, 4.34, 1.08, 4.59, 1.04, 1.0, 4.2, 1.29, 0.73, 4.37, 0.84, 4.95, 1.01, 1.07, 3.86, 1.19, 1.15, 3.98, 1.36, 3.77, 1.53, 1.17, 4.54, 0.41, 1.52, 4.37, 1.64, 3.8, 1.34, 0.91, 4.2, 1.25, 2.81, 2.65, 1.4, 5.09, 0.54, 1.48, 4.85, 1.13, 1.09, 4.88, 1.26, 4.22, 1.25, 1.1, 3.94, 1.3, 5.16, 0.55, 1.21, 3.84, 0.84, 1.54, 4.07, 0.46, 5.33, 0.51, 1.14, 5.68, 0.84, 1.3, 4.45, 1.38, 3.97, 1.66, 1.1, 3.89, 1.18, 2.83, 1.77, 1.73, 4.66, 0.51, 1.46, 3.95, 1.34, 4.8, 1.06]
await
[49.25, 72.62, 48.84, 114.46, 53.41, 44.16, 137.57, 45.62, 97.29, 50.81, 45.93, 112.6, 62.94, 86.87, 65.65, 61.23, 112.05, 52.65, 45.13, 185.58, 51.7, 94.35, 54.74, 42.56, 137.49, 47.49, 103.74, 43.86, 41.53, 140.06, 49.0, 55.53, 112.78, 63.76, 99.7, 56.43, 59.3, 127.94, 49.46, 44.73, 111.95, 49.41, 108.22, 54.27, 41.96, 102.88, 46.75, 45.18, 121.64, 49.15, 83.67, 116.83, 46.9, 114.33, 46.0, 45.31, 148.14, 46.69, 99.22, 50.42, 49.08, 148.0, 48.08, 48.31, 137.64, 52.22, 104.45, 63.76, 42.78, 124.41, 44.16, 53.27, 128.47, 46.59, 112.48, 47.77, 41.58, 138.11, 70.49, 94.24, 64.94, 44.0, 100.7, 48.46, 45.18, 133.57, 53.65, 95.96, 57.11, 44.86, 138.49, 47.77, 51.84, 112.0, 52.15, 61.91, 119.16, 44.67, 106.08, 62.0, 43.35, 144.86, 53.35, 99.15, 59.53, 42.29, 127.56, 51.69, 76.16, 157.85]
rMB
[0.02, 0.0, 0.0, 0.0, 0.0, 0.0, 0.0, 0.0, 0.0, 0.01, 0.0, 0.0, 0.0, 0.0, 0.0, 0.03, 0.0, 0.0, 0.01, 0.0, 0.0, 0.0, 0.0, 0.0, 0.0, 0.02, 0.0, 0.0, 0.0, 0.0, 0.0, 0.0, 0.0, 0.0, 0.0, 0.0, 0.0, 0.0, 0.0, 0.0, 0.01, 0.0, 0.0, 0.02, 0.0, 0.0, 0.0, 0.0, 0.0, 0.01, 0.0, 0.0, 0.0, 0.02, 0.0, 0.0, 0.0, 0.0, 0.01, 0.0, 0.0, 0.0, 0.0, 0.0, 0.0, 0.02, 0.0, 0.0, 0.0, 0.0, 0.0, 0.0, 0.0, 0.0, 0.02, 0.0, 0.0, 0.0, 0.01, 0.0, 0.0, 0.0, 0.0, 0.01, 0.0, 0.0, 0.0, 0.0, 0.0, 0.0, 0.02, 0.0, 0.0, 0.0, 0.0, 0.0, 0.0, 0.0, 0.0, 0.02, 0.0, 0.0, 0.0, 0.01, 0.0, 0.0, 0.0, 0.0, 0.01, 0.0]
svctm
[5.38, 4.62, 5.05, 5.23, 6.0, 4.66, 5.14, 4.85, 4.82, 4.97, 5.04, 4.82, 6.35, 4.73, 6.59, 6.26, 4.53, 5.51, 4.73, 4.84, 5.33, 4.52, 5.6, 4.8, 5.56, 5.07, 4.85, 5.29, 4.65, 5.69, 5.23, 5.65, 4.78, 6.24, 4.91, 5.73, 7.48, 5.18, 5.31, 4.97, 4.97, 5.18, 5.0, 5.62, 4.63, 4.91, 5.02, 4.78, 5.25, 4.73, 6.0, 5.21, 4.76, 5.47, 4.89, 4.96, 5.22, 4.91, 4.52, 5.06, 4.65, 5.26, 5.0, 5.73, 4.72, 5.48, 4.62, 6.35, 4.81, 4.82, 4.86, 4.59, 5.42, 4.96, 5.39, 5.23, 4.75, 4.7, 6.7, 4.95, 6.59, 5.22, 4.5, 5.03, 4.94, 4.98, 5.65, 5.08, 6.22, 4.94, 5.07, 5.03, 5.44, 4.56, 5.13, 4.81, 4.77, 4.74, 5.1, 6.0, 4.76, 4.38, 5.35, 4.89, 5.88, 4.89, 4.62, 5.54, 5.37, 5.33]
r
[3.5, 0.0, 0.0, 0.0, 0.0, 0.0, 0.0, 0.0, 0.0, 1.0, 0.0, 0.0, 0.0, 0.0, 0.0, 1.0, 0.0, 0.0, 0.5, 0.0, 0.0, 0.0, 0.0, 0.0, 0.0, 1.0, 0.0, 0.0, 0.5, 0.0, 0.0, 0.0, 0.0, 0.0, 0.0, 0.0, 0.0, 0.0, 0.0, 0.0, 0.5, 0.0, 0.0, 0.5, 0.0, 0.0, 0.0, 0.0, 0.0, 0.5, 0.0, 0.0, 0.0, 0.5, 0.0, 0.0, 0.0, 0.0, 0.5, 0.0, 0.0, 0.0, 0.0, 0.0, 0.0, 1.0, 0.0, 0.0, 0.5, 0.0, 0.0, 0.0, 0.0, 0.0, 1.0, 0.0, 0.0, 0.0, 1.0, 0.0, 0.0, 0.0, 0.0, 0.5, 0.0, 0.0, 0.0, 0.0, 0.0, 0.0, 1.0, 0.0, 0.0, 0.5, 0.0, 0.0, 0.0, 0.0, 0.0, 1.0, 0.0, 0.0, 0.0, 1.0, 0.0, 0.0, 0.0, 0.0, 0.5, 0.0]
wrqm
[2029.5, 2011.39, 2029.0, 5260.3, 2029.5, 4061.0, 3180.5, 3030.85, 5332.16, 2030.5, 3045.0, 4216.0, 2031.0, 6214.43, 1020.6, 2029.5, 4226.87, 2029.5, 6284.92, 0.0, 3060.3, 5233.5, 2030.5, 3047.0, 3257.79, 4041.29, 5318.09, 2031.0, 4041.79, 3290.5, 3046.0, 3046.5, 4222.5, 2031.0, 5265.0, 2029.5, 2031.0, 3258.21, 3061.31, 2021.39, 4245.0, 2041.21, 5229.85, 2040.2, 3046.5, 4225.0, 3046.5, 3031.34, 4280.9, 3031.34, 4339.2, 2020.4, 3047.0, 4289.45, 1009.95, 4062.5, 3236.5, 4081.41, 4271.64, 3045.5, 2029.5, 3214.43, 3046.0, 5347.74, 1020.6, 3030.85, 5324.12, 1010.45, 4062.0, 4246.0, 3046.5, 2027.5, 4292.0, 3045.0, 4284.0, 3061.31, 3030.35, 3252.0, 2030.5, 6291.46, 1010.45, 3061.31, 4318.0, 2020.9, 4062.0, 3272.0, 1015.5, 6266.0, 1015.0, 3046.5, 4233.5, 2030.5, 3047.0, 4320.1, 3045.5, 5243.78, 2041.21, 3031.34, 4258.29, 2030.0, 6259.5, 1014.0, 3046.5, 5273.0, 1015.5, 4062.5, 3261.5, 3046.0, 5298.0, 1015.0]
w
[12.5, 22.28, 19.0, 45.73, 17.0, 36.5, 28.0, 25.87, 46.73, 17.5, 27.0, 36.5, 17.0, 54.73, 8.54, 18.5, 37.31, 18.5, 35.18, 18.91, 27.14, 46.0, 17.5, 25.0, 29.65, 34.33, 47.24, 14.0, 33.33, 32.0, 26.0, 25.5, 38.5, 17.0, 46.0, 18.5, 11.5, 35.32, 26.13, 16.42, 38.5, 17.09, 45.77, 18.09, 25.5, 37.5, 25.5, 25.37, 30.65, 32.34, 24.12, 26.37, 29.0, 39.2, 8.96, 33.5, 29.5, 35.18, 37.81, 26.5, 18.5, 28.36, 26.0, 25.63, 30.65, 25.87, 48.74, 8.46, 34.0, 39.0, 25.5, 20.5, 38.0, 27.0, 36.5, 26.13, 26.37, 28.5, 17.5, 54.77, 8.46, 23.12, 40.0, 16.92, 34.0, 30.5, 8.5, 55.5, 9.0, 25.5, 40.0, 17.5, 25.0, 39.2, 26.5, 34.33, 28.64, 26.87, 36.68, 18.0, 34.0, 21.0, 34.0, 46.0, 8.5, 31.5, 32.0, 26.0, 36.0, 19.5]
avgrqsz
[654.75, 992.53, 862.32, 928.26, 884.0, 934.9, 916.71, 945.23, 920.77, 887.14, 910.22, 932.05, 963.76, 916.44, 963.76, 842.87, 914.24, 885.62, 960.68, 861.68, 910.22, 918.17, 936.23, 983.04, 887.05, 924.06, 908.68, 983.43, 948.0, 928.5, 945.23, 963.76, 885.4, 963.76, 923.65, 885.62, 979.48, 888.9, 945.23, 992.97, 879.08, 963.76, 922.09, 887.35, 963.76, 909.33, 963.76, 963.76, 908.85, 946.91, 992.83, 890.87, 977.93, 873.11, 910.22, 978.15, 885.69, 936.23, 900.36, 927.4, 885.62, 914.81, 945.23, 912.16, 914.1, 911.56, 881.81, 963.76, 950.03, 878.97, 963.76, 799.22, 911.58, 910.22, 922.67, 945.23, 927.4, 920.84, 886.92, 926.9, 963.76, 971.83, 926.6, 937.14, 963.76, 866.23, 963.76, 911.21, 910.22, 963.76, 834.73, 936.23, 983.04, 878.68, 927.4, 923.01, 903.72, 959.26, 936.66, 864.21, 977.29, 823.81, 963.06, 905.87, 963.76, 975.24, 886.88, 945.23, 924.38, 883.28]
wMB
[5.1, 10.8, 8.0, 20.73, 7.34, 16.66, 12.53, 11.94, 21.01, 8.0, 12.0, 16.61, 8.0, 24.49, 4.02, 8.0, 16.66, 8.0, 16.73, 7.95, 12.06, 20.62, 8.0, 12.0, 12.84, 15.92, 20.96, 6.72, 15.66, 14.51, 12.0, 12.0, 16.64, 8.0, 20.75, 8.0, 5.5, 15.33, 12.06, 7.96, 16.73, 8.04, 20.61, 8.04, 12.0, 16.65, 12.0, 11.94, 13.6, 15.17, 11.69, 11.47, 13.85, 16.91, 3.98, 16.0, 12.76, 16.08, 16.83, 12.0, 8.0, 12.67, 12.0, 11.41, 13.68, 11.94, 20.99, 3.98, 16.0, 16.74, 12.0, 8.0, 16.91, 12.0, 16.88, 12.06, 11.94, 12.81, 8.0, 24.79, 3.98, 10.97, 18.1, 7.96, 16.0, 12.9, 4.0, 24.69, 4.0, 12.0, 16.69, 8.0, 12.0, 17.03, 12.0, 15.47, 12.64, 12.58, 16.78, 8.0, 16.22, 8.45, 15.99, 20.78, 4.0, 15.0, 13.86, 12.0, 16.47, 8.41]
rrqm
[1.5, 0.0, 0.0, 0.0, 0.0, 0.0, 0.0, 0.0, 0.0, 2.5, 0.0, 0.0, 0.0, 0.0, 0.0, 5.5, 0.0, 0.0, 1.51, 0.0, 0.0, 0.0, 0.0, 0.0, 0.0, 3.48, 0.0, 0.0, 0.5, 0.0, 0.0, 0.0, 0.0, 0.0, 0.0, 0.0, 0.0, 0.0, 0.0, 0.0, 1.5, 0.0, 0.0, 3.52, 0.0, 0.0, 0.0, 0.0, 0.0, 1.49, 0.0, 0.0, 0.0, 3.52, 0.0, 0.0, 0.0, 0.0, 1.49, 0.0, 0.0, 0.0, 0.0, 0.0, 0.0, 3.48, 0.0, 0.0, 0.5, 0.0, 0.0, 0.0, 0.0, 0.0, 3.5, 0.0, 0.0, 0.0, 2.0, 0.0, 0.0, 0.0, 0.0, 1.49, 0.0, 0.0, 0.0, 0.0, 0.0, 0.0, 3.5, 0.0, 0.0, 0.5, 0.0, 0.0, 0.0, 0.0, 0.0, 3.5, 0.0, 0.0, 0.0, 2.0, 0.0, 0.0, 0.0, 0.0, 1.5, 0.0]
w_await
[61.6, 72.62, 48.84, 114.46, 53.41, 44.16, 137.57, 45.62, 97.29, 53.71, 45.93, 112.6, 62.94, 86.87, 65.65, 62.38, 112.05, 52.65, 45.77, 185.58, 51.7, 94.35, 54.74, 42.56, 137.49, 48.81, 103.74, 43.86, 41.73, 140.06, 49.0, 55.53, 112.78, 63.76, 99.7, 56.43, 59.3, 127.94, 49.46, 44.73, 113.4, 49.41, 108.22, 53.89, 41.96, 102.88, 46.75, 45.18, 121.64, 49.91, 83.67, 116.83, 46.9, 115.13, 46.0, 45.31, 148.14, 46.69, 100.53, 50.42, 49.08, 148.0, 48.08, 48.31, 137.64, 54.23, 104.45, 63.76, 43.41, 124.41, 44.16, 53.27, 128.47, 46.59, 115.56, 47.77, 41.58, 138.11, 74.51, 94.24, 64.94, 44.0, 100.7, 49.88, 45.18, 133.57, 53.65, 95.96, 57.11, 44.86, 141.95, 47.77, 51.84, 113.23, 52.15, 61.91, 119.16, 44.67, 106.08, 65.22, 43.35, 144.86, 53.35, 101.3, 59.53, 42.29, 127.56, 51.69, 77.17, 157.85]
