39 datos recogidos

cpu data:

user
[38.5, 37.5, 36.18, 38.81, 35.0, 34.17, 38.31, 36.0, 35.5, 34.67, 35.5, 35.82, 34.67, 32.66, 30.85, 37.0, 33.5, 39.5, 35.82, 38.38, 34.83, 33.0, 39.2, 36.82, 42.5, 37.69, 37.0, 41.0, 34.33, 36.0, 37.19, 39.5, 40.5, 39.5, 41.0, 39.8, 39.9, 38.12, 36.68]
nice
[0.0, 0.0, 0.0, 0.0, 0.0, 0.0, 0.0, 0.0, 0.0, 0.0, 0.0, 0.0, 0.0, 0.0, 0.0, 0.0, 0.0, 0.0, 0.0, 1.01, 0.0, 0.0, 0.0, 0.0, 0.0, 0.0, 0.0, 0.0, 0.0, 1.0, 0.0, 0.0, 0.0, 0.0, 0.0, 0.0, 0.0, 0.0, 0.0]
system
[60.5, 62.5, 57.29, 61.19, 65.0, 65.83, 61.69, 64.0, 64.5, 65.33, 64.5, 62.69, 65.33, 67.34, 69.15, 63.0, 66.5, 60.5, 64.18, 60.61, 65.17, 67.0, 60.8, 63.18, 57.5, 62.31, 63.0, 59.0, 65.67, 62.0, 62.81, 60.5, 59.5, 60.5, 59.0, 60.2, 60.1, 61.88, 63.32]
iowait
[1.0, 0.0, 6.53, 0.0, 0.0, 0.0, 0.0, 0.0, 0.0, 0.0, 0.0, 1.49, 0.0, 0.0, 0.0, 0.0, 0.0, 0.0, 0.0, 0.0, 0.0, 0.0, 0.0, 0.0, 0.0, 0.0, 0.0, 0.0, 0.0, 1.0, 0.0, 0.0, 0.0, 0.0, 0.0, 0.0, 0.0, 0.0, 0.0]
steal
[0.0, 0.0, 0.0, 0.0, 0.0, 0.0, 0.0, 0.0, 0.0, 0.0, 0.0, 0.0, 0.0, 0.0, 0.0, 0.0, 0.0, 0.0, 0.0, 0.0, 0.0, 0.0, 0.0, 0.0, 0.0, 0.0, 0.0, 0.0, 0.0, 0.0, 0.0, 0.0, 0.0, 0.0, 0.0, 0.0, 0.0, 0.0, 0.0]
idle
[0.0, 0.0, 0.0, 0.0, 0.0, 0.0, 0.0, 0.0, 0.0, 0.0, 0.0, 0.0, 0.0, 0.0, 0.0, 0.0, 0.0, 0.0, 0.0, 0.0, 0.0, 0.0, 0.0, 0.0, 0.0, 0.0, 0.0, 0.0, 0.0, 0.0, 0.0, 0.0, 0.0, 0.0, 0.0, 0.0, 0.0, 0.0, 0.0]

sdd data:

util
[11.6, 12.4, 15.68, 16.32, 15.8, 15.48, 12.54, 15.2, 19.8, 8.64, 15.0, 18.31, 11.06, 23.72, 10.15, 14.4, 16.0, 4.4, 15.32, 12.12, 13.53, 21.8, 0.0, 13.53, 16.8, 15.88, 10.8, 13.0, 12.14, 23.6, 0.0, 12.6, 15.2, 16.8, 22.4, 5.37, 14.95, 15.64, 11.86]
r_await
[0.0, 0.0, 12.0, 0.0, 0.0, 0.0, 0.0, 0.0, 0.0, 0.0, 0.0, 32.0, 0.0, 0.0, 0.0, 0.0, 0.0, 0.0, 0.0, 0.0, 0.0, 0.0, 0.0, 0.0, 0.0, 4.0, 0.0, 0.0, 0.0, 28.0, 0.0, 0.0, 0.0, 0.0, 4.0, 0.0, 0.0, 0.0, 4.0]
avgqusz
[2.96, 1.13, 1.31, 3.82, 1.54, 1.28, 3.13, 1.36, 3.72, 0.79, 1.32, 3.68, 0.97, 4.18, 1.09, 1.24, 3.41, 0.42, 1.35, 3.32, 1.28, 4.1, 0.0, 1.24, 3.73, 1.42, 0.95, 3.51, 1.13, 4.37, 0.0, 1.16, 3.56, 1.54, 3.96, 0.47, 1.33, 3.68, 1.04]
await
[114.08, 47.08, 40.06, 106.56, 43.94, 41.68, 114.33, 41.15, 86.51, 47.88, 41.12, 101.26, 40.08, 81.65, 64.71, 37.7, 96.06, 49.41, 41.78, 117.36, 40.14, 87.38, 0.0, 51.02, 105.07, 42.73, 39.42, 127.49, 46.45, 83.96, 0.0, 47.51, 100.17, 47.38, 65.52, 101.23, 40.37, 103.17, 41.36]
rMB
[0.0, 0.0, 0.01, 0.0, 0.0, 0.0, 0.0, 0.02, 0.0, 0.0, 0.0, 0.01, 0.0, 0.0, 0.0, 0.02, 0.0, 0.0, 0.0, 0.0, 0.01, 0.0, 0.0, 0.0, 0.0, 0.02, 0.0, 0.0, 0.0, 0.01, 0.0, 0.0, 0.0, 0.0, 0.02, 0.0, 0.0, 0.0, 0.01]
svctm
[4.46, 5.17, 4.8, 4.56, 5.02, 4.46, 4.58, 4.61, 4.6, 5.21, 4.69, 5.04, 4.58, 4.63, 6.0, 4.36, 4.51, 5.18, 4.74, 4.29, 4.77, 4.49, 0.0, 5.55, 4.73, 4.79, 4.5, 4.73, 4.98, 4.54, 0.0, 5.14, 4.28, 5.17, 4.72, 4.15, 4.55, 4.39, 4.72]
r
[0.0, 0.0, 0.5, 0.0, 0.0, 0.0, 0.0, 1.0, 0.0, 0.0, 0.0, 0.5, 0.0, 0.0, 0.0, 1.0, 0.0, 0.0, 0.0, 0.0, 0.5, 0.0, 0.0, 0.0, 0.0, 1.01, 0.0, 0.0, 0.0, 0.5, 0.0, 0.0, 0.0, 0.0, 1.0, 0.0, 0.0, 0.0, 0.5]
wrqm
[3046.0, 3048.0, 4084.42, 4207.96, 4062.0, 4084.42, 3234.83, 4064.0, 5237.0, 2041.71, 4064.0, 4261.69, 3063.32, 6274.37, 2020.9, 4064.0, 4262.0, 1015.5, 4043.28, 3294.44, 4042.79, 5272.0, 0.0, 3032.34, 4220.0, 4084.42, 3048.0, 3207.5, 3032.34, 6243.5, 0.0, 3047.5, 4258.5, 4063.5, 6260.0, 1010.95, 4104.55, 4263.86, 3062.81]
w
[26.0, 24.0, 32.16, 35.82, 31.5, 34.67, 27.36, 32.0, 43.0, 16.58, 32.0, 35.82, 24.12, 51.26, 16.92, 32.0, 35.5, 8.5, 32.34, 28.28, 27.86, 48.5, 0.0, 24.38, 35.5, 32.16, 24.0, 27.5, 24.38, 51.5, 0.0, 24.5, 35.5, 32.5, 46.5, 12.94, 32.83, 35.64, 24.62]
avgrqsz
[945.23, 1024.0, 1008.74, 947.78, 958.98, 1024.0, 953.75, 994.06, 982.33, 992.97, 1024.0, 947.07, 1024.0, 987.29, 963.76, 994.06, 968.45, 963.76, 1008.25, 939.86, 970.67, 982.35, 0.0, 1003.1, 958.99, 994.06, 1024.0, 941.09, 1003.1, 968.77, 0.0, 1003.1, 967.66, 1008.25, 997.56, 872.0, 1008.25, 965.0, 983.68]
wMB
[12.0, 12.0, 16.08, 16.58, 14.75, 17.34, 12.74, 16.0, 20.62, 8.04, 16.0, 16.79, 12.06, 24.71, 7.96, 16.0, 16.79, 4.0, 15.92, 12.98, 13.43, 23.26, 0.0, 11.94, 16.62, 16.08, 12.0, 12.64, 11.94, 24.59, 0.0, 12.0, 16.77, 16.0, 23.12, 5.51, 16.16, 16.79, 12.06]
rrqm
[0.0, 0.0, 1.51, 0.0, 0.0, 0.0, 0.0, 3.5, 0.0, 0.0, 0.0, 1.49, 0.0, 0.0, 0.0, 3.5, 0.0, 0.0, 0.0, 0.0, 1.49, 0.0, 0.0, 0.0, 0.0, 3.52, 0.0, 0.0, 0.0, 1.5, 0.0, 0.0, 0.0, 0.0, 3.5, 0.0, 0.0, 0.0, 1.51]
w_await
[114.08, 47.08, 40.5, 106.56, 43.94, 41.68, 114.33, 42.44, 86.51, 47.88, 41.12, 102.22, 40.08, 81.65, 64.71, 38.88, 96.06, 49.41, 41.78, 117.36, 40.86, 87.38, 0.0, 51.02, 105.07, 43.94, 39.42, 127.49, 46.45, 84.5, 0.0, 47.51, 100.17, 47.38, 66.84, 101.23, 40.37, 103.17, 42.12]
