21 datos recogidos

cpu data:

user
[0.6, 0.0, 0.0, 0.0, 0.0, 0.0, 0.0, 0.0, 0.56, 0.0, 0.0, 0.0, 0.63, 0.0, 1.12, 0.0, 0.0, 0.0, 0.0, 0.0, 0.0]
nice
[0.0, 0.0, 0.0, 0.0, 0.0, 0.0, 0.0, 0.0, 0.56, 0.0, 0.0, 0.0, 0.0, 0.0, 0.0, 0.0, 0.0, 0.0, 0.61, 0.0, 0.0]
system
[25.9, 7.36, 6.94, 10.32, 9.76, 8.19, 8.39, 8.07, 11.24, 9.94, 8.75, 13.48, 7.59, 6.92, 14.04, 10.62, 9.26, 12.14, 10.37, 9.26, 14.12]
iowait
[73.49, 92.64, 93.06, 89.68, 90.24, 91.81, 91.61, 91.93, 87.64, 90.06, 91.25, 86.52, 91.77, 93.08, 84.83, 89.38, 90.74, 87.86, 89.02, 90.74, 85.88]
steal
[0.0, 0.0, 0.0, 0.0, 0.0, 0.0, 0.0, 0.0, 0.0, 0.0, 0.0, 0.0, 0.0, 0.0, 0.0, 0.0, 0.0, 0.0, 0.0, 0.0, 0.0]
idle
[0.0, 0.0, 0.0, 0.0, 0.0, 0.0, 0.0, 0.0, 0.0, 0.0, 0.0, 0.0, 0.0, 0.0, 0.0, 0.0, 0.0, 0.0, 0.0, 0.0, 0.0]

sde data:

util
[107.47, 122.7, 115.38, 129.03, 121.95, 116.96, 129.03, 124.22, 112.13, 124.22, 125.0, 112.36, 126.58, 125.53, 112.36, 125.0, 123.46, 115.38, 121.95, 123.46, 112.77]
r_await
[0.0, 0.0, 0.0, 0.0, 0.0, 0.0, 0.0, 0.0, 0.0, 0.0, 0.0, 0.0, 0.0, 0.0, 0.0, 0.0, 0.0, 0.0, 0.0, 0.0, 0.0]
avgqusz
[142.1, 176.26, 136.81, 185.04, 175.22, 143.12, 184.97, 178.21, 131.42, 177.67, 179.64, 132.96, 181.64, 180.02, 131.86, 179.12, 177.01, 136.22, 174.56, 177.22, 136.63]
await
[492.75, 551.22, 668.5, 557.11, 549.9, 638.63, 603.69, 548.83, 621.72, 617.44, 556.26, 633.92, 600.51, 549.38, 630.87, 595.49, 540.53, 613.42, 402.51, 435.63, 1022.14]
rMB
[0.0, 0.0, 0.0, 0.0, 0.0, 0.0, 0.0, 0.0, 0.0, 0.0, 0.0, 0.0, 0.0, 0.0, 0.0, 0.0, 0.0, 0.0, 0.0, 0.0, 0.0]
svctm
[4.59, 4.34, 4.4, 4.46, 4.46, 4.41, 4.39, 4.39, 4.44, 4.55, 4.38, 4.46, 4.37, 4.37, 4.47, 4.38, 4.38, 4.5, 4.36, 4.46, 4.51]
r
[0.0, 0.0, 0.0, 0.0, 0.0, 0.0, 0.0, 0.0, 0.0, 0.0, 0.0, 0.0, 0.0, 0.0, 0.0, 0.0, 0.0, 0.0, 0.0, 0.0, 0.0]
wrqm
[10.84, 0.0, 4.62, 0.0, 0.0, 3.51, 0.0, 0.0, 3.37, 0.0, 0.0, 3.37, 0.0, 0.0, 3.37, 0.0, 0.62, 3.47, 0.0, 0.0, 3.39]
w
[234.34, 282.82, 262.43, 289.03, 273.17, 265.5, 294.19, 283.23, 252.81, 273.29, 285.62, 251.69, 289.87, 287.42, 251.12, 285.62, 282.1, 256.65, 279.88, 276.54, 250.28]
avgrqsz
[232.76, 237.71, 235.91, 237.64, 237.25, 234.73, 237.3, 237.68, 235.72, 237.2, 237.69, 235.3, 237.69, 237.3, 235.69, 237.3, 236.64, 234.13, 235.68, 236.64, 235.18]
wMB
[26.63, 32.83, 30.23, 33.54, 31.65, 30.43, 34.09, 32.87, 29.1, 31.65, 33.15, 28.92, 33.64, 33.3, 28.9, 33.1, 32.6, 29.34, 32.21, 31.95, 28.74]
rrqm
[0.0, 0.0, 0.0, 0.0, 0.0, 0.0, 0.0, 0.0, 0.0, 0.0, 0.0, 0.0, 0.0, 0.0, 0.0, 0.0, 0.0, 0.0, 0.0, 0.0, 0.0]
w_await
[492.75, 551.22, 668.5, 557.11, 549.9, 638.63, 603.69, 548.83, 621.72, 617.44, 556.26, 633.92, 600.51, 549.38, 630.87, 595.49, 540.53, 613.42, 402.51, 435.63, 1022.14]
