147 datos recogidos

cpu data:

user
[0.0, 0.0, 0.0, 0.0, 0.0, 0.0, 0.0, 0.0, 0.0, 0.0, 0.0, 0.0, 1.06, 0.51, 0.0, 0.0, 0.0, 0.0, 0.0, 0.0, 0.0, 0.51, 0.0, 0.0, 0.0, 0.0, 0.0, 0.0, 0.0, 0.0, 0.0, 0.0, 0.0, 0.0, 0.0, 0.0, 0.0, 0.53, 0.0, 0.0, 0.51, 0.0, 0.53, 0.0, 0.0, 0.0, 0.0, 0.0, 0.0, 0.0, 0.0, 0.0, 0.0, 0.0, 0.0, 0.0, 0.0, 0.0, 0.0, 0.0, 0.0, 0.0, 0.0, 0.52, 0.0, 0.0, 0.0, 0.0, 0.0, 0.0, 0.0, 0.0, 1.07, 0.0, 0.0, 0.0, 0.0, 0.0, 0.0, 0.0, 0.0, 0.0, 0.0, 0.52, 0.0, 0.0, 0.0, 0.0, 0.0, 0.0, 0.0, 0.0, 0.0, 0.0, 0.0, 0.0, 0.0, 0.0, 0.0, 0.51, 0.0, 0.0, 0.0, 0.0, 0.0, 0.0, 0.0, 0.0, 0.53, 0.0, 0.0, 0.0, 0.0, 0.0, 0.0, 0.0, 0.0, 0.0, 0.0, 0.0, 0.0, 0.0, 0.0, 0.0, 0.0, 0.0, 0.0, 0.0, 0.0, 0.0, 0.0, 0.0, 0.55, 0.0, 0.0, 0.0, 0.0, 0.0, 0.0, 0.0, 0.0, 0.0, 0.0, 0.0, 0.5, 0.0, 0.52]
nice
[0.0, 0.0, 0.0, 0.0, 0.0, 0.0, 0.0, 0.0, 0.0, 0.0, 0.0, 0.0, 0.53, 0.0, 0.0, 0.0, 0.0, 0.0, 0.0, 0.0, 0.0, 0.0, 0.0, 0.0, 0.0, 0.0, 0.0, 0.0, 0.0, 0.0, 0.0, 0.0, 0.51, 0.0, 0.0, 0.0, 0.0, 0.0, 0.0, 0.0, 0.0, 0.0, 0.0, 0.0, 0.0, 0.0, 0.0, 0.0, 0.0, 0.0, 0.0, 0.0, 0.0, 0.0, 0.0, 0.0, 0.0, 0.0, 0.0, 0.0, 0.0, 0.0, 0.55, 0.0, 0.0, 0.0, 0.0, 0.0, 0.0, 0.0, 0.0, 0.0, 0.53, 0.0, 0.0, 0.0, 0.0, 0.0, 0.0, 0.0, 0.0, 0.0, 0.0, 0.0, 0.0, 0.0, 0.0, 0.0, 0.0, 0.0, 0.0, 0.0, 0.53, 0.0, 0.0, 0.0, 0.0, 0.0, 0.0, 0.0, 0.0, 0.0, 0.0, 0.0, 0.0, 0.0, 0.0, 0.0, 0.0, 0.0, 0.0, 0.0, 0.52, 0.0, 0.0, 0.0, 0.0, 0.0, 0.0, 0.0, 0.0, 0.0, 0.0, 0.0, 0.0, 0.0, 0.0, 0.0, 0.0, 0.0, 0.0, 0.0, 0.55, 0.0, 0.0, 0.0, 0.0, 0.0, 0.0, 0.0, 0.0, 0.0, 0.53, 0.0, 0.0, 0.0, 0.0]
system
[4.92, 2.13, 0.0, 1.0, 5.38, 0.0, 3.16, 1.03, 0.0, 4.76, 0.0, 0.0, 6.35, 0.51, 1.02, 5.41, 1.01, 4.55, 0.53, 0.0, 4.64, 4.57, 0.0, 5.32, 0.0, 0.0, 5.85, 0.0, 3.65, 1.04, 0.0, 4.23, 0.51, 0.0, 5.79, 0.0, 8.76, 5.26, 2.69, 1.07, 1.03, 3.3, 1.6, 5.15, 0.55, 5.15, 1.6, 0.54, 2.14, 3.19, 1.55, 7.98, 0.55, 3.05, 1.12, 0.53, 4.69, 1.09, 0.0, 6.38, 0.54, 2.05, 1.66, 1.56, 7.18, 3.21, 4.19, 0.54, 1.58, 4.79, 0.54, 1.04, 4.81, 1.63, 2.53, 2.21, 0.52, 4.3, 5.24, 0.0, 5.98, 0.0, 5.1, 8.76, 0.5, 5.98, 0.53, 3.61, 1.62, 3.63, 1.07, 1.06, 3.17, 3.06, 6.06, 5.88, 1.06, 3.12, 1.55, 7.11, 5.38, 1.08, 0.0, 4.89, 0.53, 3.65, 0.54, 0.0, 6.32, 1.08, 4.12, 1.07, 1.05, 5.24, 0.54, 0.0, 4.4, 1.06, 4.57, 0.55, 0.0, 4.3, 0.53, 1.01, 7.1, 0.0, 3.72, 1.59, 0.52, 5.32, 0.53, 4.04, 1.1, 0.0, 4.71, 1.61, 0.0, 3.28, 1.05, 4.55, 2.19, 0.51, 3.74, 0.53, 1.0, 5.38, 0.0]
iowait
[95.08, 97.87, 100.0, 99.0, 94.62, 100.0, 96.84, 98.97, 100.0, 95.24, 100.0, 100.0, 92.06, 98.98, 98.98, 94.59, 98.99, 95.45, 99.47, 100.0, 95.36, 94.92, 100.0, 94.68, 100.0, 100.0, 94.15, 100.0, 96.35, 98.96, 100.0, 95.77, 98.98, 100.0, 94.21, 100.0, 91.24, 94.21, 97.31, 98.93, 98.46, 96.7, 97.86, 94.85, 99.45, 94.85, 98.4, 99.46, 97.86, 96.81, 98.45, 92.02, 99.45, 96.95, 98.88, 99.47, 95.31, 98.91, 100.0, 93.62, 99.46, 97.95, 97.79, 97.92, 92.82, 96.79, 95.81, 99.46, 98.42, 95.21, 99.46, 98.96, 93.58, 98.37, 97.47, 97.79, 99.48, 95.7, 94.76, 100.0, 94.02, 100.0, 94.9, 90.72, 99.5, 94.02, 99.47, 96.39, 98.38, 96.37, 98.93, 98.94, 96.3, 96.94, 93.94, 94.12, 98.94, 96.88, 98.45, 92.39, 94.62, 98.92, 100.0, 95.11, 99.47, 96.35, 99.46, 100.0, 93.16, 98.92, 95.88, 98.93, 98.43, 94.76, 99.46, 100.0, 95.6, 98.94, 95.43, 99.45, 100.0, 95.7, 99.47, 98.99, 92.9, 100.0, 96.28, 98.41, 99.48, 94.68, 99.47, 95.96, 97.8, 100.0, 95.29, 98.39, 100.0, 96.72, 98.95, 95.45, 97.81, 99.49, 95.72, 99.47, 98.5, 94.62, 99.48]
steal
[0.0, 0.0, 0.0, 0.0, 0.0, 0.0, 0.0, 0.0, 0.0, 0.0, 0.0, 0.0, 0.0, 0.0, 0.0, 0.0, 0.0, 0.0, 0.0, 0.0, 0.0, 0.0, 0.0, 0.0, 0.0, 0.0, 0.0, 0.0, 0.0, 0.0, 0.0, 0.0, 0.0, 0.0, 0.0, 0.0, 0.0, 0.0, 0.0, 0.0, 0.0, 0.0, 0.0, 0.0, 0.0, 0.0, 0.0, 0.0, 0.0, 0.0, 0.0, 0.0, 0.0, 0.0, 0.0, 0.0, 0.0, 0.0, 0.0, 0.0, 0.0, 0.0, 0.0, 0.0, 0.0, 0.0, 0.0, 0.0, 0.0, 0.0, 0.0, 0.0, 0.0, 0.0, 0.0, 0.0, 0.0, 0.0, 0.0, 0.0, 0.0, 0.0, 0.0, 0.0, 0.0, 0.0, 0.0, 0.0, 0.0, 0.0, 0.0, 0.0, 0.0, 0.0, 0.0, 0.0, 0.0, 0.0, 0.0, 0.0, 0.0, 0.0, 0.0, 0.0, 0.0, 0.0, 0.0, 0.0, 0.0, 0.0, 0.0, 0.0, 0.0, 0.0, 0.0, 0.0, 0.0, 0.0, 0.0, 0.0, 0.0, 0.0, 0.0, 0.0, 0.0, 0.0, 0.0, 0.0, 0.0, 0.0, 0.0, 0.0, 0.0, 0.0, 0.0, 0.0, 0.0, 0.0, 0.0, 0.0, 0.0, 0.0, 0.0, 0.0, 0.0, 0.0, 0.0]
idle
[0.0, 0.0, 0.0, 0.0, 0.0, 0.0, 0.0, 0.0, 0.0, 0.0, 0.0, 0.0, 0.0, 0.0, 0.0, 0.0, 0.0, 0.0, 0.0, 0.0, 0.0, 0.0, 0.0, 0.0, 0.0, 0.0, 0.0, 0.0, 0.0, 0.0, 0.0, 0.0, 0.0, 0.0, 0.0, 0.0, 0.0, 0.0, 0.0, 0.0, 0.0, 0.0, 0.0, 0.0, 0.0, 0.0, 0.0, 0.0, 0.0, 0.0, 0.0, 0.0, 0.0, 0.0, 0.0, 0.0, 0.0, 0.0, 0.0, 0.0, 0.0, 0.0, 0.0, 0.0, 0.0, 0.0, 0.0, 0.0, 0.0, 0.0, 0.0, 0.0, 0.0, 0.0, 0.0, 0.0, 0.0, 0.0, 0.0, 0.0, 0.0, 0.0, 0.0, 0.0, 0.0, 0.0, 0.0, 0.0, 0.0, 0.0, 0.0, 0.0, 0.0, 0.0, 0.0, 0.0, 0.0, 0.0, 0.0, 0.0, 0.0, 0.0, 0.0, 0.0, 0.0, 0.0, 0.0, 0.0, 0.0, 0.0, 0.0, 0.0, 0.0, 0.0, 0.0, 0.0, 0.0, 0.0, 0.0, 0.0, 0.0, 0.0, 0.0, 0.0, 0.0, 0.0, 0.0, 0.0, 0.0, 0.0, 0.0, 0.0, 0.0, 0.0, 0.0, 0.0, 0.0, 0.0, 0.0, 0.0, 0.0, 0.0, 0.0, 0.0, 0.0, 0.0, 0.0]

sda data:

util
[108.2, 106.38, 103.09, 99.5, 107.53, 101.01, 105.26, 103.09, 100.0, 105.61, 102.56, 100.5, 105.82, 138.37, 65.71, 108.11, 100.5, 101.01, 106.38, 100.5, 103.09, 101.52, 100.5, 106.38, 102.04, 100.5, 106.17, 101.01, 104.17, 103.63, 100.5, 105.82, 102.04, 100.5, 105.26, 101.01, 103.09, 105.26, 107.53, 106.95, 102.56, 110.11, 106.95, 103.09, 109.29, 103.09, 106.38, 107.53, 106.95, 106.38, 103.09, 106.38, 109.29, 101.52, 111.73, 106.38, 104.17, 108.7, 104.17, 106.38, 108.11, 102.56, 110.5, 104.17, 102.36, 106.95, 104.71, 150.32, 63.37, 106.38, 108.11, 103.63, 106.95, 108.7, 101.01, 110.5, 103.63, 107.53, 104.71, 101.01, 108.7, 105.82, 101.84, 103.3, 100.5, 108.7, 106.38, 103.09, 108.11, 103.63, 106.95, 105.82, 111.11, 96.94, 101.01, 106.95, 105.82, 156.25, 62.18, 91.37, 107.53, 107.53, 102.56, 108.7, 106.38, 104.17, 107.53, 104.17, 105.05, 107.53, 103.09, 106.95, 104.71, 104.5, 108.7, 101.52, 109.89, 106.38, 101.52, 110.5, 102.56, 107.53, 106.95, 100.5, 109.29, 104.71, 106.38, 105.82, 103.09, 106.38, 106.38, 101.01, 109.89, 104.17, 104.71, 107.53, 102.04, 109.29, 105.26, 100.81, 109.29, 102.56, 106.95, 105.82, 100.0, 107.53, 103.83]
r_await
[178.0, 0.0, 0.0, 0.0, 0.0, 0.0, 0.0, 0.0, 0.0, 0.0, 0.0, 0.0, 0.0, 0.0, 0.0, 0.0, 0.0, 0.0, 0.0, 0.0, 0.0, 0.0, 0.0, 0.0, 0.0, 0.0, 0.0, 0.0, 0.0, 0.0, 0.0, 0.0, 0.0, 0.0, 418.0, 0.0, 0.0, 0.0, 0.0, 0.0, 236.0, 0.0, 0.0, 0.0, 0.0, 0.0, 0.0, 192.0, 0.0, 0.0, 0.0, 0.0, 0.0, 0.0, 124.0, 0.0, 0.0, 0.0, 0.0, 0.0, 0.0, 0.0, 304.0, 0.0, 0.0, 0.0, 0.0, 0.0, 132.0, 0.0, 0.0, 0.0, 0.0, 0.0, 0.0, 0.0, 228.0, 0.0, 0.0, 0.0, 0.0, 0.0, 0.0, 144.0, 0.0, 0.0, 0.0, 0.0, 0.0, 0.0, 0.0, 248.0, 0.0, 0.0, 0.0, 0.0, 0.0, 328.0, 0.0, 0.0, 0.0, 0.0, 0.0, 0.0, 0.0, 368.0, 0.0, 0.0, 0.0, 0.0, 0.0, 0.0, 192.0, 0.0, 0.0, 0.0, 0.0, 0.0, 0.0, 0.0, 0.0, 252.0, 0.0, 0.0, 0.0, 0.0, 0.0, 0.0, 0.0, 52.0, 0.0, 0.0, 0.0, 0.0, 0.0, 0.0, 0.0, 224.0, 0.0, 0.0, 0.0, 0.0, 0.0, 0.0, 0.0, 136.0, 0.0]
avgqusz
[132.26, 152.28, 140.32, 59.26, 130.49, 101.96, 77.7, 146.53, 84.62, 85.54, 142.67, 73.93, 98.8, 154.99, 20.06, 145.4, 119.22, 45.17, 149.06, 83.82, 84.04, 138.6, 73.19, 105.14, 133.57, 53.72, 132.92, 104.59, 65.74, 144.47, 75.6, 101.75, 132.66, 52.4, 115.19, 105.67, 91.33, 139.29, 117.75, 152.8, 105.01, 135.45, 150.76, 75.41, 156.53, 125.21, 153.04, 151.13, 98.51, 153.37, 137.12, 97.16, 157.5, 100.11, 156.89, 150.13, 79.38, 155.41, 132.7, 104.72, 155.79, 85.51, 151.45, 145.51, 73.55, 153.26, 137.62, 207.7, 84.96, 129.11, 154.09, 120.86, 100.6, 156.38, 85.05, 155.27, 130.76, 144.95, 141.06, 82.92, 143.36, 143.06, 75.44, 127.28, 107.13, 113.45, 151.48, 72.57, 154.66, 133.09, 153.91, 146.9, 150.77, 118.9, 120.17, 91.0, 149.46, 199.35, 76.6, 119.59, 119.84, 154.27, 102.64, 116.03, 150.66, 67.53, 153.92, 127.79, 85.66, 155.25, 130.6, 153.4, 143.29, 75.39, 155.96, 106.41, 142.85, 150.91, 64.15, 157.65, 111.95, 116.18, 153.02, 78.52, 137.06, 144.85, 104.75, 151.72, 111.5, 106.54, 152.48, 82.85, 155.55, 140.16, 69.54, 153.82, 104.37, 146.13, 147.56, 62.63, 155.7, 117.38, 92.56, 151.43, 72.27, 135.37, 132.91]
await
[838.13, 2008.74, 3068.04, 3261.74, 1195.23, 2297.26, 2243.33, 1627.47, 3212.48, 1845.93, 1481.16, 3094.98, 2291.11, 2130.32, 4017.93, 981.32, 2213.66, 3957.02, 1046.23, 2757.01, 1963.77, 1673.55, 3464.72, 1607.68, 1720.63, 3804.46, 1079.18, 2089.3, 3095.67, 1237.05, 3026.92, 2102.02, 1711.86, 3624.5, 1365.35, 2191.15, 1335.41, 1260.11, 1916.19, 1366.07, 2178.87, 1234.77, 1726.67, 1859.36, 957.66, 1802.41, 1972.83, 2049.89, 1507.55, 1747.92, 1653.92, 1753.95, 1571.44, 1717.75, 1507.91, 1938.43, 1917.24, 969.15, 2132.76, 1404.59, 1552.97, 2124.47, 843.49, 1736.81, 2086.43, 972.29, 2199.97, 1686.57, 2274.62, 1507.64, 2154.98, 1763.78, 1332.17, 1391.8, 2460.92, 901.21, 1660.59, 1940.36, 2527.29, 1944.22, 791.27, 2122.97, 1651.52, 1435.8, 1805.87, 1081.43, 1611.67, 2137.28, 920.93, 2079.59, 1851.15, 1611.77, 1833.18, 2768.42, 1646.79, 1469.26, 1281.65, 2085.84, 2132.56, 1741.8, 1782.67, 1849.5, 1758.51, 1415.79, 1458.78, 2325.96, 825.87, 2381.19, 1337.62, 1184.77, 2495.97, 1834.11, 1897.85, 1880.29, 1266.15, 1591.21, 2009.21, 1848.63, 2224.63, 934.84, 2047.1, 1617.8, 1368.45, 2752.36, 984.5, 1688.92, 2525.97, 1544.78, 2175.66, 1335.69, 1497.58, 2271.0, 1670.61, 1776.21, 2015.84, 1128.06, 1934.56, 1907.94, 2278.76, 2219.0, 677.25, 1812.3, 2226.41, 1145.54, 3100.2, 978.24, 1884.39]
rMB
[0.0, 0.0, 0.0, 0.0, 0.0, 0.0, 0.0, 0.0, 0.0, 0.0, 0.0, 0.0, 0.0, 0.0, 0.0, 0.0, 0.0, 0.0, 0.0, 0.0, 0.0, 0.0, 0.0, 0.0, 0.0, 0.0, 0.0, 0.0, 0.0, 0.0, 0.0, 0.0, 0.0, 0.0, 0.0, 0.0, 0.0, 0.0, 0.0, 0.0, 0.0, 0.0, 0.0, 0.0, 0.0, 0.0, 0.0, 0.0, 0.0, 0.0, 0.0, 0.0, 0.0, 0.0, 0.0, 0.0, 0.0, 0.0, 0.0, 0.0, 0.0, 0.0, 0.0, 0.0, 0.0, 0.0, 0.0, 0.0, 0.0, 0.0, 0.0, 0.0, 0.0, 0.0, 0.0, 0.0, 0.0, 0.0, 0.0, 0.0, 0.0, 0.0, 0.0, 0.0, 0.0, 0.0, 0.0, 0.0, 0.0, 0.0, 0.0, 0.0, 0.0, 0.0, 0.0, 0.0, 0.0, 0.0, 0.0, 0.0, 0.0, 0.0, 0.0, 0.0, 0.0, 0.0, 0.0, 0.0, 0.0, 0.0, 0.0, 0.0, 0.0, 0.0, 0.0, 0.0, 0.0, 0.0, 0.0, 0.0, 0.0, 0.0, 0.0, 0.0, 0.0, 0.0, 0.0, 0.0, 0.0, 0.0, 0.0, 0.0, 0.0, 0.0, 0.0, 0.0, 0.0, 0.0, 0.0, 0.0, 0.0, 0.0, 0.0, 0.0, 0.0, 0.0, 0.0]
svctm
[21.06, 20.62, 20.41, 21.28, 21.51, 21.05, 22.47, 21.98, 21.98, 23.48, 23.26, 23.26, 23.53, 22.79, 23.0, 23.53, 24.39, 24.39, 22.73, 22.99, 23.26, 23.53, 22.47, 22.99, 22.47, 22.99, 22.68, 22.47, 23.81, 22.73, 22.47, 24.1, 22.73, 22.73, 25.0, 17.09, 14.08, 13.33, 13.89, 13.42, 13.42, 14.31, 13.33, 13.89, 13.42, 13.7, 13.89, 13.33, 14.08, 13.89, 13.51, 13.7, 13.25, 13.7, 14.29, 13.51, 14.39, 13.42, 13.07, 13.99, 13.51, 13.79, 13.42, 13.51, 13.96, 13.25, 13.51, 13.84, 14.86, 13.7, 13.79, 13.51, 14.08, 14.18, 14.39, 14.39, 13.99, 14.81, 14.71, 13.89, 14.6, 13.89, 15.12, 14.21, 13.99, 14.93, 13.89, 14.49, 14.08, 14.71, 14.18, 14.6, 14.38, 14.29, 14.39, 14.6, 14.18, 14.71, 14.12, 14.17, 14.49, 14.18, 14.29, 15.04, 14.18, 14.81, 14.6, 14.49, 15.01, 14.18, 14.71, 14.08, 14.71, 14.57, 13.99, 14.71, 14.81, 14.29, 15.75, 14.93, 15.5, 15.75, 15.04, 15.15, 15.5, 14.81, 16.13, 14.93, 15.38, 15.27, 15.15, 15.62, 14.81, 14.71, 15.62, 14.93, 15.27, 15.87, 15.87, 16.1, 15.62, 16.39, 16.26, 16.0, 16.26, 16.26, 16.16]
r
[1.09, 0.0, 0.0, 0.0, 0.0, 0.0, 0.0, 0.0, 0.0, 0.0, 0.0, 0.0, 0.0, 0.0, 0.0, 0.0, 0.0, 0.0, 0.0, 0.0, 0.0, 0.0, 0.0, 0.0, 0.0, 0.0, 0.0, 0.0, 0.0, 0.0, 0.0, 0.0, 0.0, 0.0, 1.05, 0.0, 0.0, 0.0, 0.0, 0.0, 0.51, 0.0, 0.0, 0.0, 0.0, 0.0, 0.0, 0.54, 0.0, 0.0, 0.0, 0.0, 0.0, 0.0, 0.56, 0.0, 0.0, 0.0, 0.0, 0.0, 0.0, 0.0, 0.55, 0.0, 0.0, 0.0, 0.0, 0.0, 0.53, 0.0, 0.0, 0.0, 0.0, 0.0, 0.0, 0.0, 0.52, 0.0, 0.0, 0.0, 0.0, 0.0, 0.0, 0.52, 0.0, 0.0, 0.0, 0.0, 0.0, 0.0, 0.0, 0.53, 0.0, 0.0, 0.0, 0.0, 0.0, 0.52, 0.0, 0.0, 0.0, 0.0, 0.0, 0.0, 0.0, 0.52, 0.0, 0.0, 0.0, 0.0, 0.0, 0.0, 0.52, 0.0, 0.0, 0.0, 0.0, 0.0, 0.0, 0.0, 0.0, 0.54, 0.0, 0.0, 0.0, 0.0, 0.0, 0.0, 0.0, 0.53, 0.0, 0.0, 0.0, 0.0, 0.0, 0.0, 0.0, 0.55, 0.0, 0.0, 0.0, 0.0, 0.0, 0.0, 0.0, 0.54, 0.0]
wrqm
[2.19, 0.0, 5.15, 0.0, 2.15, 3.54, 1.05, 3.61, 0.0, 1.06, 4.1, 0.0, 0.0, 3.57, 0.0, 2.16, 3.52, 1.01, 4.26, 0.0, 0.52, 5.08, 0.0, 1.6, 4.08, 0.0, 3.19, 3.54, 4.69, 3.63, 0.0, 3.7, 3.57, 0.0, 4.21, 4.04, 10.82, 8.95, 1.61, 0.0, 4.1, 2.75, 4.28, 4.12, 0.0, 8.76, 0.0, 4.3, 4.28, 0.0, 4.64, 7.45, 0.55, 6.6, 0.56, 4.26, 6.25, 0.0, 4.17, 1.06, 0.0, 5.64, 1.1, 4.17, 3.59, 0.0, 6.81, 0.0, 4.21, 1.6, 0.0, 4.15, 2.67, 3.8, 4.55, 1.66, 4.66, 2.69, 4.71, 4.04, 1.63, 3.7, 2.04, 7.22, 4.02, 5.43, 3.72, 3.09, 0.0, 4.15, 0.0, 4.23, 2.65, 4.59, 7.58, 4.28, 3.7, 0.0, 6.74, 4.06, 3.76, 0.0, 3.59, 3.8, 3.72, 0.0, 0.0, 4.17, 5.26, 0.0, 5.67, 0.0, 3.66, 2.62, 0.0, 4.06, 3.85, 3.72, 4.57, 0.0, 3.59, 5.38, 0.0, 4.02, 5.46, 3.66, 2.13, 0.0, 3.61, 2.13, 0.0, 5.05, 0.0, 3.65, 3.14, 0.0, 3.57, 1.09, 4.21, 1.52, 0.0, 3.59, 2.67, 0.0, 3.5, 1.61, 4.15]
w
[50.27, 51.6, 50.52, 46.77, 50.0, 47.98, 46.84, 46.91, 45.5, 44.97, 44.1, 43.22, 44.97, 60.71, 28.57, 45.95, 41.21, 41.41, 46.81, 43.72, 44.33, 43.15, 44.72, 46.28, 45.41, 43.72, 46.81, 44.95, 43.75, 45.6, 44.72, 43.92, 44.9, 44.22, 41.05, 59.09, 73.2, 78.95, 77.42, 79.68, 75.9, 76.92, 80.21, 74.23, 81.42, 75.26, 76.6, 80.11, 75.94, 76.6, 76.29, 77.66, 82.51, 74.11, 77.65, 78.72, 72.4, 80.98, 79.69, 76.06, 80.0, 74.36, 81.77, 77.08, 73.33, 80.75, 77.49, 108.6, 42.11, 77.66, 78.38, 76.68, 75.94, 76.63, 70.2, 76.8, 73.58, 72.58, 71.2, 72.73, 74.46, 76.19, 67.35, 72.16, 71.86, 72.83, 76.6, 71.13, 76.76, 70.47, 75.4, 71.96, 77.25, 67.86, 70.2, 73.26, 74.6, 105.73, 44.04, 64.47, 74.19, 75.81, 71.79, 72.28, 75.0, 69.79, 73.66, 71.88, 70.0, 75.81, 70.1, 75.94, 70.68, 71.73, 77.72, 69.04, 74.18, 74.47, 64.47, 74.03, 66.15, 67.74, 71.12, 66.33, 70.49, 70.68, 65.96, 70.9, 67.01, 69.15, 70.21, 64.65, 74.18, 70.83, 67.02, 72.04, 66.84, 68.31, 66.32, 62.63, 69.95, 62.56, 65.78, 66.14, 61.5, 65.59, 64.25]
avgrqsz
[250.64, 256.0, 253.47, 256.0, 248.77, 256.0, 242.7, 256.0, 256.0, 250.82, 256.0, 256.0, 250.92, 256.0, 256.0, 247.91, 256.0, 253.76, 253.09, 256.0, 250.88, 255.06, 256.0, 235.68, 254.83, 254.16, 243.45, 251.51, 243.24, 253.09, 248.63, 249.35, 252.18, 252.36, 241.9, 251.62, 248.11, 250.99, 245.11, 252.78, 251.54, 248.57, 252.37, 250.33, 252.56, 248.38, 251.22, 249.65, 248.39, 252.06, 251.03, 243.34, 251.13, 249.53, 247.2, 253.03, 250.76, 250.2, 250.2, 249.17, 250.27, 248.5, 251.28, 251.08, 243.36, 249.01, 245.73, 251.05, 251.65, 246.14, 252.47, 250.43, 244.85, 253.28, 251.05, 244.95, 249.06, 250.67, 247.88, 247.06, 246.72, 250.78, 247.45, 244.94, 245.15, 248.06, 248.22, 245.51, 248.56, 248.71, 246.01, 248.99, 246.36, 248.18, 252.49, 244.5, 250.16, 244.31, 253.74, 249.39, 245.97, 252.43, 251.14, 237.89, 252.31, 244.56, 252.15, 249.22, 248.12, 251.12, 249.41, 246.76, 250.29, 247.18, 251.58, 253.0, 248.18, 253.43, 244.41, 251.7, 252.53, 245.17, 253.59, 250.79, 245.83, 251.91, 241.94, 251.22, 253.35, 244.89, 250.97, 245.19, 248.18, 251.47, 242.69, 249.97, 250.99, 246.92, 254.1, 247.23, 245.75, 250.95, 240.98, 250.18, 250.34, 239.15, 250.97]
wMB
[6.28, 6.45, 6.25, 5.85, 6.07, 6.0, 5.55, 5.86, 5.69, 5.51, 5.51, 5.4, 5.51, 7.59, 3.57, 5.56, 5.15, 5.13, 5.78, 5.46, 5.43, 5.37, 5.59, 5.33, 5.65, 5.43, 5.56, 5.52, 5.2, 5.63, 5.43, 5.35, 5.53, 5.45, 4.97, 7.26, 8.87, 9.68, 9.27, 9.83, 9.38, 9.34, 9.88, 9.07, 10.04, 9.13, 9.4, 9.83, 9.21, 9.43, 9.35, 9.23, 10.12, 9.03, 9.44, 9.73, 8.86, 9.89, 9.74, 9.25, 9.78, 9.02, 10.1, 9.45, 8.71, 9.82, 9.3, 13.31, 5.24, 9.33, 9.66, 9.38, 9.08, 9.48, 8.61, 9.19, 9.01, 8.88, 8.62, 8.77, 8.97, 9.33, 8.14, 8.69, 8.6, 8.82, 9.28, 8.53, 9.32, 8.56, 9.06, 8.81, 9.29, 8.22, 8.65, 8.75, 9.11, 12.67, 5.46, 7.85, 8.91, 9.34, 8.8, 8.4, 9.24, 8.39, 9.07, 8.75, 8.48, 9.3, 8.54, 9.15, 8.7, 8.66, 9.55, 8.53, 8.99, 9.22, 7.69, 9.1, 8.16, 8.17, 8.81, 8.12, 8.46, 8.69, 7.79, 8.7, 8.29, 8.33, 8.6, 7.74, 8.99, 8.7, 7.94, 8.79, 8.19, 8.3, 8.23, 7.56, 8.39, 7.67, 7.74, 8.08, 7.52, 7.72, 7.87]
rrqm
[0.0, 0.0, 0.0, 0.0, 0.0, 0.0, 0.0, 0.0, 0.0, 0.0, 0.0, 0.0, 0.0, 0.0, 0.0, 0.0, 0.0, 0.0, 0.0, 0.0, 0.0, 0.0, 0.0, 0.0, 0.0, 0.0, 0.0, 0.0, 0.0, 0.0, 0.0, 0.0, 0.0, 0.0, 0.0, 0.0, 0.0, 0.0, 0.0, 0.0, 0.0, 0.0, 0.0, 0.0, 0.0, 0.0, 0.0, 0.0, 0.0, 0.0, 0.0, 0.0, 0.0, 0.0, 0.0, 0.0, 0.0, 0.0, 0.0, 0.0, 0.0, 0.0, 0.0, 0.0, 0.0, 0.0, 0.0, 0.0, 0.0, 0.0, 0.0, 0.0, 0.0, 0.0, 0.0, 0.0, 0.0, 0.0, 0.0, 0.0, 0.0, 0.0, 0.0, 0.0, 0.0, 0.0, 0.0, 0.0, 0.0, 0.0, 0.0, 0.0, 0.0, 0.0, 0.0, 0.0, 0.0, 0.0, 0.0, 0.0, 0.0, 0.0, 0.0, 0.0, 0.0, 0.0, 0.0, 0.0, 0.0, 0.0, 0.0, 0.0, 0.0, 0.0, 0.0, 0.0, 0.0, 0.0, 0.0, 0.0, 0.0, 0.0, 0.0, 0.0, 0.0, 0.0, 0.0, 0.0, 0.0, 0.0, 0.0, 0.0, 0.0, 0.0, 0.0, 0.0, 0.0, 0.0, 0.0, 0.0, 0.0, 0.0, 0.0, 0.0, 0.0, 0.0, 0.0]
w_await
[852.48, 2008.74, 3068.04, 3261.74, 1195.23, 2297.26, 2243.33, 1627.47, 3212.48, 1845.93, 1481.16, 3094.98, 2291.11, 2130.32, 4017.93, 981.32, 2213.66, 3957.02, 1046.23, 2757.01, 1963.77, 1673.55, 3464.72, 1607.68, 1720.63, 3804.46, 1079.18, 2089.3, 3095.67, 1237.05, 3026.92, 2102.02, 1711.86, 3624.5, 1389.64, 2191.15, 1335.41, 1260.11, 1916.19, 1366.07, 2192.0, 1234.77, 1726.67, 1859.36, 957.66, 1802.41, 1972.83, 2062.36, 1507.55, 1747.92, 1653.92, 1753.95, 1571.44, 1717.75, 1517.87, 1938.43, 1917.24, 969.15, 2132.76, 1404.59, 1552.97, 2124.47, 847.14, 1736.81, 2086.43, 972.29, 2199.97, 1686.57, 2301.4, 1507.64, 2154.98, 1763.78, 1332.17, 1391.8, 2460.92, 901.21, 1670.68, 1940.36, 2527.29, 1944.22, 791.27, 2122.97, 1651.52, 1445.03, 1805.87, 1081.43, 1611.67, 2137.28, 920.93, 2079.59, 1851.15, 1621.79, 1833.18, 2768.42, 1646.79, 1469.26, 1281.65, 2094.5, 2132.56, 1741.8, 1782.67, 1849.5, 1758.51, 1415.79, 1458.78, 2340.57, 825.87, 2381.19, 1337.62, 1184.77, 2495.97, 1834.11, 1910.49, 1880.29, 1266.15, 1591.21, 2009.21, 1848.63, 2224.63, 934.84, 2047.1, 1628.63, 1368.45, 2752.36, 984.5, 1688.92, 2525.97, 1544.78, 2175.66, 1345.57, 1497.58, 2271.0, 1670.61, 1776.21, 2015.84, 1128.06, 1934.56, 1921.41, 2278.76, 2219.0, 677.25, 1812.3, 2226.41, 1145.54, 3100.2, 985.15, 1884.39]
