sdb data:
9 datos recogidos
util
[81.72, 111.73, 124.22, 130.72, 133.33, 112.36, 127.39, 113.64, 127.39]
r_await
[24.0, 0.0, 0.0, 0.0, 0.0, 0.0, 0.0, 0.0, 0.0]
avgqusz
[102.33, 146.08, 167.85, 188.44, 192.56, 130.99, 182.77, 139.14, 182.76]
await
[435.8, 540.17, 549.95, 613.25, 605.56, 534.73, 606.26, 635.65, 573.9]
rMB
[0.0, 0.0, 0.0, 0.0, 0.0, 0.0, 0.0, 0.0, 0.0]
svctm
[4.27, 4.17, 4.19, 4.26, 4.24, 4.47, 4.29, 4.74, 4.34]
r
[0.54, 0.0, 0.0, 0.0, 0.0, 0.0, 0.0, 0.0, 0.0]
wrqm
[0.0, 0.0, 0.0, 0.0, 0.0, 6.18, 0.64, 2.27, 0.0]
w
[190.86, 268.16, 296.27, 306.54, 314.67, 251.12, 296.82, 239.77, 293.63]
avgrqsz
[255.3, 256.0, 256.0, 256.0, 256.0, 254.53, 256.0, 250.81, 256.0]
wMB
[23.86, 33.52, 37.03, 38.32, 39.33, 31.21, 37.1, 29.36, 36.7]
rrqm
[0.0, 0.0, 0.0, 0.0, 0.0, 0.0, 0.0, 0.0, 0.0]
w_await
[436.96, 540.17, 549.95, 613.25, 605.56, 534.73, 606.26, 635.65, 573.9]
