19 datos recogidos

cpu data:

user
[0.64, 0.0, 0.56, 0.0, 0.0, 0.0, 0.57, 0.0, 0.0, 0.0, 0.0, 0.0, 0.0, 0.63, 0.0, 0.0, 0.0, 0.0, 0.0]
nice
[0.0, 0.62, 0.0, 0.0, 0.0, 0.0, 0.0, 0.0, 0.0, 0.0, 0.0, 0.65, 0.0, 0.0, 0.0, 0.0, 0.0, 0.0, 0.0]
system
[21.66, 11.11, 9.04, 12.5, 5.81, 11.76, 26.7, 6.67, 6.62, 8.23, 11.38, 6.49, 8.19, 17.72, 9.94, 5.66, 7.69, 5.92, 12.18]
iowait
[77.71, 88.27, 90.4, 87.5, 94.19, 88.24, 72.73, 93.33, 93.38, 91.77, 88.62, 92.86, 91.81, 81.65, 90.06, 94.34, 92.31, 94.08, 87.82]
steal
[0.0, 0.0, 0.0, 0.0, 0.0, 0.0, 0.0, 0.0, 0.0, 0.0, 0.0, 0.0, 0.0, 0.0, 0.0, 0.0, 0.0, 0.0, 0.0]
idle
[0.0, 0.0, 0.0, 0.0, 0.0, 0.0, 0.0, 0.0, 0.0, 0.0, 0.0, 0.0, 0.0, 0.0, 0.0, 0.0, 0.0, 0.0, 0.0]

sdb data:

util
[111.08, 123.46, 112.99, 131.58, 129.03, 106.95, 113.64, 121.21, 132.45, 126.58, 119.76, 129.87, 116.96, 126.58, 124.22, 125.79, 128.21, 118.34, 128.21]
r_await
[20.0, 104.0, 0.0, 0.0, 0.0, 0.0, 0.0, 0.0, 0.0, 0.0, 0.0, 0.0, 0.0, 0.0, 0.0, 0.0, 0.0, 0.0, 0.0]
avgqusz
[155.52, 176.85, 135.17, 188.58, 184.96, 124.0, 162.77, 156.48, 189.82, 181.36, 143.02, 186.22, 152.25, 169.48, 178.09, 173.8, 184.24, 154.42, 172.16]
await
[497.77, 621.71, 580.03, 546.48, 588.1, 481.69, 480.9, 739.54, 605.46, 614.31, 521.14, 586.19, 620.87, 526.11, 342.67, 874.72, 628.99, 621.65, 549.99]
rMB
[0.0, 0.0, 0.0, 0.0, 0.0, 0.0, 0.0, 0.0, 0.0, 0.0, 0.0, 0.0, 0.0, 0.0, 0.0, 0.0, 0.0, 0.0, 0.0]
svctm
[4.35, 4.33, 4.41, 4.14, 4.19, 4.46, 4.19, 4.4, 4.26, 4.26, 4.4, 4.14, 4.26, 4.31, 4.18, 4.5, 4.23, 4.4, 4.56]
r
[0.64, 0.62, 0.0, 0.0, 0.0, 0.0, 0.0, 0.0, 0.0, 0.0, 0.0, 0.0, 0.0, 0.0, 0.0, 0.0, 0.0, 0.0, 0.0]
wrqm
[0.0, 0.0, 5.08, 0.0, 0.0, 3.21, 0.0, 3.64, 0.0, 0.0, 3.59, 0.0, 4.09, 0.63, 0.0, 4.4, 0.0, 3.55, 0.0]
w
[254.78, 284.57, 256.5, 317.76, 307.74, 239.57, 271.02, 275.76, 310.6, 297.47, 272.46, 313.64, 274.27, 293.67, 296.89, 279.25, 303.21, 269.23, 281.41]
avgrqsz
[254.74, 255.46, 255.07, 256.0, 256.0, 252.79, 256.0, 255.02, 256.0, 255.47, 254.47, 256.0, 256.0, 253.97, 253.94, 253.75, 255.51, 256.0, 254.98]
wMB
[31.77, 35.57, 31.95, 39.72, 38.47, 29.57, 33.88, 34.34, 38.82, 37.11, 33.85, 39.2, 34.28, 36.42, 36.81, 34.6, 37.83, 33.65, 35.04]
rrqm
[0.0, 0.0, 0.0, 0.0, 0.0, 0.0, 0.0, 0.0, 0.0, 0.0, 0.0, 0.0, 0.0, 0.0, 0.0, 0.0, 0.0, 0.0, 0.0]
w_await
[498.96, 622.83, 580.03, 546.48, 588.1, 481.69, 480.9, 739.54, 605.46, 614.31, 521.14, 586.19, 620.87, 526.11, 342.67, 874.72, 628.99, 621.65, 549.99]
