200 datos recogidos

cpu data:

user
[0.0, 0.0, 0.54, 0.53, 1.61, 0.0, 0.54, 0.0, 0.0, 0.0, 0.0, 0.0, 0.0, 0.0, 0.0, 0.0, 0.0, 0.53, 0.0, 0.0, 0.53, 0.0, 0.0, 0.0, 0.0, 0.0, 0.0, 0.0, 0.0, 0.0, 0.0, 0.0, 0.0, 0.0, 0.0, 0.0, 0.0, 0.0, 0.0, 0.0, 0.5, 0.0, 0.0, 0.5, 0.0, 0.0, 0.0, 0.0, 0.0, 0.0, 0.0, 0.0, 0.0, 0.0, 0.0, 0.0, 0.0, 0.0, 0.0, 0.0, 0.0, 0.0, 0.0, 0.5, 0.0, 0.0, 0.0, 0.0, 0.0, 0.0, 0.51, 0.0, 0.0, 0.0, 0.0, 0.0, 0.0, 0.0, 0.0, 0.0, 0.0, 0.0, 0.0, 0.0, 0.0, 0.0, 0.0, 0.0, 0.0, 0.0, 0.0, 0.0, 0.0, 0.0, 0.5, 0.0, 0.0, 0.5, 0.0, 0.0, 1.0, 0.0, 0.0, 0.0, 0.0, 0.0, 0.0, 0.0, 0.0, 0.0, 0.0, 0.0, 0.0, 0.0, 0.0, 0.0, 0.53, 0.0, 0.0, 0.0, 0.0, 0.0, 0.0, 0.0, 0.0, 0.0, 0.0, 0.0, 0.0, 0.0, 0.51, 0.0, 0.0, 0.0, 0.51, 0.0, 0.0, 0.0, 0.0, 0.0, 0.0, 0.0, 0.51, 0.0, 0.0, 0.0, 0.0, 0.0, 0.0, 0.5, 0.0, 0.0, 0.0, 0.52, 0.0, 0.0, 0.0, 0.51, 0.0, 0.0, 0.51, 0.0, 0.0, 0.0, 0.0, 0.0, 0.0, 0.0, 0.0, 0.0, 0.0, 0.51, 0.0, 0.0, 0.0, 0.0, 0.0, 0.0, 0.0, 0.51, 0.0, 0.0, 0.0, 0.0, 0.0, 0.0, 0.0, 0.0, 0.5, 0.0, 0.0, 0.0, 0.0, 0.0, 0.0, 0.0, 0.0, 0.5, 0.0, 0.0]
nice
[0.0, 0.54, 0.0, 0.0, 0.0, 0.0, 0.0, 0.0, 0.0, 0.0, 0.0, 0.0, 0.0, 0.0, 0.0, 0.0, 0.0, 0.0, 0.0, 0.0, 0.0, 0.53, 0.0, 0.0, 0.0, 0.0, 0.0, 0.0, 0.0, 0.0, 0.0, 0.5, 0.0, 0.0, 0.0, 0.0, 0.0, 0.0, 0.0, 0.0, 0.0, 0.0, 0.0, 0.0, 0.0, 0.0, 0.0, 0.0, 0.0, 0.0, 0.0, 0.5, 0.0, 0.0, 0.0, 0.0, 0.0, 0.0, 0.0, 0.0, 0.0, 0.5, 0.0, 0.0, 0.0, 0.0, 0.0, 0.0, 0.0, 0.0, 0.0, 0.51, 0.0, 0.0, 0.0, 0.0, 0.0, 0.0, 0.0, 0.0, 0.0, 0.0, 0.0, 0.0, 0.0, 0.0, 0.0, 0.0, 0.0, 0.0, 0.0, 0.0, 0.0, 0.0, 0.0, 0.0, 0.0, 0.0, 0.0, 0.0, 0.0, 0.5, 0.0, 0.0, 0.0, 0.0, 0.0, 0.0, 0.0, 0.0, 0.0, 0.53, 0.0, 0.0, 0.0, 0.0, 0.0, 0.0, 0.0, 0.0, 0.0, 0.0, 0.0, 0.0, 0.0, 0.0, 0.0, 0.0, 0.0, 0.0, 0.0, 0.5, 0.0, 0.0, 0.0, 0.0, 0.0, 0.0, 0.0, 0.0, 0.0, 0.0, 0.0, 0.0, 0.0, 0.0, 0.0, 0.0, 0.0, 0.0, 0.0, 0.52, 0.0, 0.0, 0.0, 0.0, 0.0, 0.0, 0.0, 0.0, 0.0, 0.0, 0.0, 0.0, 0.0, 0.0, 0.0, 0.0, 0.0, 0.0, 0.0, 0.51, 0.0, 0.0, 0.0, 0.0, 0.0, 0.0, 0.0, 0.0, 0.0, 0.51, 0.0, 0.0, 0.0, 0.0, 0.0, 0.0, 0.0, 0.0, 0.0, 0.0, 0.0, 0.0, 0.0, 0.0, 0.0, 0.0, 0.0, 0.0]
system
[13.23, 1.08, 1.08, 2.14, 2.69, 1.61, 0.54, 0.53, 1.59, 1.07, 2.13, 1.08, 0.54, 0.54, 2.12, 1.61, 1.09, 1.07, 0.54, 2.13, 0.53, 1.6, 1.06, 0.54, 1.08, 1.06, 0.51, 0.5, 0.5, 0.0, 0.0, 0.5, 0.0, 0.0, 0.0, 0.0, 0.0, 0.0, 0.0, 0.0, 0.5, 0.0, 0.5, 0.0, 0.0, 0.0, 0.0, 0.0, 0.5, 0.0, 0.0, 0.0, 0.0, 0.0, 0.0, 0.0, 0.0, 0.0, 0.0, 0.0, 0.0, 0.0, 0.0, 0.0, 0.5, 0.0, 1.04, 3.11, 2.58, 4.08, 4.57, 4.59, 2.07, 1.06, 1.59, 1.6, 1.09, 1.07, 0.0, 1.58, 1.08, 1.63, 0.54, 1.08, 0.54, 1.6, 0.54, 1.6, 1.06, 1.07, 0.53, 0.51, 0.5, 0.0, 0.0, 0.0, 0.0, 0.0, 0.0, 0.0, 0.0, 0.5, 0.51, 1.05, 2.09, 3.09, 5.1, 3.06, 1.06, 0.53, 1.06, 1.07, 1.06, 1.06, 0.54, 1.07, 0.53, 1.6, 3.59, 5.58, 5.53, 6.03, 6.03, 5.58, 7.0, 6.03, 2.53, 4.1, 4.12, 4.59, 3.59, 3.52, 2.56, 3.63, 3.57, 2.6, 5.08, 3.63, 4.59, 3.61, 4.15, 3.65, 3.08, 3.65, 2.56, 6.0, 3.03, 3.08, 5.05, 3.02, 1.55, 2.08, 4.08, 3.12, 3.61, 4.57, 5.08, 4.55, 5.03, 4.59, 4.1, 4.64, 3.12, 4.12, 3.12, 2.62, 3.14, 5.1, 4.17, 4.62, 4.12, 6.57, 3.11, 5.1, 3.65, 5.05, 4.52, 4.57, 5.03, 4.04, 5.53, 3.54, 7.54, 4.08, 7.04, 4.55, 6.53, 4.04, 5.53, 6.57, 6.53, 6.09, 5.56, 6.03, 6.06, 6.06, 6.53, 6.0, 3.03, 1.01]
iowait
[86.77, 98.39, 98.39, 97.33, 95.7, 98.39, 98.92, 99.47, 98.41, 98.93, 97.87, 98.92, 99.46, 99.46, 97.88, 98.39, 98.91, 98.4, 99.46, 97.87, 98.93, 97.86, 98.94, 99.46, 98.92, 98.94, 99.49, 99.5, 99.5, 100.0, 100.0, 99.0, 100.0, 100.0, 100.0, 100.0, 100.0, 100.0, 100.0, 100.0, 98.99, 100.0, 99.5, 99.5, 100.0, 100.0, 100.0, 100.0, 99.5, 100.0, 100.0, 99.5, 100.0, 100.0, 100.0, 100.0, 100.0, 100.0, 100.0, 100.0, 100.0, 99.5, 100.0, 99.5, 99.5, 100.0, 98.96, 96.89, 97.42, 95.92, 94.92, 94.9, 97.93, 98.94, 98.41, 98.4, 98.91, 98.93, 100.0, 98.42, 98.92, 98.37, 99.46, 98.92, 99.46, 98.4, 99.46, 98.4, 98.94, 98.93, 99.47, 99.49, 99.5, 100.0, 99.5, 100.0, 100.0, 99.5, 100.0, 100.0, 99.0, 99.0, 99.49, 98.95, 97.91, 96.91, 94.9, 96.94, 98.94, 99.47, 98.94, 98.4, 98.94, 98.94, 99.46, 98.93, 98.93, 98.4, 96.41, 94.42, 94.47, 93.97, 93.97, 94.42, 93.0, 93.97, 97.47, 95.9, 95.88, 95.41, 95.9, 95.98, 97.44, 96.37, 95.92, 97.4, 94.92, 96.37, 95.41, 96.39, 95.85, 96.35, 96.41, 96.35, 97.44, 94.0, 96.97, 96.92, 94.95, 96.48, 98.45, 97.4, 95.92, 96.35, 96.39, 95.43, 94.92, 94.95, 94.97, 95.41, 95.38, 95.36, 96.88, 95.88, 96.88, 97.38, 96.86, 94.9, 95.83, 95.38, 95.88, 92.42, 96.89, 94.9, 96.35, 94.95, 95.48, 95.43, 94.97, 95.45, 94.47, 95.96, 92.46, 95.92, 92.96, 95.45, 93.47, 95.96, 93.97, 93.43, 93.47, 93.91, 94.44, 93.97, 93.94, 93.94, 93.47, 93.5, 96.97, 98.99]
steal
[0.0, 0.0, 0.0, 0.0, 0.0, 0.0, 0.0, 0.0, 0.0, 0.0, 0.0, 0.0, 0.0, 0.0, 0.0, 0.0, 0.0, 0.0, 0.0, 0.0, 0.0, 0.0, 0.0, 0.0, 0.0, 0.0, 0.0, 0.0, 0.0, 0.0, 0.0, 0.0, 0.0, 0.0, 0.0, 0.0, 0.0, 0.0, 0.0, 0.0, 0.0, 0.0, 0.0, 0.0, 0.0, 0.0, 0.0, 0.0, 0.0, 0.0, 0.0, 0.0, 0.0, 0.0, 0.0, 0.0, 0.0, 0.0, 0.0, 0.0, 0.0, 0.0, 0.0, 0.0, 0.0, 0.0, 0.0, 0.0, 0.0, 0.0, 0.0, 0.0, 0.0, 0.0, 0.0, 0.0, 0.0, 0.0, 0.0, 0.0, 0.0, 0.0, 0.0, 0.0, 0.0, 0.0, 0.0, 0.0, 0.0, 0.0, 0.0, 0.0, 0.0, 0.0, 0.0, 0.0, 0.0, 0.0, 0.0, 0.0, 0.0, 0.0, 0.0, 0.0, 0.0, 0.0, 0.0, 0.0, 0.0, 0.0, 0.0, 0.0, 0.0, 0.0, 0.0, 0.0, 0.0, 0.0, 0.0, 0.0, 0.0, 0.0, 0.0, 0.0, 0.0, 0.0, 0.0, 0.0, 0.0, 0.0, 0.0, 0.0, 0.0, 0.0, 0.0, 0.0, 0.0, 0.0, 0.0, 0.0, 0.0, 0.0, 0.0, 0.0, 0.0, 0.0, 0.0, 0.0, 0.0, 0.0, 0.0, 0.0, 0.0, 0.0, 0.0, 0.0, 0.0, 0.0, 0.0, 0.0, 0.0, 0.0, 0.0, 0.0, 0.0, 0.0, 0.0, 0.0, 0.0, 0.0, 0.0, 0.0, 0.0, 0.0, 0.0, 0.0, 0.0, 0.0, 0.0, 0.0, 0.0, 0.0, 0.0, 0.0, 0.0, 0.0, 0.0, 0.0, 0.0, 0.0, 0.0, 0.0, 0.0, 0.0, 0.0, 0.0, 0.0, 0.0, 0.0, 0.0]
idle
[0.0, 0.0, 0.0, 0.0, 0.0, 0.0, 0.0, 0.0, 0.0, 0.0, 0.0, 0.0, 0.0, 0.0, 0.0, 0.0, 0.0, 0.0, 0.0, 0.0, 0.0, 0.0, 0.0, 0.0, 0.0, 0.0, 0.0, 0.0, 0.0, 0.0, 0.0, 0.0, 0.0, 0.0, 0.0, 0.0, 0.0, 0.0, 0.0, 0.0, 0.0, 0.0, 0.0, 0.0, 0.0, 0.0, 0.0, 0.0, 0.0, 0.0, 0.0, 0.0, 0.0, 0.0, 0.0, 0.0, 0.0, 0.0, 0.0, 0.0, 0.0, 0.0, 0.0, 0.0, 0.0, 0.0, 0.0, 0.0, 0.0, 0.0, 0.0, 0.0, 0.0, 0.0, 0.0, 0.0, 0.0, 0.0, 0.0, 0.0, 0.0, 0.0, 0.0, 0.0, 0.0, 0.0, 0.0, 0.0, 0.0, 0.0, 0.0, 0.0, 0.0, 0.0, 0.0, 0.0, 0.0, 0.0, 0.0, 0.0, 0.0, 0.0, 0.0, 0.0, 0.0, 0.0, 0.0, 0.0, 0.0, 0.0, 0.0, 0.0, 0.0, 0.0, 0.0, 0.0, 0.0, 0.0, 0.0, 0.0, 0.0, 0.0, 0.0, 0.0, 0.0, 0.0, 0.0, 0.0, 0.0, 0.0, 0.0, 0.0, 0.0, 0.0, 0.0, 0.0, 0.0, 0.0, 0.0, 0.0, 0.0, 0.0, 0.0, 0.0, 0.0, 0.0, 0.0, 0.0, 0.0, 0.0, 0.0, 0.0, 0.0, 0.0, 0.0, 0.0, 0.0, 0.0, 0.0, 0.0, 0.0, 0.0, 0.0, 0.0, 0.0, 0.0, 0.0, 0.0, 0.0, 0.0, 0.0, 0.0, 0.0, 0.0, 0.0, 0.0, 0.0, 0.0, 0.0, 0.0, 0.0, 0.0, 0.0, 0.0, 0.0, 0.0, 0.0, 0.0, 0.0, 0.0, 0.0, 0.0, 0.0, 0.0, 0.0, 0.0, 0.0, 0.0, 0.0, 0.0]

sda data:

util
[95.03, 107.53, 107.53, 106.95, 107.53, 107.53, 108.11, 106.95, 105.82, 106.95, 106.38, 107.53, 107.53, 108.11, 105.82, 107.53, 108.7, 106.95, 108.11, 106.38, 106.95, 106.95, 106.6, 108.7, 108.11, 106.38, 101.52, 100.0, 99.5, 100.0, 100.5, 99.5, 100.0, 100.5, 100.0, 100.0, 100.5, 100.5, 100.0, 100.0, 100.5, 100.5, 99.5, 100.0, 100.5, 100.0, 100.0, 100.5, 99.5, 100.5, 100.0, 100.0, 100.5, 100.0, 100.5, 100.0, 100.5, 100.5, 100.0, 100.5, 100.0, 100.5, 100.0, 100.0, 100.0, 101.01, 104.17, 103.63, 103.09, 102.04, 101.52, 102.04, 103.63, 106.38, 105.82, 106.95, 108.7, 106.95, 106.95, 105.26, 107.53, 108.7, 107.53, 107.53, 108.7, 106.95, 108.11, 106.95, 106.38, 106.95, 105.82, 101.01, 100.0, 100.0, 100.0, 100.0, 100.0, 100.0, 100.0, 100.5, 100.0, 100.2, 101.01, 104.71, 104.71, 103.09, 102.04, 102.04, 105.82, 106.95, 106.38, 106.95, 106.38, 106.38, 107.53, 106.95, 106.95, 106.38, 102.56, 101.52, 100.5, 100.5, 100.5, 101.52, 100.0, 100.5, 101.01, 102.56, 103.09, 102.04, 102.56, 100.5, 102.56, 103.63, 102.04, 104.17, 101.52, 103.63, 102.04, 103.09, 103.63, 104.17, 102.56, 104.17, 102.56, 100.0, 101.01, 102.56, 101.01, 100.5, 103.09, 104.17, 102.04, 104.17, 103.09, 101.52, 101.52, 101.01, 100.7, 102.04, 102.56, 103.09, 104.17, 103.09, 104.17, 104.71, 104.71, 102.04, 104.17, 102.56, 103.09, 101.01, 103.63, 102.04, 104.17, 101.01, 100.5, 101.52, 100.5, 101.01, 100.5, 101.01, 100.1, 101.84, 99.3, 100.2, 99.9, 100.81, 99.9, 97.58, 100.5, 101.52, 101.01, 100.5, 101.01, 101.01, 100.7, 100.0, 101.01, 100.5]
r_await
[0.0, 0.0, 0.0, 0.0, 0.0, 0.0, 0.0, 0.0, 0.0, 0.0, 0.0, 0.0, 0.0, 0.0, 0.0, 0.0, 0.0, 0.0, 0.0, 0.0, 0.0, 0.0, 0.0, 0.0, 0.0, 0.0, 0.0, 0.0, 0.0, 0.0, 0.0, 0.0, 0.0, 0.0, 0.0, 0.0, 0.0, 0.0, 0.0, 0.0, 0.0, 0.0, 0.0, 0.0, 0.0, 0.0, 0.0, 0.0, 0.0, 0.0, 0.0, 0.0, 0.0, 0.0, 0.0, 0.0, 0.0, 0.0, 0.0, 0.0, 0.0, 0.0, 0.0, 0.0, 0.0, 0.0, 0.0, 0.0, 0.0, 0.0, 0.0, 0.0, 0.0, 0.0, 0.0, 0.0, 0.0, 0.0, 0.0, 0.0, 0.0, 0.0, 0.0, 0.0, 0.0, 0.0, 0.0, 0.0, 0.0, 0.0, 0.0, 0.0, 0.0, 0.0, 0.0, 0.0, 0.0, 0.0, 0.0, 0.0, 0.0, 0.0, 0.0, 0.0, 0.0, 0.0, 0.0, 0.0, 0.0, 0.0, 0.0, 0.0, 0.0, 0.0, 0.0, 0.0, 0.0, 0.0, 240.0, 244.5, 295.43, 234.0, 227.0, 227.56, 230.0, 235.5, 395.0, 188.57, 128.0, 184.57, 177.14, 455.0, 133.33, 161.5, 149.33, 104.0, 192.0, 128.0, 152.5, 126.86, 145.33, 161.14, 158.5, 108.5, 239.33, 274.29, 350.4, 159.33, 253.71, 383.2, 222.4, 106.0, 136.5, 113.5, 99.43, 179.43, 279.43, 187.5, 272.57, 170.0, 120.0, 155.0, 93.5, 106.5, 105.5, 99.43, 93.33, 164.0, 117.0, 174.0, 137.0, 159.56, 118.29, 129.0, 93.33, 214.5, 223.0, 218.67, 222.67, 226.0, 216.0, 228.5, 202.4, 174.8, 176.73, 188.4, 191.6, 222.67, 159.64, 24.35, 216.0, 222.0, 222.67, 225.0, 222.67, 222.0, 228.44, 224.5, 226.4, 0.0]
avgqusz
[135.84, 153.98, 153.16, 154.05, 154.53, 153.79, 155.11, 152.7, 151.74, 153.42, 152.88, 154.37, 154.32, 154.61, 152.04, 154.03, 149.07, 151.13, 154.07, 153.07, 153.26, 152.51, 152.04, 152.83, 153.63, 151.17, 137.06, 135.0, 134.33, 135.0, 135.68, 134.33, 135.0, 135.68, 135.0, 135.0, 134.74, 129.65, 129.0, 129.0, 129.65, 129.65, 128.36, 129.0, 129.65, 129.0, 129.0, 129.65, 146.07, 157.79, 157.0, 157.0, 157.79, 157.0, 146.27, 138.0, 138.69, 138.69, 138.0, 138.69, 138.0, 138.69, 138.0, 138.0, 138.0, 142.56, 147.72, 148.32, 148.15, 140.83, 135.58, 141.83, 148.4, 152.46, 151.17, 153.91, 155.59, 153.47, 153.41, 150.95, 149.04, 151.03, 152.56, 154.68, 152.9, 153.59, 154.82, 153.64, 152.2, 153.28, 153.38, 146.46, 145.0, 145.0, 145.0, 145.0, 145.0, 145.0, 145.0, 145.73, 145.0, 145.08, 144.35, 149.0, 149.91, 148.44, 146.71, 146.16, 151.11, 153.97, 152.47, 153.26, 153.64, 152.6, 154.28, 153.44, 153.41, 152.56, 147.13, 146.66, 145.05, 145.4, 144.43, 146.94, 144.81, 145.43, 144.13, 147.46, 147.86, 146.76, 148.59, 144.01, 147.25, 149.21, 146.96, 149.38, 145.78, 149.85, 147.24, 148.55, 149.15, 149.85, 148.18, 150.01, 147.56, 144.45, 145.13, 147.38, 147.92, 145.6, 146.52, 151.19, 147.43, 149.88, 148.12, 147.07, 146.78, 146.58, 144.44, 146.48, 148.14, 148.65, 149.1, 149.29, 149.69, 150.59, 150.95, 146.7, 148.71, 148.5, 148.02, 145.74, 148.09, 147.72, 148.09, 145.4, 145.67, 141.51, 118.78, 96.89, 79.51, 92.22, 61.1, 106.66, 36.95, 84.55, 63.75, 97.48, 66.22, 73.49, 84.29, 84.37, 118.49, 126.23, 132.05, 145.23, 140.7, 143.34, 145.06, 142.44]
await
[896.34, 1985.8, 2083.69, 2041.83, 2088.15, 1992.53, 1743.41, 2789.33, 2060.61, 2516.03, 1924.55, 2460.62, 1944.71, 2246.44, 1887.68, 1342.34, 2600.95, 1943.29, 1844.14, 2182.41, 1982.98, 2076.83, 2200.59, 1506.75, 2420.55, 2402.79, 0.0, 0.0, 0.0, 0.0, 0.0, 0.0, 0.0, 0.0, 0.0, 0.0, 23943.33, 0.0, 0.0, 0.0, 0.0, 0.0, 0.0, 0.0, 0.0, 0.0, 0.0, 0.0, 46991.0, 0.0, 0.0, 0.0, 0.0, 0.0, 58801.05, 0.0, 0.0, 0.0, 0.0, 0.0, 0.0, 0.0, 0.0, 0.0, 0.0, 81010.26, 37180.06, 2950.7, 2390.24, 1846.54, 2344.32, 1610.41, 1524.06, 2614.06, 2319.19, 1812.22, 950.45, 3364.47, 2230.29, 2479.19, 1992.45, 1989.06, 1899.05, 2125.73, 1421.61, 2927.17, 2069.86, 1851.48, 2494.0, 2055.47, 2380.66, 0.0, 0.0, 0.0, 0.0, 0.0, 0.0, 0.0, 0.0, 0.0, 0.0, 25111.43, 25121.79, 9391.6, 2479.97, 2071.34, 1897.61, 2359.91, 1974.18, 2217.6, 2101.86, 2312.0, 2521.37, 2459.08, 2241.61, 2207.69, 2196.74, 2210.57, 2157.05, 2144.57, 2601.38, 2249.4, 2135.94, 2089.15, 2050.1, 2010.16, 2535.11, 2740.82, 1957.91, 2091.58, 2166.08, 2683.42, 2861.07, 2214.1, 2240.25, 2092.11, 1913.29, 2124.66, 2052.83, 1947.91, 2009.47, 2083.42, 2068.06, 1866.42, 2136.18, 2421.78, 2959.31, 2739.28, 2007.01, 2909.38, 3005.83, 2710.27, 1949.52, 1953.48, 2048.94, 2124.7, 2491.52, 2232.32, 2061.11, 2281.04, 1787.1, 2139.02, 1986.43, 1962.68, 1911.24, 1974.2, 1839.56, 2079.54, 1878.11, 1925.08, 2062.78, 1926.32, 1998.08, 1668.29, 2274.74, 1531.51, 2195.35, 1994.45, 1763.43, 1774.61, 1364.93, 1224.78, 1020.85, 920.54, 1058.38, 561.25, 1472.11, 571.74, 1458.31, 514.11, 1346.74, 983.75, 1400.88, 1445.69, 1927.48, 1578.43, 2110.51, 1926.41, 2082.2, 2137.21]
rMB
[0.0, 0.0, 0.0, 0.0, 0.0, 0.0, 0.0, 0.0, 0.0, 0.0, 0.0, 0.0, 0.0, 0.0, 0.0, 0.0, 0.0, 0.0, 0.0, 0.0, 0.0, 0.0, 0.0, 0.0, 0.0, 0.0, 0.0, 0.0, 0.0, 0.0, 0.0, 0.0, 0.0, 0.0, 0.0, 0.0, 0.0, 0.0, 0.0, 0.0, 0.0, 0.0, 0.0, 0.0, 0.0, 0.0, 0.0, 0.0, 0.0, 0.0, 0.0, 0.0, 0.0, 0.0, 0.0, 0.0, 0.0, 0.0, 0.0, 0.0, 0.0, 0.0, 0.0, 0.0, 0.0, 0.0, 0.0, 0.0, 0.0, 0.0, 0.0, 0.0, 0.0, 0.0, 0.0, 0.0, 0.0, 0.0, 0.0, 0.0, 0.0, 0.0, 0.0, 0.0, 0.0, 0.0, 0.0, 0.0, 0.0, 0.0, 0.0, 0.0, 0.0, 0.0, 0.0, 0.0, 0.0, 0.0, 0.0, 0.0, 0.0, 0.0, 0.0, 0.0, 0.0, 0.0, 0.0, 0.0, 0.0, 0.0, 0.0, 0.0, 0.0, 0.0, 0.0, 0.0, 0.0, 0.0, 0.0, 0.0, 0.0, 0.0, 0.0, 0.0, 0.0, 0.0, 0.0, 0.0, 0.0, 0.0, 0.0, 0.0, 0.0, 0.0, 0.0, 0.0, 0.0, 0.0, 0.0, 0.0, 0.0, 0.0, 0.0, 0.0, 0.0, 0.0, 0.0, 0.0, 0.0, 0.0, 0.0, 0.0, 0.0, 0.0, 0.0, 0.0, 0.0, 0.0, 0.0, 0.0, 0.0, 0.0, 0.0, 0.0, 0.0, 0.0, 0.0, 0.0, 0.0, 0.0, 0.0, 0.0, 0.0, 0.0, 0.0, 0.0, 0.0, 0.0, 0.0, 0.0, 0.0, 0.0, 0.0, 0.0, 0.0, 0.0, 0.0, 0.0, 0.0, 0.02, 0.0, 0.0, 0.0, 0.0, 0.0, 0.0, 0.0, 0.0, 0.0, 0.0]
svctm
[15.09, 15.5, 14.29, 14.08, 14.71, 14.6, 13.99, 16.67, 16.0, 15.27, 15.27, 15.38, 15.38, 13.42, 14.6, 13.42, 13.16, 14.71, 14.08, 14.49, 15.38, 13.89, 14.84, 13.25, 14.49, 18.87, 0.0, 0.0, 0.0, 0.0, 0.0, 0.0, 0.0, 0.0, 0.0, 0.0, 333.33, 0.0, 0.0, 0.0, 0.0, 0.0, 0.0, 0.0, 0.0, 0.0, 0.0, 0.0, 500.0, 0.0, 0.0, 0.0, 0.0, 0.0, 105.26, 0.0, 0.0, 0.0, 0.0, 0.0, 0.0, 0.0, 0.0, 0.0, 0.0, 32.26, 16.0, 13.25, 14.18, 14.6, 14.39, 15.62, 14.08, 14.29, 14.49, 13.61, 13.16, 15.62, 20.41, 14.39, 13.16, 13.89, 15.38, 13.33, 13.61, 16.67, 14.08, 15.27, 16.39, 15.62, 27.4, 0.0, 0.0, 0.0, 0.0, 0.0, 0.0, 0.0, 0.0, 0.0, 0.0, 286.29, 18.69, 18.18, 16.13, 15.04, 14.39, 14.93, 14.71, 14.81, 15.75, 16.67, 18.52, 15.38, 15.5, 15.5, 15.38, 15.5, 15.5, 14.93, 18.18, 14.6, 13.99, 14.08, 14.39, 14.81, 23.53, 14.71, 14.29, 15.15, 16.0, 28.99, 15.27, 13.99, 15.38, 13.79, 14.29, 13.79, 14.29, 14.29, 13.89, 13.79, 14.18, 14.08, 17.54, 16.81, 21.51, 15.62, 17.7, 22.99, 18.35, 15.15, 13.61, 13.42, 13.79, 17.39, 16.13, 14.39, 16.84, 14.08, 13.99, 13.61, 13.51, 13.25, 13.51, 13.61, 13.61, 13.61, 13.16, 13.51, 13.51, 13.51, 13.89, 13.33, 13.42, 13.7, 13.61, 13.61, 13.61, 13.89, 13.7, 13.99, 13.28, 13.58, 13.53, 13.5, 13.52, 14.16, 13.52, 9.24, 13.7, 13.99, 13.79, 14.08, 13.7, 13.99, 14.11, 13.99, 15.04, 14.81]
r
[0.0, 0.0, 0.0, 0.0, 0.0, 0.0, 0.0, 0.0, 0.0, 0.0, 0.0, 0.0, 0.0, 0.0, 0.0, 0.0, 0.0, 0.0, 0.0, 0.0, 0.0, 0.0, 0.0, 0.0, 0.0, 0.0, 0.0, 0.0, 0.0, 0.0, 0.0, 0.0, 0.0, 0.0, 0.0, 0.0, 0.0, 0.0, 0.0, 0.0, 0.0, 0.0, 0.0, 0.0, 0.0, 0.0, 0.0, 0.0, 0.0, 0.0, 0.0, 0.0, 0.0, 0.0, 0.0, 0.0, 0.0, 0.0, 0.0, 0.0, 0.0, 0.0, 0.0, 0.0, 0.0, 0.0, 0.0, 0.0, 0.0, 0.0, 0.0, 0.0, 0.0, 0.0, 0.0, 0.0, 0.0, 0.0, 0.0, 0.0, 0.0, 0.0, 0.0, 0.0, 0.0, 0.0, 0.0, 0.0, 0.0, 0.0, 0.0, 0.0, 0.0, 0.0, 0.0, 0.0, 0.0, 0.0, 0.0, 0.0, 0.0, 0.0, 0.0, 0.0, 0.0, 0.0, 0.0, 0.0, 0.0, 0.0, 0.0, 0.0, 0.0, 0.0, 0.0, 0.0, 0.0, 0.0, 3.08, 4.06, 3.52, 4.02, 4.02, 4.57, 4.0, 4.02, 2.02, 3.59, 3.61, 3.57, 3.59, 2.01, 3.08, 4.15, 3.06, 4.17, 3.55, 4.15, 4.08, 3.61, 4.66, 3.65, 4.1, 4.17, 3.08, 3.5, 2.53, 3.08, 3.54, 2.51, 2.58, 3.12, 4.08, 4.17, 3.61, 3.55, 3.55, 4.04, 3.52, 4.08, 3.08, 4.12, 4.17, 4.12, 4.17, 3.66, 4.71, 4.08, 4.17, 4.1, 4.12, 4.55, 3.63, 4.08, 4.69, 4.04, 4.02, 4.57, 4.52, 4.04, 4.52, 4.04, 5.03, 5.1, 5.53, 5.05, 5.03, 4.55, 5.53, 39.9, 4.52, 4.06, 4.55, 4.02, 4.55, 4.04, 4.52, 4.0, 2.53, 0.0]
wrqm
[28.57, 17.74, 0.0, 12.83, 0.0, 0.54, 1.08, 1.07, 0.0, 0.53, 0.0, 0.54, 1.08, 0.0, 0.0, 0.54, 123.37, 0.53, 0.0, 28.19, 0.53, 0.53, 28.72, 0.0, 0.0, 25.53, 0.0, 0.0, 0.0, 0.0, 0.0, 0.0, 0.0, 0.0, 0.0, 0.0, 0.0, 0.0, 0.0, 0.0, 0.0, 0.0, 0.0, 0.0, 0.0, 0.0, 0.0, 0.0, 0.0, 0.0, 0.0, 0.0, 0.0, 0.0, 0.0, 0.0, 0.0, 0.0, 0.0, 0.0, 0.0, 0.0, 0.0, 0.0, 0.0, 0.0, 27.6, 25.39, 1.03, 18.37, 4.06, 23.47, 10.36, 0.53, 1.06, 0.53, 1.63, 0.53, 0.0, 1.05, 76.88, 1.09, 12.9, 1.08, 28.8, 0.0, 0.0, 0.0, 0.53, 0.0, 0.53, 0.0, 0.0, 0.0, 0.0, 0.0, 0.0, 0.0, 0.0, 0.0, 0.0, 0.0, 1.01, 0.52, 70.16, 1.03, 2.55, 6.12, 2.12, 1.6, 1.6, 1.07, 1.6, 1.6, 1.61, 1.6, 1.6, 1.6, 1.03, 0.51, 123.12, 3.52, 1.01, 1.52, 33.0, 2.51, 1.01, 14.36, 3.61, 13.78, 4.1, 2.01, 17.44, 3.11, 4.08, 20.31, 2.54, 7.25, 19.39, 2.06, 7.25, 19.79, 3.59, 1.04, 18.46, 1.0, 13.64, 1.03, 6.57, 12.06, 10.82, 1.04, 2.04, 17.19, 2.06, 1.52, 1.52, 1.01, 1.01, 50.0, 3.59, 13.4, 3.12, 14.95, 0.52, 1.57, 1.05, 1.02, 2.6, 0.0, 1.03, 0.51, 74.09, 0.0, 0.52, 27.78, 0.5, 0.51, 22.61, 0.0, 0.0, 0.0, 30.15, 9.18, 0.0, 21.21, 0.0, 15.15, 0.0, 21.21, 0.0, 21.32, 0.0, 0.0, 24.75, 0.51, 20.6, 2.5, 1.01, 14.57]
w
[62.96, 69.35, 75.27, 75.94, 73.12, 73.66, 77.3, 64.17, 66.14, 70.05, 69.68, 69.89, 69.89, 80.54, 72.49, 80.11, 82.61, 72.73, 76.76, 73.4, 69.52, 77.01, 71.81, 82.07, 74.59, 56.38, 0.0, 0.0, 0.0, 0.0, 0.0, 0.0, 0.0, 0.0, 0.0, 0.0, 3.02, 0.0, 0.0, 0.0, 0.0, 0.0, 0.0, 0.0, 0.0, 0.0, 0.0, 0.0, 1.99, 0.0, 0.0, 0.0, 0.0, 0.0, 9.55, 0.0, 0.0, 0.0, 0.0, 0.0, 0.0, 0.0, 0.0, 0.0, 0.0, 31.31, 65.1, 78.24, 72.68, 69.9, 70.56, 65.31, 73.58, 74.47, 73.02, 78.61, 82.61, 68.45, 52.41, 73.16, 81.72, 78.26, 69.89, 80.65, 79.89, 64.17, 76.76, 70.05, 64.89, 68.45, 38.62, 0.0, 0.0, 0.0, 0.0, 0.0, 0.0, 0.0, 0.0, 0.0, 0.0, 3.5, 54.04, 57.59, 64.92, 68.56, 70.92, 68.37, 71.96, 72.19, 67.55, 64.17, 57.45, 69.15, 69.35, 68.98, 69.52, 68.62, 63.08, 63.96, 51.76, 64.82, 67.84, 67.51, 65.5, 63.82, 40.91, 66.15, 68.56, 63.78, 60.51, 32.66, 64.1, 69.95, 63.27, 71.35, 67.51, 70.98, 67.35, 68.56, 69.95, 71.88, 68.21, 69.79, 55.38, 56.0, 44.44, 62.56, 53.54, 41.21, 53.61, 65.62, 70.92, 73.44, 71.13, 54.82, 59.39, 66.16, 56.28, 68.37, 70.26, 71.65, 72.92, 73.71, 72.92, 73.3, 72.25, 70.92, 75.0, 71.79, 72.16, 70.2, 70.98, 72.45, 72.92, 69.7, 69.85, 70.05, 69.35, 68.69, 68.84, 68.18, 70.35, 69.9, 67.84, 69.19, 68.84, 66.67, 68.34, 65.66, 68.84, 68.53, 68.69, 67.34, 69.19, 68.18, 66.83, 67.5, 64.65, 67.84]
avgrqsz
[233.36, 246.76, 249.09, 238.52, 252.18, 254.31, 253.93, 254.87, 254.14, 254.05, 253.37, 254.03, 255.75, 252.94, 254.31, 254.23, 253.63, 252.18, 245.02, 254.14, 254.22, 248.5, 251.85, 255.42, 245.64, 250.94, 0.0, 0.0, 0.0, 0.0, 0.0, 0.0, 0.0, 0.0, 0.0, 0.0, 256.0, 0.0, 0.0, 0.0, 0.0, 0.0, 0.0, 0.0, 0.0, 0.0, 0.0, 0.0, 256.0, 0.0, 0.0, 0.0, 0.0, 0.0, 243.79, 0.0, 0.0, 0.0, 0.0, 0.0, 0.0, 0.0, 0.0, 0.0, 0.0, 255.48, 244.13, 206.04, 195.46, 220.54, 209.67, 221.06, 216.9, 199.9, 230.84, 252.3, 250.74, 241.56, 251.35, 254.1, 252.63, 252.11, 255.94, 241.77, 255.67, 251.47, 250.76, 240.31, 253.9, 253.94, 252.05, 0.0, 0.0, 0.0, 0.0, 0.0, 0.0, 0.0, 0.0, 0.0, 0.0, 256.0, 251.29, 251.05, 251.87, 210.29, 193.55, 208.24, 214.59, 213.27, 235.34, 253.13, 253.63, 254.03, 254.02, 254.02, 254.03, 254.02, 242.16, 236.96, 232.79, 224.06, 212.62, 224.51, 222.73, 217.54, 201.6, 225.29, 225.36, 202.34, 224.82, 224.06, 210.17, 213.99, 201.75, 223.78, 231.65, 214.46, 230.23, 229.76, 220.24, 219.84, 225.93, 227.77, 207.74, 224.33, 208.18, 226.3, 220.81, 206.06, 213.08, 222.59, 224.11, 224.81, 231.83, 218.5, 221.22, 225.04, 221.57, 222.99, 226.67, 212.81, 220.81, 217.51, 230.65, 220.07, 226.4, 226.23, 228.89, 220.54, 228.38, 218.49, 226.72, 227.89, 216.87, 231.73, 226.23, 213.14, 211.44, 204.62, 212.66, 222.27, 203.83, 214.05, 208.9, 202.11, 211.99, 223.38, 201.19, 136.0, 215.24, 218.29, 213.55, 220.9, 218.14, 217.93, 224.51, 224.73, 225.81, 230.64]
wMB
[7.17, 8.36, 9.15, 8.84, 9.0, 9.15, 9.58, 7.99, 8.21, 8.69, 8.62, 8.67, 8.73, 9.95, 9.0, 9.94, 10.23, 8.96, 9.18, 9.11, 8.63, 9.34, 8.83, 10.23, 8.95, 6.91, 0.0, 0.0, 0.0, 0.0, 0.0, 0.0, 0.0, 0.0, 0.0, 0.0, 0.38, 0.0, 0.0, 0.0, 0.0, 0.0, 0.0, 0.0, 0.0, 0.0, 0.0, 0.0, 0.25, 0.0, 0.0, 0.0, 0.0, 0.0, 1.14, 0.0, 0.0, 0.0, 0.0, 0.0, 0.0, 0.0, 0.0, 0.0, 0.0, 3.91, 7.76, 7.87, 6.94, 7.53, 7.22, 7.05, 7.79, 7.27, 8.23, 9.68, 10.11, 8.07, 6.43, 9.08, 10.08, 9.63, 8.73, 9.52, 9.97, 7.88, 9.4, 8.22, 8.05, 8.49, 4.75, 0.0, 0.0, 0.0, 0.0, 0.0, 0.0, 0.0, 0.0, 0.0, 0.0, 0.44, 6.63, 7.06, 7.98, 7.04, 6.7, 6.95, 7.54, 7.52, 7.76, 7.93, 7.11, 8.58, 8.6, 8.56, 8.62, 8.51, 7.82, 7.87, 6.28, 7.53, 7.46, 7.9, 7.56, 7.2, 4.22, 7.67, 7.94, 6.65, 7.04, 3.79, 6.89, 7.74, 6.53, 8.25, 8.04, 7.87, 8.03, 8.09, 8.02, 8.1, 7.97, 8.22, 5.93, 6.52, 4.77, 7.25, 6.15, 4.4, 5.84, 7.47, 8.21, 8.52, 8.46, 6.23, 6.8, 7.71, 6.47, 7.89, 8.11, 7.87, 8.31, 8.26, 8.68, 8.27, 8.51, 8.28, 8.85, 8.17, 8.51, 7.97, 8.26, 8.51, 8.22, 8.34, 8.16, 7.76, 7.62, 7.26, 7.62, 7.84, 7.5, 7.84, 7.48, 7.32, 7.64, 7.77, 7.25, 6.99, 7.71, 7.74, 7.63, 7.69, 7.85, 7.68, 7.82, 7.84, 7.41, 7.64]
rrqm
[0.0, 0.0, 0.0, 0.0, 0.0, 0.0, 0.0, 0.0, 0.0, 0.0, 0.0, 0.0, 0.0, 0.0, 0.0, 0.0, 0.0, 0.0, 0.0, 0.0, 0.0, 0.0, 0.0, 0.0, 0.0, 0.0, 0.0, 0.0, 0.0, 0.0, 0.0, 0.0, 0.0, 0.0, 0.0, 0.0, 0.0, 0.0, 0.0, 0.0, 0.0, 0.0, 0.0, 0.0, 0.0, 0.0, 0.0, 0.0, 0.0, 0.0, 0.0, 0.0, 0.0, 0.0, 0.0, 0.0, 0.0, 0.0, 0.0, 0.0, 0.0, 0.0, 0.0, 0.0, 0.0, 0.0, 0.0, 0.0, 0.0, 0.0, 0.0, 0.0, 0.0, 0.0, 0.0, 0.0, 0.0, 0.0, 0.0, 0.0, 0.0, 0.0, 0.0, 0.0, 0.0, 0.0, 0.0, 0.0, 0.0, 0.0, 0.0, 0.0, 0.0, 0.0, 0.0, 0.0, 0.0, 0.0, 0.0, 0.0, 0.0, 0.0, 0.0, 0.0, 0.0, 0.0, 0.0, 0.0, 0.0, 0.0, 0.0, 0.0, 0.0, 0.0, 0.0, 0.0, 0.0, 0.0, 0.0, 0.0, 0.0, 0.0, 0.0, 0.0, 0.0, 0.0, 0.0, 0.0, 0.0, 0.0, 0.0, 0.0, 0.0, 0.0, 0.0, 0.0, 0.0, 0.0, 0.0, 0.0, 0.0, 0.0, 0.0, 0.0, 0.0, 0.0, 0.0, 0.0, 0.0, 0.0, 0.0, 0.0, 0.0, 0.0, 0.0, 0.0, 0.0, 0.0, 0.0, 0.0, 0.0, 0.0, 0.0, 0.0, 0.0, 0.0, 0.0, 0.0, 0.0, 0.0, 0.0, 0.0, 0.0, 0.0, 0.0, 0.0, 0.0, 0.0, 0.0, 0.0, 0.0, 0.0, 0.0, 0.0, 0.0, 0.0, 0.0, 0.0, 0.0, 0.0, 0.0, 0.0, 0.0, 0.0, 0.0, 0.0, 0.0, 0.0, 0.0, 0.0]
w_await
[896.34, 1985.8, 2083.69, 2041.83, 2088.15, 1992.53, 1743.41, 2789.33, 2060.61, 2516.03, 1924.55, 2460.62, 1944.71, 2246.44, 1887.68, 1342.34, 2600.95, 1943.29, 1844.14, 2182.41, 1982.98, 2076.83, 2200.59, 1506.75, 2420.55, 2402.79, 0.0, 0.0, 0.0, 0.0, 0.0, 0.0, 0.0, 0.0, 0.0, 0.0, 23943.33, 0.0, 0.0, 0.0, 0.0, 0.0, 0.0, 0.0, 0.0, 0.0, 0.0, 0.0, 46991.0, 0.0, 0.0, 0.0, 0.0, 0.0, 58801.05, 0.0, 0.0, 0.0, 0.0, 0.0, 0.0, 0.0, 0.0, 0.0, 0.0, 81010.26, 37180.06, 2950.7, 2390.24, 1846.54, 2344.32, 1610.41, 1524.06, 2614.06, 2319.19, 1812.22, 950.45, 3364.47, 2230.29, 2479.19, 1992.45, 1989.06, 1899.05, 2125.73, 1421.61, 2927.17, 2069.86, 1851.48, 2494.0, 2055.47, 2380.66, 0.0, 0.0, 0.0, 0.0, 0.0, 0.0, 0.0, 0.0, 0.0, 0.0, 25111.43, 25121.79, 9391.6, 2479.97, 2071.34, 1897.61, 2359.91, 1974.18, 2217.6, 2101.86, 2312.0, 2521.37, 2459.08, 2241.61, 2207.69, 2196.74, 2210.57, 2250.57, 2265.21, 2758.1, 2374.39, 2249.07, 2215.13, 2161.25, 2121.95, 2640.79, 2879.32, 2054.23, 2198.37, 2284.07, 2820.55, 2992.0, 2335.73, 2341.42, 2208.2, 2003.88, 2241.26, 2168.0, 2043.76, 2133.75, 2180.93, 2182.92, 1971.37, 2241.56, 2556.0, 3107.55, 2866.16, 2122.79, 3063.41, 3139.65, 2834.29, 2053.87, 2057.87, 2147.83, 2250.78, 2623.86, 2357.19, 2172.89, 2407.07, 1860.12, 2253.21, 2094.6, 2066.52, 2014.43, 2067.94, 1953.45, 2189.78, 1975.94, 2025.14, 2172.83, 2040.72, 2094.13, 1755.01, 2414.97, 1607.86, 2308.86, 2110.26, 1863.91, 1865.71, 1440.41, 1283.82, 1079.31, 974.98, 1130.22, 588.47, 1565.58, 595.55, 1563.35, 811.72, 1421.02, 1028.89, 1478.85, 1518.57, 2039.47, 1658.81, 2237.86, 2027.26, 2154.69, 2137.21]
