50 datos recogidos

cpu data:

user
[39.5, 38.81, 38.69, 41.5, 36.18, 41.29, 37.0, 33.67, 34.33, 34.17, 38.5, 36.32, 35.5, 36.18, 38.81, 36.87, 41.79, 38.5, 41.29, 36.68, 38.31, 34.67, 35.5, 36.5, 37.31, 40.7, 40.3, 39.0, 39.0, 38.81, 39.7, 41.5, 38.5, 39.5, 38.69, 36.32, 35.5, 34.67, 40.2, 34.0, 38.5, 38.5, 38.5, 37.31, 35.82, 36.5, 36.68, 36.82, 38.19, 37.0]
nice
[0.0, 0.0, 0.0, 0.0, 0.5, 0.0, 0.0, 0.0, 0.0, 0.0, 0.0, 0.0, 0.0, 0.0, 0.0, 0.0, 0.0, 0.0, 0.0, 0.0, 0.0, 0.0, 0.0, 0.0, 0.5, 0.0, 0.0, 0.0, 0.0, 0.0, 0.0, 0.0, 0.0, 0.0, 0.0, 0.0, 0.0, 0.0, 0.0, 0.0, 0.0, 0.0, 0.0, 0.0, 0.5, 0.0, 0.0, 0.0, 0.0, 0.0]
system
[55.5, 61.19, 60.8, 58.5, 63.32, 58.71, 62.5, 66.33, 65.67, 65.83, 61.5, 60.2, 64.5, 62.31, 61.19, 63.13, 58.21, 60.0, 58.71, 63.32, 61.69, 64.82, 64.5, 63.5, 62.19, 59.3, 59.7, 61.0, 60.5, 61.19, 60.3, 58.5, 61.5, 60.5, 61.31, 63.68, 62.0, 61.81, 59.8, 66.0, 59.0, 61.5, 61.5, 62.69, 61.69, 63.5, 63.32, 63.18, 58.79, 63.0]
iowait
[5.0, 0.0, 0.5, 0.0, 0.0, 0.0, 0.5, 0.0, 0.0, 0.0, 0.0, 3.48, 0.0, 1.51, 0.0, 0.0, 0.0, 1.5, 0.0, 0.0, 0.0, 0.5, 0.0, 0.0, 0.0, 0.0, 0.0, 0.0, 0.5, 0.0, 0.0, 0.0, 0.0, 0.0, 0.0, 0.0, 2.5, 3.52, 0.0, 0.0, 2.5, 0.0, 0.0, 0.0, 1.99, 0.0, 0.0, 0.0, 3.02, 0.0]
steal
[0.0, 0.0, 0.0, 0.0, 0.0, 0.0, 0.0, 0.0, 0.0, 0.0, 0.0, 0.0, 0.0, 0.0, 0.0, 0.0, 0.0, 0.0, 0.0, 0.0, 0.0, 0.0, 0.0, 0.0, 0.0, 0.0, 0.0, 0.0, 0.0, 0.0, 0.0, 0.0, 0.0, 0.0, 0.0, 0.0, 0.0, 0.0, 0.0, 0.0, 0.0, 0.0, 0.0, 0.0, 0.0, 0.0, 0.0, 0.0, 0.0, 0.0]
idle
[0.0, 0.0, 0.0, 0.0, 0.0, 0.0, 0.0, 0.0, 0.0, 0.0, 0.0, 0.0, 0.0, 0.0, 0.0, 0.0, 0.0, 0.0, 0.0, 0.0, 0.0, 0.0, 0.0, 0.0, 0.0, 0.0, 0.0, 0.0, 0.0, 0.0, 0.0, 0.0, 0.0, 0.0, 0.0, 0.0, 0.0, 0.0, 0.0, 0.0, 0.0, 0.0, 0.0, 0.0, 0.0, 0.0, 0.0, 0.0, 0.0, 0.0]

sda data:

util
[26.6, 21.89, 32.36, 39.0, 19.9, 52.94, 13.6, 40.6, 27.06, 34.57, 22.2, 37.61, 31.4, 50.45, 21.09, 30.91, 36.22, 26.8, 46.37, 13.47, 43.18, 27.34, 31.8, 32.4, 28.06, 33.57, 44.58, 15.2, 31.6, 33.23, 25.73, 20.0, 38.6, 29.6, 41.61, 13.53, 41.0, 29.35, 31.16, 20.2, 41.2, 23.2, 38.8, 29.25, 33.23, 27.0, 33.37, 29.65, 29.35, 34.8]
r_await
[9.6, 0.0, 16.0, 0.0, 0.0, 0.0, 12.0, 0.0, 0.0, 0.0, 20.0, 0.0, 0.0, 32.0, 0.0, 0.0, 0.0, 24.0, 0.0, 0.0, 0.0, 16.0, 0.0, 0.0, 24.0, 0.0, 0.0, 0.0, 8.0, 0.0, 0.0, 0.0, 8.0, 0.0, 0.0, 0.0, 52.0, 0.0, 0.0, 0.0, 48.0, 0.0, 0.0, 0.0, 36.0, 0.0, 0.0, 12.0, 0.0, 0.0]
avgqusz
[22.41, 9.6, 13.93, 32.64, 8.86, 42.8, 6.49, 17.56, 25.66, 14.79, 9.21, 31.36, 13.81, 39.0, 9.46, 13.78, 33.43, 10.95, 32.44, 7.5, 18.95, 24.94, 14.49, 14.07, 25.93, 15.06, 35.27, 6.23, 13.74, 29.75, 10.95, 8.8, 31.8, 14.06, 31.69, 7.27, 17.64, 27.75, 13.69, 8.84, 33.57, 9.47, 24.76, 20.36, 15.15, 24.87, 14.13, 13.9, 24.44, 15.43]
await
[224.14, 96.92, 94.95, 190.34, 90.87, 192.02, 108.81, 95.68, 220.43, 101.17, 94.5, 188.77, 95.26, 177.2, 97.98, 93.12, 200.8, 92.76, 118.86, 293.92, 103.89, 209.38, 99.59, 97.02, 218.11, 102.62, 143.72, 187.57, 97.11, 162.66, 143.81, 90.7, 188.74, 96.34, 109.85, 343.55, 102.6, 142.14, 169.84, 91.11, 194.03, 97.65, 92.45, 216.52, 103.21, 220.05, 95.66, 91.01, 209.0, 92.39]
rMB
[0.01, 0.0, 0.02, 0.0, 0.0, 0.0, 0.01, 0.0, 0.0, 0.0, 0.02, 0.0, 0.0, 0.0, 0.0, 0.0, 0.0, 0.02, 0.0, 0.0, 0.0, 0.0, 0.0, 0.0, 0.02, 0.0, 0.0, 0.0, 0.01, 0.0, 0.0, 0.0, 0.02, 0.0, 0.0, 0.0, 0.0, 0.0, 0.0, 0.0, 0.02, 0.0, 0.0, 0.0, 0.0, 0.0, 0.0, 0.02, 0.0, 0.0]
svctm
[2.66, 2.21, 2.21, 2.27, 2.04, 2.38, 2.52, 2.14, 2.32, 2.36, 2.28, 2.26, 2.17, 2.29, 2.19, 2.09, 2.32, 2.18, 2.35, 2.25, 2.3, 2.3, 2.19, 2.23, 2.36, 2.29, 2.32, 2.2, 2.09, 2.22, 2.26, 2.06, 2.29, 2.39, 2.15, 2.57, 2.19, 2.2, 2.36, 2.08, 2.38, 2.39, 2.11, 2.25, 2.26, 2.39, 2.26, 2.19, 2.35, 2.25]
r
[2.5, 0.0, 1.01, 0.0, 0.0, 0.0, 0.5, 0.0, 0.0, 0.0, 0.5, 0.0, 0.0, 0.5, 0.0, 0.0, 0.0, 1.0, 0.0, 0.0, 0.0, 0.5, 0.0, 0.0, 0.5, 0.0, 0.0, 0.0, 0.5, 0.0, 0.0, 0.0, 0.5, 0.0, 0.0, 0.0, 0.5, 0.0, 0.0, 0.0, 1.0, 0.0, 0.0, 0.0, 0.5, 0.0, 0.0, 0.5, 0.0, 0.0]
wrqm
[2974.5, 2957.71, 4485.43, 5173.0, 2989.95, 6745.27, 2974.5, 4485.43, 3535.82, 4484.92, 2975.0, 4985.07, 4463.0, 6629.15, 2960.2, 4506.57, 5156.22, 4461.5, 6497.01, 1494.47, 4440.8, 3515.08, 4462.5, 4463.0, 3578.11, 4484.42, 6608.46, 1487.5, 4462.5, 5042.79, 2989.45, 2975.0, 5108.0, 4462.5, 6658.79, 1480.1, 4463.0, 5035.18, 2988.94, 2975.0, 5202.0, 2975.0, 7941.0, 1580.1, 4438.81, 3423.0, 4483.42, 4439.8, 3451.76, 5948.0]
w
[97.5, 99.0, 145.73, 171.5, 97.49, 222.89, 53.5, 189.95, 116.42, 146.23, 97.0, 166.17, 145.0, 219.6, 96.52, 147.98, 156.22, 122.0, 197.51, 59.8, 188.06, 118.59, 145.5, 145.0, 118.41, 146.73, 192.54, 69.0, 150.5, 149.75, 114.07, 97.0, 168.0, 124.0, 193.47, 52.74, 187.0, 133.67, 132.16, 97.0, 172.0, 97.0, 183.5, 129.85, 146.27, 113.0, 147.74, 134.83, 124.62, 154.5]
avgrqsz
[246.0, 246.99, 252.74, 249.31, 253.36, 250.11, 249.19, 253.97, 250.97, 253.36, 252.39, 248.0, 254.23, 248.97, 253.36, 251.63, 250.22, 252.81, 251.77, 243.29, 253.95, 244.15, 253.36, 254.23, 248.97, 252.49, 252.36, 248.29, 252.24, 252.04, 251.28, 253.36, 250.68, 252.9, 251.8, 251.25, 253.97, 251.46, 247.48, 253.36, 248.72, 253.36, 251.01, 250.45, 249.98, 250.34, 250.78, 251.62, 250.48, 251.03]
wMB
[12.0, 11.94, 18.09, 20.88, 12.06, 27.22, 6.56, 23.56, 14.27, 18.09, 12.0, 20.12, 18.0, 26.75, 11.94, 18.18, 19.09, 15.17, 24.28, 7.1, 23.32, 14.19, 18.0, 18.0, 14.44, 18.09, 23.73, 8.37, 18.59, 18.43, 14.0, 12.0, 20.61, 15.31, 23.79, 6.47, 23.25, 16.41, 15.97, 12.0, 20.99, 12.0, 22.49, 15.88, 17.91, 13.81, 18.09, 16.61, 15.24, 18.94]
rrqm
[0.5, 0.0, 3.52, 0.0, 0.0, 0.0, 1.5, 0.0, 0.0, 0.0, 3.5, 0.0, 0.0, 0.5, 0.0, 0.0, 0.0, 3.5, 0.0, 0.0, 0.0, 0.5, 0.0, 0.0, 3.48, 0.0, 0.0, 0.0, 1.5, 0.0, 0.0, 0.0, 3.5, 0.0, 0.0, 0.0, 0.5, 0.0, 0.0, 0.0, 3.5, 0.0, 0.0, 0.0, 0.5, 0.0, 0.0, 3.48, 0.0, 0.0]
w_await
[229.64, 96.92, 95.49, 190.34, 90.87, 192.02, 109.72, 95.68, 220.43, 101.17, 94.89, 188.77, 95.26, 177.53, 97.98, 93.12, 200.8, 93.33, 118.86, 293.92, 103.89, 210.2, 99.59, 97.02, 218.92, 102.62, 143.72, 187.57, 97.41, 162.66, 143.81, 90.7, 189.27, 96.34, 109.85, 343.55, 102.74, 142.14, 169.84, 91.11, 194.88, 97.65, 92.45, 216.52, 103.44, 220.05, 95.66, 91.31, 209.0, 92.39]
