62 datos recogidos

cpu data:

user
[0.51, 0.0, 0.0, 0.0, 0.0, 0.0, 0.0, 0.0, 0.0, 0.0, 0.53, 0.0, 0.0, 0.0, 0.0, 0.52, 0.0, 0.0, 0.0, 0.54, 0.0, 0.0, 0.52, 0.0, 0.0, 0.0, 0.0, 0.0, 1.04, 0.0, 0.54, 0.0, 0.0, 0.0, 0.52, 0.0, 0.52, 0.52, 0.53, 0.52, 0.0, 0.0, 0.52, 0.0, 0.0, 0.53, 0.0, 0.0, 0.0, 0.0, 0.0, 0.52, 0.0, 0.52, 0.0, 0.0, 0.0, 0.0, 0.0, 0.53, 1.08, 0.0]
nice
[0.0, 0.0, 0.0, 0.0, 0.0, 0.0, 0.0, 0.0, 0.0, 0.0, 0.0, 0.0, 0.0, 0.54, 0.0, 0.0, 0.0, 0.0, 0.0, 0.0, 0.0, 0.0, 0.0, 0.53, 0.0, 0.0, 0.0, 0.0, 0.0, 0.0, 0.0, 0.0, 0.0, 0.52, 0.0, 0.0, 0.0, 0.0, 0.0, 0.0, 0.0, 0.0, 0.0, 0.0, 0.0, 0.0, 0.0, 0.0, 0.0, 0.0, 0.0, 0.0, 0.0, 0.52, 0.0, 0.0, 0.0, 0.0, 0.0, 0.0, 0.0, 0.0]
system
[23.86, 15.9, 17.86, 16.84, 17.77, 14.14, 12.57, 9.04, 10.05, 8.02, 9.63, 9.57, 8.06, 7.03, 8.02, 10.82, 10.11, 12.57, 13.47, 9.68, 15.23, 12.7, 9.95, 12.11, 8.51, 9.09, 13.09, 12.04, 13.47, 9.57, 12.9, 14.36, 9.47, 12.89, 12.04, 10.11, 10.99, 10.99, 7.98, 10.82, 9.57, 14.06, 12.37, 11.64, 13.33, 10.53, 10.27, 13.2, 10.7, 12.95, 12.44, 12.44, 11.11, 11.46, 13.09, 11.05, 10.87, 12.57, 13.02, 9.57, 9.73, 12.17]
iowait
[75.63, 84.1, 82.14, 83.16, 82.23, 85.86, 87.43, 90.96, 89.95, 91.98, 89.84, 90.43, 91.94, 92.43, 91.98, 88.66, 89.89, 87.43, 86.53, 89.78, 84.77, 87.3, 89.53, 87.37, 91.49, 90.91, 86.91, 87.96, 85.49, 90.43, 86.56, 85.64, 90.53, 86.6, 87.43, 89.89, 88.48, 88.48, 91.49, 88.66, 90.43, 85.94, 87.11, 88.36, 86.67, 88.95, 89.73, 86.8, 89.3, 87.05, 87.56, 87.05, 88.89, 87.5, 86.91, 88.95, 89.13, 87.43, 86.98, 89.89, 89.19, 87.83]
steal
[0.0, 0.0, 0.0, 0.0, 0.0, 0.0, 0.0, 0.0, 0.0, 0.0, 0.0, 0.0, 0.0, 0.0, 0.0, 0.0, 0.0, 0.0, 0.0, 0.0, 0.0, 0.0, 0.0, 0.0, 0.0, 0.0, 0.0, 0.0, 0.0, 0.0, 0.0, 0.0, 0.0, 0.0, 0.0, 0.0, 0.0, 0.0, 0.0, 0.0, 0.0, 0.0, 0.0, 0.0, 0.0, 0.0, 0.0, 0.0, 0.0, 0.0, 0.0, 0.0, 0.0, 0.0, 0.0, 0.0, 0.0, 0.0, 0.0, 0.0, 0.0, 0.0]
idle
[0.0, 0.0, 0.0, 0.0, 0.0, 0.0, 0.0, 0.0, 0.0, 0.0, 0.0, 0.0, 0.0, 0.0, 0.0, 0.0, 0.0, 0.0, 0.0, 0.0, 0.0, 0.0, 0.0, 0.0, 0.0, 0.0, 0.0, 0.0, 0.0, 0.0, 0.0, 0.0, 0.0, 0.0, 0.0, 0.0, 0.0, 0.0, 0.0, 0.0, 0.0, 0.0, 0.0, 0.0, 0.0, 0.0, 0.0, 0.0, 0.0, 0.0, 0.0, 0.0, 0.0, 0.0, 0.0, 0.0, 0.0, 0.0, 0.0, 0.0, 0.0, 0.0]

sdb data:

util
[91.98, 102.56, 102.04, 102.04, 101.52, 104.71, 104.71, 106.38, 105.82, 106.95, 106.95, 106.38, 107.53, 108.11, 106.95, 103.09, 106.38, 104.71, 103.63, 107.53, 101.52, 105.82, 104.71, 105.26, 106.38, 106.95, 104.71, 104.71, 103.63, 106.38, 107.53, 102.77, 105.05, 103.09, 104.71, 106.38, 104.71, 104.71, 106.38, 103.09, 106.6, 104.17, 103.09, 105.82, 102.56, 105.26, 108.11, 101.52, 106.95, 103.63, 103.63, 103.63, 105.82, 104.17, 104.71, 105.26, 108.7, 104.71, 104.17, 106.38, 108.11, 105.82]
r_await
[39.8, 68.5, 69.28, 72.17, 75.65, 67.79, 69.8, 53.65, 66.59, 61.65, 48.94, 50.0, 64.8, 51.2, 64.75, 85.25, 66.44, 70.89, 80.63, 60.63, 83.6, 71.16, 77.88, 66.44, 52.0, 63.76, 74.22, 62.95, 72.0, 64.47, 52.0, 84.84, 86.75, 88.24, 69.33, 59.06, 63.78, 67.11, 51.73, 76.75, 70.12, 69.47, 80.67, 60.44, 79.11, 54.89, 54.0, 94.44, 56.89, 69.33, 82.53, 62.0, 68.67, 69.33, 68.42, 80.44, 49.26, 66.95, 79.11, 55.33, 54.82, 68.0]
avgqusz
[92.27, 113.97, 136.32, 147.7, 145.96, 150.34, 150.91, 153.45, 152.04, 154.64, 154.11, 153.11, 154.92, 154.96, 153.41, 148.76, 153.35, 150.96, 149.83, 154.36, 146.5, 152.1, 151.23, 151.41, 152.6, 153.35, 150.25, 150.77, 148.45, 153.4, 153.79, 147.47, 151.46, 148.47, 150.1, 152.7, 150.26, 151.04, 153.23, 148.49, 152.92, 149.74, 147.74, 151.9, 147.15, 152.15, 155.29, 146.32, 152.84, 149.84, 149.04, 148.91, 151.96, 150.29, 150.17, 151.85, 155.73, 149.83, 149.87, 151.86, 155.6, 151.77]
await
[354.07, 555.59, 563.84, 720.93, 773.15, 774.8, 795.58, 811.63, 813.66, 793.18, 783.82, 750.16, 813.43, 834.17, 923.73, 931.53, 884.62, 841.37, 788.47, 870.9, 838.01, 795.9, 899.74, 859.63, 951.82, 868.1, 806.33, 906.13, 833.04, 875.94, 884.68, 831.96, 991.38, 844.0, 849.07, 905.66, 869.85, 917.38, 984.38, 968.69, 908.38, 859.62, 843.21, 807.1, 862.02, 865.23, 868.74, 868.2, 905.0, 811.85, 872.37, 814.99, 833.68, 841.02, 880.19, 824.55, 789.03, 831.09, 848.25, 851.62, 828.52, 916.31]
rMB
[0.02, 0.01, 0.01, 0.01, 0.01, 0.0, 0.01, 0.0, 0.0, 0.0, 0.0, 0.0, 0.0, 0.0, 0.0, 0.0, 0.0, 0.0, 0.0, 0.0, 0.0, 0.0, 0.0, 0.0, 0.0, 0.0, 0.0, 0.0, 0.0, 0.0, 0.0, 0.0, 0.0, 0.0, 0.0, 0.0, 0.0, 0.0, 0.0, 0.0, 0.0, 0.0, 0.0, 0.0, 0.0, 0.0, 0.0, 0.0, 0.0, 0.0, 0.0, 0.0, 0.0, 0.0, 0.0, 0.0, 0.01, 0.0, 0.0, 0.0, 0.0, 0.01]
svctm
[4.73, 4.8, 4.82, 5.06, 5.24, 5.46, 5.38, 5.65, 5.62, 5.71, 5.19, 5.19, 5.83, 5.8, 6.64, 6.41, 6.12, 5.87, 5.87, 5.52, 5.76, 5.71, 6.19, 6.12, 6.6, 6.06, 6.02, 5.81, 5.71, 6.25, 5.99, 6.02, 6.61, 6.27, 5.95, 6.23, 5.95, 6.69, 6.78, 6.51, 6.34, 5.7, 6.04, 5.68, 6.19, 5.95, 5.81, 6.31, 6.04, 5.87, 5.92, 5.7, 5.76, 6.01, 5.87, 6.06, 5.32, 5.81, 6.31, 5.65, 6.1, 5.83]
r
[20.3, 12.31, 12.76, 11.73, 11.68, 9.95, 10.47, 9.04, 8.99, 9.09, 9.09, 8.51, 8.06, 8.11, 8.56, 8.25, 9.57, 9.42, 9.84, 10.22, 10.15, 10.05, 8.9, 9.47, 8.51, 9.09, 9.42, 9.95, 9.84, 9.04, 10.22, 9.74, 8.42, 8.76, 9.42, 9.04, 9.42, 9.42, 7.98, 8.25, 9.04, 9.9, 9.28, 9.52, 9.23, 9.47, 9.73, 9.14, 9.63, 9.33, 9.84, 9.33, 9.52, 9.38, 9.95, 9.47, 10.33, 9.95, 9.38, 9.57, 9.19, 10.58]
wrqm
[28.43, 15.9, 44.9, 26.02, 1.02, 32.46, 21.47, 19.15, 37.04, 2.14, 33.69, 18.62, 18.82, 16.22, 1.07, 31.96, 17.55, 16.75, 18.65, 34.41, 19.29, 17.99, 0.52, 35.26, 17.02, 17.65, 18.32, 18.85, 35.75, 19.15, 0.54, 32.82, 17.37, 17.01, 17.28, 19.15, 2.09, 31.94, 19.68, 2.58, 48.94, 18.75, 1.55, 32.28, 20.0, 17.37, 19.46, 27.92, 22.99, 15.03, 0.52, 36.79, 17.99, 19.79, 0.52, 36.32, 39.67, 20.94, 18.75, 1.6, 36.76, 0.53]
w
[174.11, 201.54, 198.98, 189.8, 182.23, 181.68, 184.29, 179.26, 179.37, 178.07, 196.79, 196.28, 176.34, 178.38, 152.41, 152.58, 164.36, 169.11, 166.84, 184.41, 165.99, 175.13, 160.21, 162.63, 152.66, 167.38, 164.4, 170.16, 171.5, 161.17, 169.35, 161.03, 150.53, 155.67, 166.49, 161.7, 166.49, 147.12, 148.94, 150.0, 159.04, 172.92, 161.34, 176.72, 156.41, 167.37, 176.22, 151.78, 167.38, 167.36, 165.28, 172.54, 174.07, 164.06, 168.59, 164.21, 194.02, 170.16, 155.73, 178.72, 168.11, 170.9]
avgrqsz
[213.47, 218.4, 220.85, 216.33, 218.0, 219.25, 207.81, 204.17, 199.7, 194.35, 181.65, 174.84, 178.71, 182.41, 208.43, 225.69, 224.35, 226.03, 222.63, 222.56, 224.07, 223.9, 219.11, 220.92, 220.08, 217.57, 221.15, 219.62, 224.79, 223.58, 224.84, 230.11, 222.05, 220.45, 217.29, 219.88, 224.72, 219.89, 218.65, 219.88, 226.39, 225.17, 216.02, 219.71, 219.59, 219.71, 222.4, 225.97, 226.35, 221.28, 219.41, 218.22, 218.74, 219.84, 222.09, 225.48, 217.4, 215.69, 220.64, 223.52, 218.25, 223.45]
wMB
[20.25, 22.8, 22.83, 21.28, 20.64, 20.51, 19.76, 18.77, 18.36, 17.76, 18.26, 17.48, 16.09, 16.61, 16.38, 17.72, 19.05, 19.7, 19.2, 21.15, 19.27, 20.24, 18.09, 18.56, 17.32, 18.74, 18.77, 19.31, 19.9, 18.58, 19.71, 19.18, 17.23, 17.7, 18.66, 18.33, 19.3, 16.8, 16.75, 16.99, 18.58, 20.09, 17.99, 19.98, 17.76, 18.97, 20.19, 17.75, 19.56, 19.09, 18.76, 19.37, 19.6, 18.61, 19.36, 19.12, 21.69, 18.96, 17.78, 20.55, 18.89, 19.8]
rrqm
[0.0, 0.0, 0.0, 0.0, 0.0, 0.0, 0.0, 0.0, 0.0, 0.0, 0.0, 0.0, 0.0, 0.0, 0.0, 0.0, 0.0, 0.0, 0.0, 0.0, 0.0, 0.0, 0.0, 0.0, 0.0, 0.0, 0.0, 0.0, 0.0, 0.0, 0.0, 0.0, 0.0, 0.0, 0.0, 0.0, 0.0, 0.0, 0.0, 0.0, 0.0, 0.0, 0.0, 0.0, 0.0, 0.0, 0.0, 0.0, 0.0, 0.0, 0.0, 0.0, 0.0, 0.0, 0.0, 0.0, 0.0, 0.0, 0.0, 0.0, 0.0, 0.0]
w_await
[390.72, 585.33, 595.54, 761.04, 817.84, 813.51, 836.82, 849.86, 851.13, 830.52, 817.77, 780.52, 847.67, 869.76, 971.96, 977.27, 932.28, 884.31, 830.24, 915.78, 884.15, 837.5, 945.4, 905.84, 1001.98, 911.78, 848.29, 955.42, 876.73, 921.47, 934.91, 877.17, 1041.99, 886.54, 893.21, 953.0, 915.47, 971.84, 1034.34, 1017.73, 956.04, 904.84, 887.07, 847.34, 908.22, 911.09, 913.73, 914.78, 953.78, 853.23, 919.41, 855.69, 875.54, 885.12, 928.09, 867.47, 828.4, 875.77, 894.56, 894.27, 870.82, 968.84]
