16 datos recogidos

cpu data:

user
[38.89, 37.5, 34.34, 33.84, 31.68, 34.33, 35.68, 35.5, 35.82, 38.19, 32.5, 32.66, 35.0, 35.5, 33.0, 39.2]
nice
[0.0, 0.5, 0.0, 0.0, 0.0, 0.0, 0.0, 0.0, 0.0, 0.0, 0.0, 0.5, 0.0, 0.0, 0.0, 0.0]
system
[56.57, 59.0, 59.6, 62.63, 65.35, 63.68, 64.32, 64.5, 63.18, 61.31, 60.5, 64.32, 65.0, 63.0, 60.5, 60.3]
iowait
[4.55, 3.0, 6.06, 3.54, 2.97, 1.99, 0.0, 0.0, 1.0, 0.5, 7.0, 2.51, 0.0, 1.5, 6.5, 0.5]
steal
[0.0, 0.0, 0.0, 0.0, 0.0, 0.0, 0.0, 0.0, 0.0, 0.0, 0.0, 0.0, 0.0, 0.0, 0.0, 0.0]
idle
[0.0, 0.0, 0.0, 0.0, 0.0, 0.0, 0.0, 0.0, 0.0, 0.0, 0.0, 0.0, 0.0, 0.0, 0.0, 0.0]

sda data:

util
[22.63, 19.4, 29.29, 36.16, 24.16, 30.05, 32.76, 32.4, 29.45, 38.19, 29.2, 38.19, 21.2, 29.4, 40.4, 28.34]
r_await
[16.0, 0.0, 0.0, 12.0, 0.0, 0.0, 0.0, 52.0, 0.0, 0.0, 0.0, 52.0, 0.0, 0.0, 100.0, 0.0]
avgqusz
[19.12, 8.65, 13.01, 29.5, 12.14, 13.5, 27.09, 15.04, 13.03, 32.14, 13.04, 28.99, 9.99, 13.08, 31.87, 13.77]
await
[195.18, 90.1, 89.43, 177.01, 96.2, 90.95, 194.02, 103.7, 90.92, 189.82, 89.53, 176.52, 103.56, 90.83, 188.05, 90.76]
rMB
[0.02, 0.0, 0.0, 0.0, 0.0, 0.0, 0.0, 0.02, 0.0, 0.0, 0.0, 0.01, 0.0, 0.0, 0.02, 0.0]
svctm
[2.31, 2.02, 2.01, 2.17, 2.21, 2.09, 2.18, 2.23, 2.06, 2.26, 2.05, 2.3, 2.2, 2.04, 2.38, 2.1]
r
[1.01, 0.0, 0.0, 0.51, 0.0, 0.0, 0.0, 0.5, 0.0, 0.0, 0.0, 0.5, 0.0, 0.0, 1.0, 0.0]
wrqm
[3006.06, 2976.0, 4509.09, 5058.08, 4419.31, 4441.79, 3568.34, 4463.5, 4441.79, 5203.52, 4464.0, 5045.73, 2975.5, 4464.0, 5187.5, 4485.93]
w
[96.97, 96.0, 145.45, 166.16, 109.41, 143.78, 150.25, 144.5, 143.28, 169.35, 142.5, 165.33, 96.5, 144.0, 168.5, 134.67]
avgrqsz
[253.73, 256.0, 256.0, 250.81, 254.84, 256.0, 253.57, 254.46, 256.0, 253.82, 256.0, 253.75, 254.67, 256.0, 253.0, 255.04]
wMB
[12.12, 12.0, 18.18, 20.41, 13.61, 17.97, 18.6, 18.0, 17.91, 20.99, 17.81, 20.54, 12.0, 18.0, 20.92, 16.77]
rrqm
[3.54, 0.0, 0.0, 0.51, 0.0, 0.0, 0.0, 3.5, 0.0, 0.0, 1.5, 0.0, 0.0, 0.0, 3.5, 0.0]
w_await
[197.04, 90.1, 89.43, 177.51, 96.2, 90.95, 194.02, 103.88, 90.92, 189.82, 89.53, 176.9, 103.56, 90.83, 188.57, 90.76]
