40 datos recogidos

cpu data:

user
[77.5, 74.0, 71.5, 68.0, 72.5, 68.5, 75.0, 80.5, 83.08, 66.5, 69.0, 70.5, 71.86, 68.16, 68.84, 72.5, 68.5, 68.0, 74.5, 70.35, 69.0, 69.65, 70.35, 64.5, 70.5, 67.34, 62.5, 65.5, 68.5, 68.16, 74.37, 70.65, 66.33, 68.66, 68.5, 64.5, 70.85, 70.0, 62.5, 70.5]
nice
[0.0, 0.0, 0.5, 0.0, 0.0, 0.0, 0.0, 0.0, 0.0, 0.0, 0.0, 0.0, 0.5, 0.0, 0.0, 0.0, 0.0, 0.0, 0.0, 0.0, 0.0, 0.0, 0.0, 0.0, 0.0, 0.0, 0.0, 0.0, 0.0, 0.0, 0.0, 0.0, 0.5, 0.0, 0.0, 0.0, 0.0, 0.0, 0.0, 0.0]
system
[14.5, 26.0, 28.0, 32.0, 27.5, 31.5, 25.0, 19.5, 16.92, 31.5, 31.0, 29.5, 27.64, 31.84, 31.16, 27.5, 31.5, 32.0, 24.0, 28.64, 28.5, 29.35, 28.14, 32.0, 28.5, 31.16, 29.5, 31.5, 29.5, 31.84, 25.63, 29.35, 33.17, 31.34, 31.5, 35.5, 27.64, 30.0, 31.0, 29.5]
iowait
[8.0, 0.0, 0.0, 0.0, 0.0, 0.0, 0.0, 0.0, 0.0, 2.0, 0.0, 0.0, 0.0, 0.0, 0.0, 0.0, 0.0, 0.0, 1.5, 1.01, 2.5, 1.0, 1.51, 3.5, 1.0, 1.51, 8.0, 3.0, 2.0, 0.0, 0.0, 0.0, 0.0, 0.0, 0.0, 0.0, 1.51, 0.0, 6.5, 0.0]
steal
[0.0, 0.0, 0.0, 0.0, 0.0, 0.0, 0.0, 0.0, 0.0, 0.0, 0.0, 0.0, 0.0, 0.0, 0.0, 0.0, 0.0, 0.0, 0.0, 0.0, 0.0, 0.0, 0.0, 0.0, 0.0, 0.0, 0.0, 0.0, 0.0, 0.0, 0.0, 0.0, 0.0, 0.0, 0.0, 0.0, 0.0, 0.0, 0.0, 0.0]
idle
[0.0, 0.0, 0.0, 0.0, 0.0, 0.0, 0.0, 0.0, 0.0, 0.0, 0.0, 0.0, 0.0, 0.0, 0.0, 0.0, 0.0, 0.0, 0.0, 0.0, 0.0, 0.0, 0.0, 0.0, 0.0, 0.0, 0.0, 0.0, 0.0, 0.0, 0.0, 0.0, 0.0, 0.0, 0.0, 0.0, 0.0, 0.0, 0.0, 0.0]

sdc data:

util
[2.4, 0.0, 16.6, 35.6, 33.8, 70.8, 0.0, 0.0, 15.92, 36.2, 34.2, 58.4, 0.0, 33.83, 51.66, 0.0, 41.6, 46.6, 1.4, 42.21, 48.4, 0.0, 37.39, 49.4, 0.0, 37.79, 46.4, 1.6, 33.8, 53.33, 0.0, 30.45, 61.51, 0.0, 24.8, 62.0, 1.81, 23.0, 62.2, 0.0]
r_await
[24.0, 0.0, 0.0, 0.0, 0.0, 0.0, 0.0, 0.0, 0.0, 32.0, 0.0, 0.0, 0.0, 0.0, 0.0, 0.0, 0.0, 0.0, 28.0, 0.0, 0.0, 0.0, 0.0, 0.0, 0.0, 0.0, 0.0, 32.0, 0.0, 0.0, 0.0, 0.0, 0.0, 0.0, 0.0, 0.0, 36.0, 0.0, 0.0, 0.0]
avgqusz
[0.02, 0.0, 6.07, 13.01, 12.5, 79.1, 0.0, 0.0, 5.87, 12.6, 27.49, 61.3, 0.0, 30.09, 51.75, 0.0, 40.09, 44.67, 0.01, 40.37, 47.1, 0.0, 34.64, 48.78, 0.0, 36.03, 44.47, 0.02, 29.35, 54.33, 0.0, 26.18, 65.87, 0.0, 17.66, 65.92, 0.02, 14.39, 66.43, 0.0]
await
[24.0, 0.0, 173.43, 188.49, 181.1, 516.97, 0.0, 0.0, 168.46, 181.35, 206.62, 590.83, 0.0, 173.66, 611.39, 0.0, 217.34, 640.48, 28.0, 228.48, 639.02, 0.0, 191.19, 618.92, 0.0, 196.45, 619.79, 32.0, 171.35, 605.77, 0.0, 173.84, 611.14, 0.0, 150.22, 554.72, 36.0, 153.24, 541.28, 0.0]
rMB
[0.03, 0.0, 0.0, 0.0, 0.0, 0.0, 0.0, 0.0, 0.0, 0.03, 0.0, 0.0, 0.0, 0.0, 0.0, 0.0, 0.0, 0.0, 0.01, 0.0, 0.0, 0.0, 0.0, 0.0, 0.0, 0.0, 0.0, 0.01, 0.0, 0.0, 0.0, 0.0, 0.0, 0.0, 0.0, 0.0, 0.01, 0.0, 0.0, 0.0]
svctm
[24.0, 0.0, 4.74, 5.16, 4.9, 4.63, 0.0, 0.0, 4.57, 5.21, 5.9, 4.49, 0.0, 5.04, 4.49, 0.0, 4.98, 4.48, 28.0, 5.35, 4.46, 0.0, 4.99, 4.43, 0.0, 4.95, 4.4, 32.0, 5.01, 4.49, 0.0, 5.51, 4.55, 0.0, 4.91, 4.53, 36.0, 5.29, 4.54, 0.0]
r
[1.0, 0.0, 0.0, 0.0, 0.0, 0.0, 0.0, 0.0, 0.0, 0.5, 0.0, 0.0, 0.0, 0.0, 0.0, 0.0, 0.0, 0.0, 0.5, 0.0, 0.0, 0.0, 0.0, 0.0, 0.0, 0.0, 0.0, 0.5, 0.0, 0.0, 0.0, 0.0, 0.0, 0.0, 0.0, 0.0, 0.5, 0.0, 0.0, 0.0]
wrqm
[0.0, 0.0, 989.0, 1979.0, 1979.0, 4369.0, 0.0, 0.0, 984.08, 1979.0, 3773.5, 1589.0, 0.0, 3768.66, 1400.0, 0.0, 4701.0, 651.0, 0.0, 4258.29, 1097.5, 0.0, 4258.29, 1061.5, 0.0, 4272.86, 926.5, 0.0, 4222.5, 1100.5, 0.0, 3754.23, 1661.31, 0.0, 3294.5, 2056.0, 0.0, 3323.5, 1822.0, 0.0]
w
[0.0, 0.0, 35.0, 69.0, 69.0, 153.0, 0.0, 0.0, 34.83, 69.0, 58.0, 130.0, 0.0, 67.16, 115.08, 0.0, 83.5, 104.0, 0.0, 78.89, 108.5, 0.0, 74.87, 111.5, 0.0, 76.38, 105.5, 0.0, 67.5, 118.91, 0.0, 55.22, 135.18, 0.0, 50.5, 137.0, 0.0, 43.5, 137.0, 0.0]
avgrqsz
[52.0, 0.0, 234.06, 237.45, 237.45, 236.44, 0.0, 0.0, 234.06, 236.49, 238.48, 235.17, 0.0, 236.92, 235.0, 0.0, 237.51, 235.42, 32.0, 237.35, 235.39, 0.0, 237.21, 235.01, 0.0, 237.26, 235.49, 32.0, 236.92, 235.41, 0.0, 236.25, 236.55, 0.0, 235.88, 236.44, 32.0, 235.22, 236.32, 0.0]
wMB
[0.0, 0.0, 4.0, 8.0, 8.0, 17.66, 0.0, 0.0, 3.98, 8.0, 6.75, 14.93, 0.0, 7.77, 13.2, 0.0, 9.68, 11.96, 0.0, 9.14, 12.47, 0.0, 8.67, 12.79, 0.0, 8.85, 12.13, 0.0, 7.81, 13.67, 0.0, 6.37, 15.61, 0.0, 5.82, 15.82, 0.0, 5.0, 15.81, 0.0]
rrqm
[5.5, 0.0, 0.0, 0.0, 0.0, 0.0, 0.0, 0.0, 0.0, 6.0, 0.0, 0.0, 0.0, 0.0, 0.0, 0.0, 0.0, 0.0, 1.5, 0.0, 0.0, 0.0, 0.0, 0.0, 0.0, 0.0, 0.0, 1.5, 0.0, 0.0, 0.0, 0.0, 0.0, 0.0, 0.0, 0.0, 1.51, 0.0, 0.0, 0.0]
w_await
[0.0, 0.0, 173.43, 188.49, 181.1, 516.97, 0.0, 0.0, 168.46, 182.43, 206.62, 590.83, 0.0, 173.66, 611.39, 0.0, 217.34, 640.48, 0.0, 228.48, 639.02, 0.0, 191.19, 618.92, 0.0, 196.45, 619.79, 0.0, 171.35, 605.77, 0.0, 173.84, 611.14, 0.0, 150.22, 554.72, 0.0, 153.24, 541.28, 0.0]
