43 datos recogidos

cpu data:

user
[0.62, 0.0, 0.0, 0.0, 0.0, 0.0, 0.0, 0.0, 0.0, 0.0, 0.6, 0.0, 0.0, 0.0, 0.62, 0.0, 0.62, 0.0, 0.0, 0.0, 0.0, 0.0, 0.0, 0.0, 0.0, 0.0, 0.0, 0.0, 0.0, 0.0, 0.57, 0.0, 0.61, 0.0, 0.0, 0.0, 0.0, 0.0, 0.59, 0.0, 0.0, 0.0, 0.0]
nice
[0.0, 0.62, 0.0, 0.0, 0.0, 0.0, 0.0, 0.0, 0.0, 0.0, 0.0, 0.0, 0.0, 0.0, 0.0, 0.0, 0.0, 0.0, 0.0, 0.0, 0.0, 0.63, 0.0, 0.0, 0.0, 0.0, 0.0, 0.0, 0.0, 0.0, 0.0, 0.63, 0.0, 0.0, 0.0, 0.0, 0.0, 0.0, 0.0, 0.0, 0.0, 0.0, 0.0]
system
[22.36, 6.21, 9.41, 7.5, 4.97, 7.78, 5.62, 6.67, 4.97, 4.32, 7.19, 4.43, 9.66, 7.05, 6.83, 9.6, 5.0, 6.29, 6.29, 3.75, 8.62, 6.92, 4.65, 9.88, 6.75, 7.02, 6.29, 5.45, 9.64, 7.41, 8.57, 5.66, 4.91, 9.09, 5.56, 8.57, 5.16, 8.02, 5.92, 4.32, 4.0, 7.27, 4.38]
iowait
[77.02, 93.17, 90.59, 92.5, 95.03, 92.22, 94.38, 93.33, 95.03, 95.68, 92.22, 95.57, 90.34, 92.95, 92.55, 90.4, 94.38, 93.71, 93.71, 96.25, 91.38, 92.45, 95.35, 90.12, 93.25, 92.98, 93.71, 94.55, 90.36, 92.59, 90.86, 93.71, 94.48, 90.91, 94.44, 91.43, 94.84, 91.98, 93.49, 95.68, 96.0, 92.73, 95.62]
steal
[0.0, 0.0, 0.0, 0.0, 0.0, 0.0, 0.0, 0.0, 0.0, 0.0, 0.0, 0.0, 0.0, 0.0, 0.0, 0.0, 0.0, 0.0, 0.0, 0.0, 0.0, 0.0, 0.0, 0.0, 0.0, 0.0, 0.0, 0.0, 0.0, 0.0, 0.0, 0.0, 0.0, 0.0, 0.0, 0.0, 0.0, 0.0, 0.0, 0.0, 0.0, 0.0, 0.0]
idle
[0.0, 0.0, 0.0, 0.0, 0.0, 0.0, 0.0, 0.0, 0.0, 0.0, 0.0, 0.0, 0.0, 0.0, 0.0, 0.0, 0.0, 0.0, 0.0, 0.0, 0.0, 0.0, 0.0, 0.0, 0.0, 0.0, 0.0, 0.0, 0.0, 0.0, 0.0, 0.0, 0.0, 0.0, 0.0, 0.0, 0.0, 0.0, 0.0, 0.0, 0.0, 0.0, 0.0]

sdb data:

util
[111.8, 124.22, 117.65, 125.0, 124.22, 119.76, 125.0, 121.21, 124.22, 123.46, 120.0, 126.58, 113.64, 128.21, 124.22, 112.99, 125.0, 114.29, 125.79, 125.0, 114.94, 125.79, 116.28, 123.46, 122.7, 116.96, 125.79, 121.21, 120.48, 123.7, 114.06, 125.79, 122.7, 113.86, 123.46, 114.29, 129.03, 123.46, 118.34, 123.46, 114.29, 121.21, 125.0]
r_await
[12.0, 0.0, 100.0, 0.0, 0.0, 0.0, 0.0, 0.0, 0.0, 100.0, 0.0, 0.0, 0.0, 0.0, 0.0, 0.0, 0.0, 0.0, 0.0, 0.0, 0.0, 0.0, 0.0, 0.0, 0.0, 0.0, 0.0, 0.0, 0.0, 0.0, 0.0, 0.0, 0.0, 0.0, 0.0, 0.0, 0.0, 0.0, 0.0, 0.0, 0.0, 0.0, 0.0]
avgqusz
[158.9, 177.87, 148.65, 178.98, 178.23, 151.92, 178.82, 172.81, 177.99, 176.38, 171.38, 181.85, 137.3, 183.32, 178.27, 106.36, 179.46, 144.63, 179.96, 179.05, 135.09, 180.14, 160.22, 153.29, 175.6, 150.91, 180.25, 171.95, 143.25, 177.08, 137.78, 180.28, 175.02, 131.71, 176.9, 149.09, 185.13, 176.26, 159.66, 177.57, 150.94, 152.2, 179.0]
await
[502.61, 461.18, 782.54, 527.6, 764.87, 539.89, 662.65, 685.08, 637.53, 725.72, 700.19, 612.24, 657.72, 556.49, 627.94, 624.49, 559.15, 708.79, 654.89, 646.86, 617.33, 642.37, 671.71, 432.02, 804.29, 659.85, 620.74, 690.69, 469.97, 744.64, 632.86, 656.13, 685.54, 580.85, 708.64, 664.25, 601.66, 661.75, 621.56, 767.7, 729.85, 636.35, 661.21]
rMB
[0.0, 0.0, 0.0, 0.0, 0.0, 0.0, 0.0, 0.0, 0.0, 0.0, 0.0, 0.0, 0.0, 0.0, 0.0, 0.0, 0.0, 0.0, 0.0, 0.0, 0.0, 0.0, 0.0, 0.0, 0.0, 0.0, 0.0, 0.0, 0.0, 0.0, 0.0, 0.0, 0.0, 0.0, 0.0, 0.0, 0.0, 0.0, 0.0, 0.0, 0.0, 0.0, 0.0]
svctm
[4.35, 4.39, 4.76, 4.43, 4.61, 4.56, 4.55, 4.76, 4.66, 4.9, 4.65, 4.59, 4.6, 4.45, 4.5, 5.08, 4.81, 5.03, 4.82, 4.9, 4.88, 4.44, 4.91, 4.77, 4.65, 4.98, 4.57, 4.56, 4.82, 4.72, 4.88, 4.65, 4.82, 5.29, 4.81, 4.81, 4.47, 4.58, 4.87, 5.1, 5.22, 5.63, 4.73]
r
[0.62, 0.0, 0.59, 0.0, 0.0, 0.0, 0.0, 0.0, 0.0, 0.62, 0.0, 0.0, 0.0, 0.0, 0.0, 0.0, 0.0, 0.0, 0.0, 0.0, 0.0, 0.0, 0.0, 0.0, 0.0, 0.0, 0.0, 0.0, 0.0, 0.0, 0.0, 0.0, 0.0, 0.0, 0.0, 0.0, 0.0, 0.0, 0.0, 0.0, 0.0, 0.0, 0.0]
wrqm
[0.0, 0.0, 5.88, 0.62, 0.0, 5.99, 0.62, 5.45, 0.0, 0.0, 4.79, 0.0, 4.55, 0.0, 0.0, 5.08, 0.0, 4.57, 0.0, 0.0, 4.6, 0.0, 5.23, 0.0, 0.0, 4.68, 0.0, 4.85, 0.0, 0.0, 4.57, 0.63, 0.61, 4.55, 0.0, 4.57, 0.0, 0.0, 4.73, 0.0, 4.57, 0.0, 0.0]
w
[256.52, 283.23, 246.47, 281.88, 269.57, 262.87, 275.0, 254.55, 266.46, 251.23, 258.08, 275.95, 247.16, 287.82, 275.78, 222.6, 260.0, 227.43, 261.01, 255.0, 235.63, 283.02, 236.63, 258.64, 263.8, 235.09, 275.47, 266.06, 250.0, 262.35, 233.71, 270.44, 254.6, 215.34, 256.79, 237.71, 288.39, 269.75, 243.2, 241.98, 218.86, 215.15, 264.38]
avgrqsz
[254.11, 253.86, 250.11, 253.09, 249.73, 252.28, 253.65, 252.76, 252.81, 251.57, 252.34, 252.64, 251.57, 253.45, 252.88, 249.69, 253.46, 252.46, 252.01, 252.41, 252.0, 253.05, 251.48, 250.1, 252.22, 250.41, 252.16, 251.79, 250.72, 251.67, 251.05, 252.02, 250.04, 251.08, 249.79, 251.29, 252.4, 251.17, 250.45, 250.37, 252.2, 248.92, 250.21]
wMB
[31.9, 35.11, 30.17, 34.83, 32.87, 32.38, 34.06, 31.42, 32.89, 30.93, 31.8, 34.04, 30.36, 35.62, 34.05, 27.14, 32.18, 28.04, 32.12, 31.43, 28.99, 34.97, 29.06, 31.59, 32.49, 28.74, 33.92, 32.71, 30.61, 32.24, 28.65, 33.28, 31.08, 26.4, 31.32, 29.17, 35.54, 33.08, 29.74, 29.58, 26.95, 26.15, 32.3]
rrqm
[0.0, 0.0, 0.0, 0.0, 0.0, 0.0, 0.0, 0.0, 0.0, 0.0, 0.0, 0.0, 0.0, 0.0, 0.0, 0.0, 0.0, 0.0, 0.0, 0.0, 0.0, 0.0, 0.0, 0.0, 0.0, 0.0, 0.0, 0.0, 0.0, 0.0, 0.0, 0.0, 0.0, 0.0, 0.0, 0.0, 0.0, 0.0, 0.0, 0.0, 0.0, 0.0, 0.0]
w_await
[503.8, 461.18, 784.17, 527.6, 764.87, 539.89, 662.65, 685.08, 637.53, 727.25, 700.19, 612.24, 657.72, 556.49, 627.94, 624.49, 559.15, 708.79, 654.89, 646.86, 617.33, 642.37, 671.71, 432.02, 804.29, 659.85, 620.74, 690.69, 469.97, 744.64, 632.86, 656.13, 685.54, 580.85, 708.64, 664.25, 601.66, 661.75, 621.56, 767.7, 729.85, 636.35, 661.21]
