136 datos recogidos

cpu data:

user
[3.03, 0.51, 0.5, 0.0, 0.0, 0.0, 0.0, 0.5, 0.0, 0.5, 0.0, 0.5, 0.0, 0.0, 0.5, 0.0, 0.0, 0.0, 0.0, 0.5, 0.0, 0.0, 0.0, 0.0, 0.0, 0.0, 0.51, 0.0, 0.0, 0.0, 0.5, 0.0, 0.0, 0.0, 0.5, 0.0, 0.0, 0.0, 0.0, 0.0, 0.5, 0.0, 0.0, 0.0, 0.51, 0.5, 0.0, 0.51, 0.0, 0.0, 0.0, 0.0, 0.0, 0.5, 0.0, 0.0, 0.0, 0.0, 0.0, 0.0, 0.5, 0.0, 0.0, 0.0, 0.0, 0.0, 0.0, 0.0, 0.0, 0.0, 0.5, 0.0, 0.0, 0.5, 0.51, 0.5, 0.0, 0.5, 0.5, 0.0, 0.5, 0.0, 0.0, 0.5, 0.0, 0.5, 0.0, 0.0, 0.0, 0.0, 0.0, 0.5, 0.0, 0.0, 0.0, 0.0, 0.0, 0.5, 0.0, 0.0, 0.0, 0.0, 0.0, 0.0, 0.51, 0.0, 0.0, 0.0, 0.0, 0.0, 0.0, 0.0, 0.0, 0.0, 0.0, 0.0, 0.0, 0.0, 0.0, 0.0, 0.0, 0.5, 0.0, 0.0, 0.0, 0.0, 0.0, 0.0, 0.0, 0.0, 0.0, 0.5, 0.0, 0.0, 1.03, 0.0]
nice
[0.0, 0.0, 0.0, 0.0, 0.0, 0.0, 0.0, 0.5, 0.0, 0.0, 0.0, 0.0, 0.0, 0.0, 0.0, 0.0, 0.0, 0.5, 0.0, 0.0, 0.0, 0.0, 0.0, 0.0, 0.0, 0.0, 0.0, 0.0, 0.0, 0.0, 0.0, 0.0, 0.0, 0.0, 0.0, 0.0, 0.0, 0.5, 0.0, 0.0, 0.0, 0.0, 0.0, 0.0, 0.0, 0.0, 0.0, 0.51, 0.0, 0.0, 0.0, 0.0, 0.0, 0.0, 0.0, 0.0, 0.0, 0.0, 0.0, 0.0, 0.0, 0.0, 0.0, 0.0, 0.0, 0.0, 0.0, 0.5, 0.0, 0.0, 0.0, 0.0, 0.0, 0.0, 0.0, 0.0, 0.0, 0.0, 0.0, 0.0, 0.0, 0.0, 0.0, 0.0, 0.0, 0.0, 0.0, 0.5, 0.0, 0.0, 0.0, 0.0, 0.0, 0.0, 0.0, 0.0, 0.0, 0.0, 0.0, 0.0, 0.0, 0.0, 0.0, 0.0, 0.0, 0.0, 0.0, 0.5, 0.0, 0.0, 0.0, 0.0, 0.0, 0.0, 0.0, 0.0, 0.0, 0.5, 0.0, 0.0, 0.0, 0.0, 0.0, 0.0, 0.0, 0.0, 0.0, 0.0, 0.0, 0.0, 0.0, 0.0, 0.0, 0.0, 0.0, 0.0]
system
[13.13, 7.58, 1.51, 8.59, 4.02, 8.0, 3.54, 6.03, 7.04, 6.53, 5.08, 7.04, 1.52, 8.54, 8.0, 1.51, 10.15, 1.51, 8.08, 8.96, 1.02, 7.04, 7.07, 4.04, 8.08, 1.01, 7.58, 7.07, 1.01, 6.53, 6.0, 7.54, 1.52, 7.58, 7.0, 1.51, 7.11, 4.52, 6.63, 1.01, 8.5, 7.07, 1.01, 6.53, 4.55, 7.54, 1.51, 7.58, 5.5, 2.02, 7.58, 4.55, 1.02, 7.04, 6.57, 7.54, 6.03, 1.52, 7.11, 2.0, 8.04, 7.07, 1.0, 6.53, 5.53, 1.51, 7.58, 7.0, 1.01, 7.54, 5.0, 7.58, 1.01, 7.04, 7.07, 4.02, 1.51, 8.04, 6.53, 1.51, 7.5, 4.52, 2.01, 7.04, 6.06, 1.51, 11.0, 1.51, 7.58, 1.01, 6.53, 7.5, 4.57, 1.51, 7.07, 7.04, 1.01, 7.5, 4.52, 2.01, 7.07, 7.0, 1.52, 7.54, 4.04, 7.54, 1.01, 6.53, 1.01, 6.6, 5.03, 3.02, 5.53, 7.07, 0.51, 7.54, 4.02, 1.51, 6.6, 7.07, 1.51, 6.03, 5.03, 1.5, 8.59, 5.56, 2.01, 7.58, 4.04, 1.01, 7.54, 6.53, 1.01, 7.04, 4.1, 4.52]
iowait
[83.84, 91.92, 97.99, 91.41, 95.98, 92.0, 96.46, 92.96, 92.96, 92.96, 94.92, 92.46, 98.48, 91.46, 91.5, 98.49, 89.85, 97.99, 91.92, 90.55, 98.98, 92.96, 92.93, 95.96, 91.92, 98.99, 91.92, 92.93, 98.99, 93.47, 93.5, 92.46, 98.48, 92.42, 92.5, 98.49, 92.89, 94.97, 93.37, 98.99, 91.0, 92.93, 98.99, 93.47, 94.95, 91.96, 98.49, 91.41, 94.5, 97.98, 92.42, 95.45, 98.98, 92.46, 93.43, 92.46, 93.97, 98.48, 92.89, 98.0, 91.46, 92.93, 99.0, 93.47, 94.47, 98.49, 92.42, 92.5, 98.99, 92.46, 94.5, 92.42, 98.99, 92.46, 92.42, 95.48, 98.49, 91.46, 92.96, 98.49, 92.0, 95.48, 97.99, 92.46, 93.94, 97.99, 89.0, 97.99, 92.42, 98.99, 93.47, 92.0, 95.43, 98.49, 92.93, 92.96, 98.99, 92.0, 95.48, 97.99, 92.93, 93.0, 98.48, 92.46, 95.45, 92.46, 98.99, 92.96, 98.99, 93.4, 94.97, 96.98, 94.47, 92.93, 99.49, 92.46, 95.98, 97.99, 93.4, 92.93, 98.49, 93.47, 94.97, 98.5, 91.41, 94.44, 97.99, 92.42, 95.96, 98.99, 92.46, 92.96, 98.99, 92.96, 94.87, 95.48]
steal
[0.0, 0.0, 0.0, 0.0, 0.0, 0.0, 0.0, 0.0, 0.0, 0.0, 0.0, 0.0, 0.0, 0.0, 0.0, 0.0, 0.0, 0.0, 0.0, 0.0, 0.0, 0.0, 0.0, 0.0, 0.0, 0.0, 0.0, 0.0, 0.0, 0.0, 0.0, 0.0, 0.0, 0.0, 0.0, 0.0, 0.0, 0.0, 0.0, 0.0, 0.0, 0.0, 0.0, 0.0, 0.0, 0.0, 0.0, 0.0, 0.0, 0.0, 0.0, 0.0, 0.0, 0.0, 0.0, 0.0, 0.0, 0.0, 0.0, 0.0, 0.0, 0.0, 0.0, 0.0, 0.0, 0.0, 0.0, 0.0, 0.0, 0.0, 0.0, 0.0, 0.0, 0.0, 0.0, 0.0, 0.0, 0.0, 0.0, 0.0, 0.0, 0.0, 0.0, 0.0, 0.0, 0.0, 0.0, 0.0, 0.0, 0.0, 0.0, 0.0, 0.0, 0.0, 0.0, 0.0, 0.0, 0.0, 0.0, 0.0, 0.0, 0.0, 0.0, 0.0, 0.0, 0.0, 0.0, 0.0, 0.0, 0.0, 0.0, 0.0, 0.0, 0.0, 0.0, 0.0, 0.0, 0.0, 0.0, 0.0, 0.0, 0.0, 0.0, 0.0, 0.0, 0.0, 0.0, 0.0, 0.0, 0.0, 0.0, 0.0, 0.0, 0.0, 0.0, 0.0]
idle
[0.0, 0.0, 0.0, 0.0, 0.0, 0.0, 0.0, 0.0, 0.0, 0.0, 0.0, 0.0, 0.0, 0.0, 0.0, 0.0, 0.0, 0.0, 0.0, 0.0, 0.0, 0.0, 0.0, 0.0, 0.0, 0.0, 0.0, 0.0, 0.0, 0.0, 0.0, 0.0, 0.0, 0.0, 0.0, 0.0, 0.0, 0.0, 0.0, 0.0, 0.0, 0.0, 0.0, 0.0, 0.0, 0.0, 0.0, 0.0, 0.0, 0.0, 0.0, 0.0, 0.0, 0.0, 0.0, 0.0, 0.0, 0.0, 0.0, 0.0, 0.0, 0.0, 0.0, 0.0, 0.0, 0.0, 0.0, 0.0, 0.0, 0.0, 0.0, 0.0, 0.0, 0.0, 0.0, 0.0, 0.0, 0.0, 0.0, 0.0, 0.0, 0.0, 0.0, 0.0, 0.0, 0.0, 0.0, 0.0, 0.0, 0.0, 0.0, 0.0, 0.0, 0.0, 0.0, 0.0, 0.0, 0.0, 0.0, 0.0, 0.0, 0.0, 0.0, 0.0, 0.0, 0.0, 0.0, 0.0, 0.0, 0.0, 0.0, 0.0, 0.0, 0.0, 0.0, 0.0, 0.0, 0.0, 0.0, 0.0, 0.0, 0.0, 0.0, 0.0, 0.0, 0.0, 0.0, 0.0, 0.0, 0.0, 0.0, 0.0, 0.0, 0.0, 0.0, 0.0]

sda data:

util
[83.84, 94.34, 100.5, 94.14, 97.69, 94.6, 98.59, 95.88, 95.88, 95.68, 97.66, 95.28, 101.01, 93.87, 94.8, 100.5, 92.18, 100.5, 94.34, 92.14, 101.52, 95.88, 95.96, 98.38, 94.75, 101.01, 94.75, 95.56, 101.01, 95.68, 96.6, 94.47, 101.52, 94.75, 95.6, 100.5, 95.84, 97.09, 95.31, 101.01, 93.2, 95.56, 101.01, 95.48, 97.78, 94.07, 100.5, 94.55, 94.4, 100.2, 95.15, 97.78, 101.52, 94.47, 96.16, 94.47, 96.48, 101.01, 95.43, 100.0, 93.47, 95.96, 100.0, 95.08, 97.09, 100.5, 95.35, 95.2, 101.01, 94.07, 96.4, 94.55, 101.01, 96.08, 94.34, 97.89, 100.5, 94.27, 94.67, 100.5, 94.6, 97.89, 100.5, 94.67, 96.36, 100.5, 91.0, 100.5, 94.14, 101.01, 95.68, 93.8, 98.48, 100.5, 94.75, 95.28, 101.01, 94.2, 97.69, 100.5, 94.95, 94.8, 101.01, 94.87, 97.98, 94.07, 101.01, 95.68, 100.5, 95.84, 97.69, 97.69, 96.88, 95.15, 101.52, 94.27, 97.89, 100.5, 96.04, 95.35, 100.5, 95.08, 97.29, 100.0, 93.74, 96.77, 100.5, 94.34, 98.38, 101.01, 94.27, 95.68, 100.5, 95.08, 93.54, 100.5]
r_await
[25.97, 46.2, 211.56, 43.41, 101.8, 53.41, 97.9, 63.14, 58.19, 52.56, 75.33, 55.11, 230.67, 40.7, 62.12, 244.5, 33.31, 241.5, 50.49, 44.59, 241.5, 61.12, 50.81, 84.87, 52.33, 252.0, 49.1, 57.25, 273.14, 52.34, 86.4, 51.43, 247.0, 42.93, 56.62, 264.5, 48.69, 80.33, 54.11, 243.5, 43.9, 62.5, 262.29, 57.22, 82.18, 53.56, 288.0, 45.64, 69.14, 171.64, 52.33, 74.96, 263.0, 50.17, 59.18, 63.2, 58.34, 280.0, 52.11, 254.5, 45.0, 62.62, 349.6, 55.65, 90.61, 259.43, 51.33, 60.25, 278.29, 47.35, 86.26, 52.23, 270.29, 64.0, 43.77, 88.87, 277.71, 56.22, 56.73, 272.0, 50.49, 90.73, 273.14, 52.82, 56.62, 253.5, 37.92, 274.29, 48.89, 286.86, 57.62, 52.23, 82.83, 290.29, 49.94, 59.12, 277.71, 53.19, 76.91, 290.29, 56.34, 58.18, 296.0, 54.17, 83.45, 56.67, 316.67, 61.25, 295.33, 57.94, 81.64, 119.56, 78.17, 53.38, 301.14, 47.11, 89.71, 306.86, 50.63, 56.0, 312.0, 45.49, 97.45, 304.67, 50.51, 61.88, 298.29, 46.97, 85.09, 308.57, 53.41, 62.38, 318.0, 51.67, 86.55, 300.0]
avgqusz
[109.04, 64.04, 112.6, 31.45, 97.38, 91.2, 60.15, 84.65, 89.13, 51.62, 83.65, 58.12, 116.54, 70.55, 70.42, 71.41, 53.84, 97.72, 99.56, 58.3, 75.34, 101.63, 50.83, 89.59, 54.38, 127.06, 66.32, 58.19, 106.41, 45.75, 91.16, 62.41, 118.02, 71.47, 67.91, 91.42, 49.3, 98.59, 62.86, 113.46, 71.9, 58.84, 88.42, 43.56, 99.71, 67.48, 114.7, 61.72, 52.61, 115.37, 49.07, 85.51, 63.37, 96.48, 85.92, 54.77, 59.12, 103.34, 84.43, 81.37, 80.59, 80.2, 73.7, 46.24, 79.94, 67.54, 87.95, 81.59, 65.3, 43.58, 115.54, 63.31, 70.07, 112.79, 49.11, 66.47, 94.36, 80.41, 58.19, 108.1, 47.45, 89.22, 59.47, 94.81, 85.29, 60.04, 46.9, 114.65, 65.91, 59.08, 114.47, 47.16, 71.77, 86.1, 83.0, 59.92, 103.68, 46.17, 85.7, 58.93, 94.81, 79.65, 76.04, 45.12, 101.71, 49.04, 96.6, 82.54, 79.58, 46.44, 103.03, 49.51, 104.15, 76.33, 91.53, 47.01, 88.94, 66.24, 97.17, 66.28, 99.08, 47.6, 79.49, 72.96, 88.22, 66.77, 103.41, 49.0, 82.09, 78.16, 83.87, 59.84, 105.38, 47.3, 67.24, 92.29]
await
[478.67, 1329.59, 1133.95, 1050.12, 824.03, 950.6, 1625.34, 782.97, 849.01, 1075.74, 685.99, 1288.83, 1034.3, 1005.69, 980.7, 1487.53, 553.45, 1147.74, 834.04, 1344.67, 1108.44, 793.93, 1060.56, 727.88, 1475.51, 975.94, 1224.28, 1109.96, 1127.08, 1058.66, 735.62, 1316.7, 1225.79, 1108.43, 1048.79, 1415.45, 887.06, 780.68, 1332.62, 1246.45, 1038.75, 1138.7, 1255.28, 877.57, 795.19, 1159.06, 1563.93, 1335.82, 1318.25, 935.38, 1112.05, 746.35, 1805.88, 734.25, 995.44, 1514.0, 629.13, 1134.77, 1050.34, 1750.5, 797.63, 1040.09, 1711.2, 1172.78, 841.23, 1754.05, 736.35, 956.61, 1880.2, 713.75, 807.67, 1346.43, 1467.37, 833.11, 1513.82, 719.39, 1421.92, 962.34, 1261.01, 1286.5, 1107.94, 769.68, 1927.83, 751.97, 1037.68, 1875.61, 613.55, 991.8, 1185.37, 1646.23, 764.43, 1394.53, 708.37, 1568.28, 956.15, 1267.82, 1336.24, 1127.76, 760.5, 1945.5, 723.12, 1077.79, 1815.46, 886.68, 792.03, 1672.18, 1028.08, 1097.59, 1867.61, 944.75, 812.07, 2031.12, 783.53, 1233.39, 1695.71, 1063.82, 813.88, 2013.3, 801.62, 1347.63, 1448.22, 1226.71, 802.24, 1862.4, 842.26, 1306.41, 1468.98, 1204.37, 832.65, 1830.15, 927.61, 1340.79, 1349.28, 1321.64, 825.32, 1582.85]
rMB
[0.02, 0.01, 0.0, 0.01, 0.0, 0.01, 0.01, 0.01, 0.01, 0.01, 0.01, 0.01, 0.0, 0.01, 0.01, 0.0, 0.01, 0.0, 0.01, 0.01, 0.0, 0.01, 0.01, 0.01, 0.01, 0.0, 0.01, 0.01, 0.0, 0.01, 0.01, 0.01, 0.0, 0.01, 0.01, 0.0, 0.01, 0.01, 0.01, 0.0, 0.01, 0.01, 0.0, 0.01, 0.01, 0.01, 0.0, 0.01, 0.01, 0.0, 0.01, 0.01, 0.0, 0.01, 0.01, 0.01, 0.01, 0.0, 0.01, 0.0, 0.01, 0.01, 0.0, 0.01, 0.01, 0.0, 0.01, 0.01, 0.0, 0.01, 0.01, 0.01, 0.0, 0.01, 0.01, 0.01, 0.0, 0.01, 0.01, 0.0, 0.01, 0.01, 0.0, 0.01, 0.01, 0.0, 0.01, 0.0, 0.01, 0.0, 0.01, 0.01, 0.01, 0.0, 0.01, 0.01, 0.0, 0.01, 0.01, 0.0, 0.01, 0.01, 0.0, 0.01, 0.01, 0.01, 0.0, 0.01, 0.0, 0.01, 0.01, 0.0, 0.01, 0.01, 0.0, 0.01, 0.01, 0.0, 0.01, 0.01, 0.0, 0.01, 0.01, 0.0, 0.01, 0.01, 0.0, 0.01, 0.01, 0.0, 0.01, 0.01, 0.0, 0.01, 0.01, 0.0]
svctm
[9.88, 11.6, 13.7, 12.03, 13.59, 12.29, 13.37, 12.98, 12.64, 12.36, 13.27, 12.23, 13.7, 11.97, 12.31, 14.71, 10.81, 14.29, 11.6, 11.57, 14.6, 12.98, 12.03, 14.12, 12.76, 15.27, 11.95, 13.05, 16.39, 13.04, 14.0, 13.15, 14.71, 11.87, 13.01, 15.38, 13.39, 13.61, 13.06, 14.39, 12.18, 13.42, 15.75, 13.1, 13.93, 13.76, 16.95, 14.29, 13.78, 15.5, 12.9, 14.24, 15.62, 13.06, 12.69, 12.88, 13.52, 16.67, 13.43, 15.04, 12.83, 13.57, 21.05, 17.52, 14.86, 15.5, 12.76, 14.53, 16.39, 13.66, 14.5, 13.57, 16.53, 13.56, 13.74, 14.76, 16.26, 13.69, 13.65, 16.26, 13.51, 14.87, 16.53, 13.65, 13.83, 16.13, 12.13, 16.53, 13.61, 17.39, 13.7, 13.79, 14.92, 17.24, 13.79, 13.94, 16.95, 14.06, 15.07, 17.09, 13.72, 14.15, 17.86, 14.52, 16.03, 14.08, 18.87, 14.88, 17.7, 14.75, 15.93, 16.47, 16.07, 14.27, 17.86, 14.32, 16.1, 18.02, 13.91, 14.64, 18.52, 14.55, 15.49, 18.18, 13.95, 14.63, 17.54, 14.37, 15.84, 18.18, 14.11, 14.99, 18.87, 14.67, 16.29, 18.02]
r
[30.81, 20.2, 4.52, 20.71, 10.05, 17.0, 10.61, 14.07, 15.58, 18.09, 12.18, 18.09, 4.55, 20.1, 16.0, 4.02, 26.4, 4.02, 18.69, 20.4, 4.06, 16.08, 18.69, 11.62, 18.18, 3.54, 20.2, 16.16, 3.54, 17.59, 12.5, 17.59, 4.06, 20.71, 16.0, 4.02, 17.77, 12.06, 18.37, 4.04, 20.0, 16.16, 3.54, 18.09, 11.11, 18.09, 3.52, 19.7, 14.0, 5.56, 18.18, 11.62, 4.06, 17.59, 17.17, 15.08, 14.57, 3.54, 18.27, 4.0, 20.1, 16.16, 2.5, 17.09, 11.56, 3.52, 18.18, 16.0, 3.54, 18.59, 11.5, 17.68, 3.54, 17.09, 17.68, 11.56, 3.52, 18.09, 16.58, 3.52, 18.5, 11.06, 3.52, 17.09, 16.16, 4.02, 25.0, 3.52, 18.18, 3.54, 16.08, 17.5, 12.18, 3.52, 17.68, 16.08, 3.54, 18.5, 11.06, 3.52, 17.68, 16.5, 3.03, 17.59, 11.11, 18.09, 3.03, 16.08, 3.02, 17.77, 11.06, 9.05, 12.06, 16.16, 3.55, 18.09, 10.55, 3.52, 17.77, 16.16, 3.52, 17.59, 11.06, 3.0, 17.68, 16.16, 3.52, 17.68, 11.11, 3.54, 17.09, 16.08, 3.02, 18.09, 11.28, 3.02]
wrqm
[47.47, 49.49, 0.0, 0.0, 65.83, 39.0, 0.0, 0.0, 79.4, 0.0, 65.99, 41.71, 0.0, 1.51, 80.5, 0.0, 63.96, 0.0, 42.42, 0.0, 0.0, 81.91, 0.0, 64.65, 42.42, 0.0, 1.01, 81.82, 0.0, 0.5, 63.0, 40.2, 0.0, 0.51, 82.5, 0.0, 0.51, 64.32, 41.84, 0.0, 0.0, 80.81, 0.0, 0.0, 63.64, 41.21, 0.0, 0.0, 0.0, 80.81, 0.0, 64.65, 0.0, 0.5, 78.79, 0.0, 66.33, 0.0, 41.62, 0.0, 1.01, 82.83, 0.0, 0.0, 63.82, 0.0, 0.0, 76.0, 0.0, 0.0, 66.0, 0.0, 0.0, 77.39, 0.51, 65.83, 0.0, 0.5, 76.38, 0.0, 0.5, 65.83, 0.0, 1.01, 75.76, 0.0, 62.0, 0.0, 0.51, 0.0, 78.39, 0.0, 64.97, 0.0, 1.52, 76.38, 0.51, 0.5, 64.82, 0.0, 0.0, 76.0, 0.0, 0.0, 65.15, 0.0, 0.0, 76.38, 0.0, 0.0, 64.32, 0.0, 0.0, 77.78, 0.0, 0.5, 64.32, 0.0, 0.0, 77.78, 0.0, 0.0, 63.32, 0.0, 0.51, 76.77, 0.0, 0.0, 65.66, 0.0, 0.0, 76.38, 0.0, 0.0, 66.67, 0.0]
w
[54.04, 61.11, 68.84, 57.58, 61.81, 60.0, 63.13, 59.8, 60.3, 59.3, 61.42, 59.8, 69.19, 58.29, 61.0, 64.32, 58.88, 66.33, 62.63, 59.2, 65.48, 57.79, 61.11, 58.08, 56.06, 62.63, 59.09, 57.07, 58.08, 55.78, 56.5, 54.27, 64.97, 59.09, 57.5, 61.31, 53.81, 59.3, 54.59, 66.16, 56.5, 55.05, 60.61, 54.77, 59.09, 50.25, 55.78, 46.46, 54.5, 59.09, 55.56, 57.07, 60.91, 54.77, 58.59, 58.29, 56.78, 57.07, 52.79, 62.5, 52.76, 54.55, 45.0, 37.19, 53.77, 61.31, 56.57, 49.5, 58.08, 50.25, 55.0, 52.02, 57.58, 53.77, 51.01, 54.77, 58.29, 50.75, 52.76, 58.29, 51.5, 54.77, 57.29, 52.26, 53.54, 58.29, 50.0, 57.29, 51.01, 54.55, 53.77, 50.5, 53.81, 54.77, 51.01, 52.26, 56.06, 48.5, 53.77, 55.28, 51.52, 50.5, 53.54, 47.74, 50.0, 48.74, 50.51, 48.24, 53.77, 47.21, 50.25, 50.25, 48.24, 50.51, 53.3, 47.74, 50.25, 52.26, 51.27, 48.99, 50.75, 47.74, 51.76, 52.0, 49.49, 50.0, 53.77, 47.98, 51.01, 52.02, 49.75, 47.74, 50.25, 46.73, 46.15, 52.76]
avgrqsz
[151.59, 177.89, 220.55, 167.59, 209.26, 180.1, 194.35, 194.86, 179.13, 184.65, 197.27, 180.52, 227.24, 172.6, 179.61, 225.47, 154.94, 228.97, 183.73, 172.41, 220.03, 179.9, 181.96, 193.64, 176.19, 228.51, 163.46, 178.03, 226.61, 183.03, 196.54, 182.68, 224.76, 162.47, 181.33, 223.32, 176.53, 184.25, 180.62, 222.62, 168.2, 171.6, 224.62, 181.1, 198.43, 181.44, 224.67, 161.32, 189.17, 208.24, 175.53, 186.86, 220.75, 182.13, 168.97, 190.18, 170.84, 228.32, 181.29, 227.01, 167.38, 179.14, 229.78, 160.54, 194.47, 222.5, 180.14, 178.72, 226.42, 172.18, 190.31, 177.24, 222.21, 170.89, 180.73, 184.04, 224.9, 178.19, 169.38, 220.02, 169.18, 189.34, 215.73, 181.93, 173.64, 221.68, 149.03, 223.73, 174.92, 226.08, 174.33, 179.96, 189.02, 225.44, 178.14, 176.79, 223.11, 169.17, 192.82, 229.46, 179.93, 174.19, 225.77, 173.13, 191.82, 175.61, 229.26, 167.91, 221.79, 172.09, 193.98, 202.59, 196.47, 161.74, 223.49, 167.36, 188.04, 224.06, 175.32, 167.43, 231.47, 166.24, 183.44, 226.89, 174.28, 171.94, 218.45, 174.79, 181.89, 220.72, 176.62, 173.57, 229.26, 169.64, 185.39, 229.1]
wMB
[6.26, 7.05, 7.9, 6.4, 7.34, 6.76, 6.99, 7.02, 6.63, 6.97, 7.08, 6.86, 8.18, 6.6, 6.75, 7.52, 6.44, 7.86, 7.29, 6.69, 7.47, 6.48, 7.08, 6.58, 6.38, 7.38, 6.32, 6.36, 6.82, 6.55, 6.62, 6.4, 7.57, 6.32, 6.5, 7.12, 6.16, 6.41, 6.43, 7.63, 6.27, 5.96, 7.03, 6.43, 6.8, 6.05, 6.5, 5.2, 6.32, 6.57, 6.31, 6.26, 7.0, 6.43, 6.24, 6.81, 5.95, 6.76, 6.28, 7.37, 5.95, 6.18, 5.33, 4.25, 6.2, 7.04, 6.57, 5.71, 6.81, 5.78, 6.17, 6.02, 6.63, 5.9, 6.05, 5.96, 6.79, 5.98, 5.73, 6.64, 5.77, 6.08, 6.4, 6.15, 5.9, 6.74, 5.45, 6.64, 5.9, 6.41, 5.94, 5.97, 6.08, 6.41, 5.97, 5.89, 6.49, 5.53, 6.1, 6.59, 6.07, 5.69, 6.23, 5.51, 5.72, 5.72, 5.99, 5.27, 6.15, 5.45, 5.8, 5.86, 5.78, 5.26, 6.2, 5.37, 5.58, 6.1, 5.9, 5.32, 6.13, 5.29, 5.62, 6.09, 5.71, 5.55, 6.11, 5.6, 5.51, 5.99, 5.76, 5.4, 5.96, 5.36, 5.19, 6.24]
rrqm
[2.53, 0.0, 0.0, 0.0, 0.0, 0.0, 0.0, 0.0, 0.0, 0.0, 0.0, 0.0, 0.0, 0.0, 0.0, 0.0, 0.0, 0.0, 0.0, 0.0, 0.0, 0.0, 0.0, 0.0, 0.0, 0.0, 0.0, 0.0, 0.0, 0.0, 0.0, 0.0, 0.0, 0.0, 0.0, 0.0, 0.0, 0.0, 0.0, 0.0, 0.0, 0.0, 0.0, 0.0, 0.0, 0.0, 0.0, 0.0, 0.0, 0.0, 0.0, 0.0, 0.0, 0.0, 0.0, 0.0, 0.0, 0.0, 0.0, 0.0, 0.0, 0.0, 0.0, 0.0, 0.0, 0.0, 0.0, 0.0, 0.0, 0.0, 0.0, 0.0, 0.0, 0.0, 0.0, 0.0, 0.0, 0.0, 0.0, 0.0, 0.0, 0.0, 0.0, 0.0, 0.0, 0.0, 0.0, 0.0, 0.0, 0.0, 0.0, 0.0, 0.0, 0.0, 0.0, 0.0, 0.0, 0.0, 0.0, 0.0, 0.0, 0.0, 0.0, 0.0, 0.0, 0.0, 0.0, 0.0, 0.0, 0.0, 0.0, 0.0, 0.0, 0.0, 0.0, 0.0, 0.0, 0.0, 0.0, 0.0, 0.0, 0.0, 0.0, 0.0, 0.0, 0.0, 0.0, 0.0, 0.0, 0.0, 0.0, 0.0, 0.0, 0.0, 0.0, 0.0]
w_await
[736.75, 1753.85, 1194.54, 1412.18, 941.46, 1204.8, 1881.95, 952.34, 1053.3, 1387.9, 807.11, 1662.05, 1087.09, 1338.45, 1221.64, 1565.22, 786.62, 1202.67, 1067.84, 1792.61, 1162.2, 997.84, 1369.32, 856.49, 1937.08, 1016.81, 1626.05, 1408.07, 1179.06, 1375.96, 879.26, 1726.74, 1286.97, 1481.81, 1324.87, 1490.92, 1163.89, 923.12, 1762.77, 1307.69, 1390.9, 1454.64, 1313.2, 1148.51, 929.26, 1557.04, 1644.4, 1882.74, 1639.12, 1007.18, 1458.87, 883.01, 1908.73, 953.91, 1269.86, 1889.21, 775.61, 1187.72, 1395.88, 1846.24, 1084.34, 1329.7, 1786.84, 1686.05, 1002.58, 1839.8, 956.54, 1246.34, 1977.7, 960.32, 958.51, 1786.21, 1540.88, 1077.5, 2023.25, 852.44, 1490.97, 1285.31, 1639.5, 1347.72, 1487.81, 906.72, 2029.44, 980.54, 1333.85, 1987.48, 901.36, 1035.86, 1590.46, 1734.33, 975.81, 1859.68, 850.0, 1650.35, 1270.18, 1639.73, 1402.99, 1537.65, 901.05, 2050.84, 951.92, 1410.93, 1901.47, 1193.39, 949.49, 2271.75, 1070.76, 1443.04, 1955.78, 1278.49, 972.76, 2375.2, 959.88, 1611.0, 1788.69, 1449.09, 965.96, 2128.15, 1061.86, 1773.73, 1526.97, 1661.89, 952.78, 1952.27, 1125.02, 1708.69, 1545.57, 1630.78, 995.49, 1933.55, 1227.84, 1771.41, 1411.16, 1813.25, 1005.91, 1656.15]
