91 datos recogidos

cpu data:

user
[36.32, 37.81, 35.18, 37.19, 32.0, 30.85, 36.5, 36.68, 36.5, 36.32, 37.5, 28.5, 37.69, 35.5, 34.83, 35.5, 37.0, 36.0, 37.5, 34.0, 35.0, 36.18, 38.5, 38.0, 35.5, 37.81, 35.18, 37.19, 41.29, 33.67, 34.83, 33.0, 37.19, 38.12, 35.5, 36.68, 35.82, 33.0, 38.5, 37.0, 33.17, 36.0, 34.0, 38.5, 34.0, 36.5, 37.0, 35.82, 40.0, 39.5, 34.67, 37.31, 38.19, 31.5, 41.79, 40.0, 38.19, 36.14, 37.69, 38.69, 37.5, 38.31, 38.19, 35.32, 40.0, 37.0, 40.0, 39.5, 35.18, 37.81, 34.17, 33.5, 38.5, 35.32, 36.18, 35.0, 40.0, 39.5, 34.17, 38.31, 36.36, 40.1, 35.18, 38.81, 35.68, 40.5, 32.84, 33.67, 38.0, 37.81, 37.5]
nice
[0.0, 0.0, 0.0, 0.0, 0.0, 0.0, 0.0, 0.0, 0.0, 0.0, 0.0, 0.0, 0.0, 0.0, 0.5, 0.0, 0.0, 0.0, 0.0, 0.0, 0.0, 0.0, 0.0, 0.0, 0.0, 0.0, 0.0, 0.0, 0.0, 0.0, 0.0, 0.0, 0.0, 0.0, 0.5, 0.0, 0.0, 0.0, 0.0, 0.0, 0.0, 0.0, 0.0, 0.0, 0.0, 0.0, 0.0, 0.0, 0.0, 0.0, 0.0, 0.0, 0.0, 0.0, 0.5, 0.0, 0.0, 0.0, 0.0, 0.0, 0.0, 0.0, 0.0, 0.0, 1.0, 0.0, 0.0, 0.0, 0.0, 0.0, 0.0, 0.0, 0.0, 0.0, 0.0, 0.0, 0.0, 0.0, 0.0, 0.0, 0.0, 0.0, 0.0, 0.0, 0.0, 0.0, 0.0, 0.0, 0.0, 0.0, 0.0]
system
[62.69, 62.19, 64.82, 62.81, 68.0, 68.66, 63.5, 63.32, 63.5, 63.68, 62.5, 71.5, 62.31, 64.0, 64.68, 64.5, 63.0, 64.0, 62.5, 66.0, 65.0, 62.81, 61.5, 62.0, 64.5, 62.19, 64.32, 62.81, 58.71, 64.32, 65.17, 67.0, 62.81, 61.88, 63.5, 63.32, 64.18, 63.5, 60.0, 63.0, 61.31, 64.0, 66.0, 61.5, 66.0, 62.5, 63.0, 64.18, 60.0, 60.5, 61.81, 61.69, 61.81, 64.5, 57.71, 60.0, 61.81, 63.86, 60.3, 61.31, 62.5, 61.69, 61.81, 60.2, 59.0, 63.0, 60.0, 60.5, 64.82, 62.19, 65.83, 62.0, 61.5, 64.68, 63.82, 65.0, 60.0, 60.5, 65.33, 61.69, 63.64, 59.9, 64.82, 61.19, 64.32, 58.5, 67.16, 66.33, 62.0, 61.19, 62.5]
iowait
[1.0, 0.0, 0.0, 0.0, 0.0, 0.5, 0.0, 0.0, 0.0, 0.0, 0.0, 0.0, 0.0, 0.5, 0.0, 0.0, 0.0, 0.0, 0.0, 0.0, 0.0, 1.01, 0.0, 0.0, 0.0, 0.0, 0.5, 0.0, 0.0, 2.01, 0.0, 0.0, 0.0, 0.0, 0.5, 0.0, 0.0, 3.5, 1.5, 0.0, 5.53, 0.0, 0.0, 0.0, 0.0, 1.0, 0.0, 0.0, 0.0, 0.0, 3.52, 1.0, 0.0, 4.0, 0.0, 0.0, 0.0, 0.0, 2.01, 0.0, 0.0, 0.0, 0.0, 4.48, 0.0, 0.0, 0.0, 0.0, 0.0, 0.0, 0.0, 4.5, 0.0, 0.0, 0.0, 0.0, 0.0, 0.0, 0.5, 0.0, 0.0, 0.0, 0.0, 0.0, 0.0, 1.0, 0.0, 0.0, 0.0, 1.0, 0.0]
steal
[0.0, 0.0, 0.0, 0.0, 0.0, 0.0, 0.0, 0.0, 0.0, 0.0, 0.0, 0.0, 0.0, 0.0, 0.0, 0.0, 0.0, 0.0, 0.0, 0.0, 0.0, 0.0, 0.0, 0.0, 0.0, 0.0, 0.0, 0.0, 0.0, 0.0, 0.0, 0.0, 0.0, 0.0, 0.0, 0.0, 0.0, 0.0, 0.0, 0.0, 0.0, 0.0, 0.0, 0.0, 0.0, 0.0, 0.0, 0.0, 0.0, 0.0, 0.0, 0.0, 0.0, 0.0, 0.0, 0.0, 0.0, 0.0, 0.0, 0.0, 0.0, 0.0, 0.0, 0.0, 0.0, 0.0, 0.0, 0.0, 0.0, 0.0, 0.0, 0.0, 0.0, 0.0, 0.0, 0.0, 0.0, 0.0, 0.0, 0.0, 0.0, 0.0, 0.0, 0.0, 0.0, 0.0, 0.0, 0.0, 0.0, 0.0, 0.0]
idle
[0.0, 0.0, 0.0, 0.0, 0.0, 0.0, 0.0, 0.0, 0.0, 0.0, 0.0, 0.0, 0.0, 0.0, 0.0, 0.0, 0.0, 0.0, 0.0, 0.0, 0.0, 0.0, 0.0, 0.0, 0.0, 0.0, 0.0, 0.0, 0.0, 0.0, 0.0, 0.0, 0.0, 0.0, 0.0, 0.0, 0.0, 0.0, 0.0, 0.0, 0.0, 0.0, 0.0, 0.0, 0.0, 0.0, 0.0, 0.0, 0.0, 0.0, 0.0, 0.0, 0.0, 0.0, 0.0, 0.0, 0.0, 0.0, 0.0, 0.0, 0.0, 0.0, 0.0, 0.0, 0.0, 0.0, 0.0, 0.0, 0.0, 0.0, 0.0, 0.0, 0.0, 0.0, 0.0, 0.0, 0.0, 0.0, 0.0, 0.0, 0.0, 0.0, 0.0, 0.0, 0.0, 0.0, 0.0, 0.0, 0.0, 0.0, 0.0]

sda data:

util
[26.07, 12.14, 32.56, 36.38, 16.0, 35.22, 27.8, 22.51, 34.4, 29.45, 28.2, 40.4, 17.89, 28.4, 34.83, 21.6, 29.2, 36.4, 21.6, 48.4, 16.6, 23.52, 39.2, 25.0, 28.8, 34.63, 23.12, 41.01, 22.09, 25.13, 31.24, 33.8, 43.62, 11.68, 36.8, 31.56, 29.25, 27.0, 31.6, 22.2, 44.42, 23.0, 24.2, 33.8, 36.4, 49.0, 12.4, 35.02, 37.0, 23.2, 41.21, 26.87, 24.92, 47.4, 23.48, 26.0, 34.17, 39.6, 49.25, 18.69, 35.4, 33.23, 28.14, 45.97, 25.8, 27.6, 45.8, 27.2, 39.2, 30.65, 41.61, 55.0, 22.8, 41.39, 36.18, 35.4, 51.2, 21.8, 35.38, 43.78, 32.73, 38.22, 39.2, 38.81, 43.82, 24.4, 42.99, 42.21, 44.8, 47.96, 24.8]
r_await
[6.4, 0.0, 0.0, 0.0, 0.0, 8.0, 0.0, 0.0, 44.0, 0.0, 0.0, 0.0, 0.0, 12.0, 0.0, 0.0, 0.0, 12.0, 0.0, 0.0, 0.0, 20.0, 0.0, 0.0, 0.0, 0.0, 16.0, 0.0, 0.0, 36.0, 0.0, 0.0, 0.0, 0.0, 12.0, 0.0, 0.0, 0.0, 24.0, 0.0, 54.0, 0.0, 0.0, 0.0, 0.0, 12.0, 0.0, 0.0, 0.0, 0.0, 12.0, 0.0, 0.0, 80.0, 0.0, 0.0, 0.0, 0.0, 40.0, 0.0, 0.0, 0.0, 0.0, 88.0, 0.0, 0.0, 0.0, 20.0, 0.0, 0.0, 0.0, 24.0, 0.0, 52.0, 0.0, 0.0, 0.0, 0.0, 16.0, 0.0, 0.0, 0.0, 76.0, 0.0, 0.0, 12.0, 0.0, 0.0, 0.0, 20.0, 0.0]
avgqusz
[23.02, 5.36, 14.67, 33.64, 6.36, 15.62, 27.42, 10.48, 15.5, 27.28, 13.85, 34.42, 7.14, 13.39, 30.6, 9.76, 19.65, 26.71, 9.66, 38.03, 6.64, 10.43, 31.63, 11.33, 18.59, 25.69, 10.4, 35.12, 10.03, 10.23, 31.18, 15.35, 34.8, 5.61, 15.94, 31.15, 14.65, 22.02, 18.97, 10.14, 34.7, 10.2, 10.67, 33.45, 17.04, 44.36, 6.05, 17.47, 31.56, 10.36, 28.65, 17.87, 10.02, 40.49, 11.29, 11.61, 32.12, 18.97, 38.95, 10.27, 14.99, 30.13, 11.26, 36.5, 12.87, 12.52, 38.52, 12.34, 17.92, 30.44, 19.6, 40.43, 10.38, 20.44, 31.54, 16.36, 42.4, 7.51, 15.73, 37.78, 15.44, 21.71, 30.59, 16.45, 35.54, 10.84, 20.16, 40.71, 18.87, 36.91, 11.78]
await
[221.92, 114.25, 100.32, 182.37, 189.94, 106.66, 232.41, 106.37, 105.43, 232.36, 94.26, 168.5, 212.73, 87.43, 238.95, 100.62, 89.92, 250.42, 99.55, 156.58, 200.57, 104.85, 191.13, 115.63, 90.88, 238.93, 105.63, 207.99, 103.94, 103.9, 252.73, 104.42, 206.1, 114.46, 106.97, 253.03, 99.05, 111.12, 246.08, 102.96, 203.72, 104.1, 108.32, 278.75, 116.73, 255.68, 123.43, 109.79, 258.59, 106.85, 117.94, 254.6, 108.33, 233.39, 112.15, 121.17, 264.15, 131.27, 224.7, 95.53, 141.95, 252.16, 114.91, 144.87, 252.16, 129.03, 222.04, 124.69, 120.88, 249.73, 132.24, 177.74, 125.99, 135.07, 255.33, 110.55, 169.2, 222.47, 106.84, 224.65, 101.15, 127.57, 257.45, 113.66, 218.27, 102.8, 142.99, 242.84, 130.38, 218.84, 120.16]
rMB
[0.02, 0.0, 0.0, 0.0, 0.0, 0.01, 0.0, 0.0, 0.02, 0.0, 0.0, 0.0, 0.0, 0.01, 0.0, 0.0, 0.0, 0.02, 0.0, 0.0, 0.0, 0.0, 0.0, 0.0, 0.0, 0.0, 0.02, 0.0, 0.0, 0.0, 0.0, 0.0, 0.0, 0.0, 0.02, 0.0, 0.0, 0.0, 0.01, 0.0, 0.11, 0.0, 0.0, 0.0, 0.0, 0.01, 0.0, 0.0, 0.0, 0.0, 0.02, 0.0, 0.0, 0.0, 0.0, 0.0, 0.0, 0.0, 0.02, 0.0, 0.0, 0.0, 0.0, 0.0, 0.0, 0.0, 0.0, 0.02, 0.0, 0.0, 0.0, 0.01, 0.0, 0.02, 0.0, 0.0, 0.0, 0.0, 0.01, 0.0, 0.0, 0.0, 0.02, 0.0, 0.0, 0.0, 0.0, 0.0, 0.0, 0.02, 0.0]
svctm
[2.57, 2.37, 2.23, 2.44, 2.39, 2.4, 2.36, 2.29, 2.34, 2.51, 2.27, 2.43, 2.42, 2.2, 2.55, 2.23, 2.15, 2.67, 2.23, 2.48, 2.35, 2.36, 2.37, 2.55, 2.24, 2.54, 2.35, 2.43, 2.29, 2.55, 2.53, 2.3, 2.58, 2.38, 2.47, 2.56, 2.32, 2.28, 2.59, 2.25, 2.61, 2.35, 2.46, 2.82, 2.49, 2.82, 2.53, 2.65, 2.77, 2.39, 2.8, 2.52, 2.25, 2.73, 2.52, 2.52, 2.81, 2.74, 2.84, 2.88, 2.74, 2.72, 2.87, 2.75, 2.58, 2.85, 2.64, 2.75, 2.64, 2.51, 2.81, 2.63, 2.44, 2.85, 2.7, 2.39, 2.6, 2.93, 2.4, 2.6, 2.36, 2.99, 2.69, 2.68, 2.69, 2.4, 2.99, 2.68, 2.73, 2.84, 2.53]
r
[2.49, 0.0, 0.0, 0.0, 0.0, 0.5, 0.0, 0.0, 0.5, 0.0, 0.0, 0.0, 0.0, 0.5, 0.0, 0.0, 0.0, 0.5, 0.0, 0.0, 0.0, 0.5, 0.0, 0.0, 0.0, 0.0, 1.01, 0.0, 0.0, 0.5, 0.0, 0.0, 0.0, 0.0, 1.0, 0.0, 0.0, 0.0, 1.0, 0.0, 2.01, 0.0, 0.0, 0.0, 0.0, 0.5, 0.0, 0.0, 0.0, 0.0, 1.01, 0.0, 0.0, 0.5, 0.0, 0.0, 0.0, 0.0, 1.01, 0.0, 0.0, 0.0, 0.0, 0.5, 0.0, 0.0, 0.0, 0.5, 0.0, 0.0, 0.0, 0.5, 0.0, 0.5, 0.0, 0.0, 0.0, 0.0, 0.5, 0.0, 0.0, 0.0, 0.5, 0.0, 0.0, 0.5, 0.0, 0.0, 0.0, 1.0, 0.0]
wrqm
[2956.72, 1478.11, 4484.92, 5029.15, 2042.5, 3886.07, 3594.0, 2988.94, 4461.5, 3552.74, 4462.0, 5068.5, 1494.97, 4462.5, 3552.74, 2975.0, 6377.0, 1746.5, 2975.0, 6469.5, 1487.0, 2988.44, 5004.0, 2974.0, 5936.0, 2061.69, 2989.95, 5044.72, 2960.2, 2989.45, 3669.65, 4461.0, 5134.17, 1471.78, 4460.0, 3722.11, 4438.81, 4952.5, 1606.0, 2973.5, 5063.82, 2974.0, 2973.5, 3554.5, 4462.0, 5149.0, 1487.0, 4438.81, 3615.0, 2975.0, 6503.02, 1540.8, 2989.95, 5164.5, 2959.7, 2973.0, 3691.46, 4417.82, 5186.43, 2989.45, 2973.0, 3613.43, 2989.45, 6553.23, 1487.0, 2975.0, 5198.5, 2973.5, 4482.91, 3696.52, 4482.91, 6490.0, 2975.0, 4438.31, 3626.13, 4460.0, 6677.0, 1485.5, 4484.42, 5111.44, 4507.58, 5881.19, 2129.15, 4440.3, 4846.73, 4461.5, 2958.21, 5254.27, 4460.5, 5050.25, 2974.0]
w
[99.0, 51.24, 146.23, 149.25, 67.0, 146.27, 118.0, 98.49, 146.5, 117.41, 124.0, 166.5, 73.87, 128.5, 136.82, 97.0, 135.5, 136.0, 97.0, 195.0, 70.5, 98.99, 165.5, 98.0, 128.5, 136.32, 97.49, 168.84, 96.52, 97.99, 123.38, 147.0, 168.84, 49.01, 148.0, 123.12, 125.87, 118.5, 121.0, 98.5, 168.34, 98.0, 98.5, 120.0, 146.0, 173.0, 49.0, 132.34, 133.5, 97.0, 146.23, 106.47, 110.55, 173.0, 93.03, 103.0, 121.61, 144.55, 172.36, 64.82, 129.0, 122.39, 97.99, 166.67, 100.0, 97.0, 173.5, 98.5, 148.24, 121.89, 148.24, 208.5, 93.5, 144.78, 134.17, 148.0, 197.0, 74.5, 146.73, 168.16, 138.38, 127.72, 145.23, 144.78, 162.81, 101.0, 143.78, 157.29, 164.0, 167.66, 98.0]
avgrqsz
[241.1, 238.91, 253.36, 250.69, 247.04, 249.17, 251.66, 250.78, 250.99, 250.07, 252.1, 250.04, 247.13, 252.43, 246.14, 253.36, 248.89, 245.19, 253.36, 248.64, 245.28, 248.32, 249.89, 250.78, 252.51, 246.28, 251.14, 247.02, 253.36, 250.86, 245.94, 250.78, 251.26, 248.24, 247.65, 249.86, 250.09, 250.19, 244.39, 249.5, 247.08, 250.78, 249.5, 244.97, 252.49, 245.49, 250.78, 253.8, 247.07, 253.36, 249.09, 248.37, 252.91, 246.16, 253.18, 247.38, 250.84, 252.49, 247.49, 251.47, 249.95, 249.59, 252.06, 249.86, 247.56, 253.36, 247.7, 248.57, 249.93, 250.61, 249.93, 249.8, 247.1, 249.48, 248.9, 249.08, 252.22, 238.71, 251.74, 251.17, 253.2, 253.86, 248.61, 253.36, 246.15, 251.03, 248.91, 249.97, 249.71, 247.72, 250.78]
wMB
[11.93, 5.98, 18.09, 18.27, 8.08, 17.85, 14.5, 12.06, 18.0, 14.34, 15.26, 20.33, 8.91, 15.89, 16.44, 12.0, 16.47, 16.33, 12.0, 23.67, 8.44, 12.06, 20.19, 12.0, 15.84, 16.39, 12.06, 20.37, 11.94, 12.06, 14.82, 18.0, 20.71, 5.94, 18.0, 15.02, 15.37, 14.48, 14.55, 12.0, 20.44, 12.0, 12.0, 14.35, 18.0, 20.79, 6.0, 16.4, 16.11, 12.0, 17.89, 12.91, 13.65, 20.85, 11.5, 12.44, 14.89, 17.82, 20.93, 7.96, 15.74, 14.92, 12.06, 20.39, 12.09, 12.0, 20.98, 12.0, 18.09, 14.92, 18.09, 25.48, 11.28, 17.68, 16.31, 18.0, 24.26, 8.68, 18.09, 20.62, 17.11, 15.83, 17.67, 17.91, 19.57, 12.44, 17.48, 19.2, 20.0, 20.38, 12.0]
rrqm
[1.49, 0.0, 0.0, 0.0, 0.0, 1.49, 0.0, 0.0, 3.5, 0.0, 0.0, 0.0, 0.0, 1.5, 0.0, 0.0, 0.0, 3.5, 0.0, 0.0, 0.0, 0.5, 0.0, 0.0, 0.0, 0.0, 3.52, 0.0, 0.0, 0.5, 0.0, 0.0, 0.0, 0.0, 3.5, 0.0, 0.0, 0.0, 1.0, 0.0, 27.14, 0.0, 0.0, 0.0, 0.0, 1.5, 0.0, 0.0, 0.0, 0.0, 3.52, 0.0, 0.0, 0.5, 0.0, 0.0, 0.0, 0.0, 3.52, 0.0, 0.0, 0.0, 0.0, 0.5, 0.0, 0.0, 0.0, 3.5, 0.0, 0.0, 0.0, 1.5, 0.0, 3.48, 0.0, 0.0, 0.0, 0.0, 1.51, 0.0, 0.0, 0.0, 3.52, 0.0, 0.0, 0.5, 0.0, 0.0, 0.0, 3.48, 0.0]
w_await
[227.34, 114.25, 100.32, 182.37, 189.94, 106.99, 232.41, 106.37, 105.64, 232.36, 94.26, 168.5, 212.73, 87.72, 238.95, 100.62, 89.92, 251.29, 99.55, 156.58, 200.57, 105.28, 191.13, 115.63, 90.88, 238.93, 106.56, 207.99, 103.94, 104.25, 252.73, 104.42, 206.1, 114.46, 107.61, 253.03, 99.05, 111.12, 247.92, 102.96, 205.5, 104.1, 108.32, 278.75, 116.73, 256.38, 123.43, 109.79, 258.59, 106.85, 118.67, 254.6, 108.33, 233.84, 112.15, 121.17, 264.15, 131.27, 225.77, 95.53, 141.95, 252.16, 114.91, 145.04, 252.16, 129.03, 222.04, 125.22, 120.88, 249.73, 132.24, 178.11, 125.99, 135.35, 255.33, 110.55, 169.2, 222.47, 107.15, 224.65, 101.15, 127.57, 258.08, 113.66, 218.27, 103.25, 142.99, 242.84, 130.38, 220.02, 120.16]
