9 datos recogidos

cpu data:

user
[1.7, 0.61, 1.16, 1.21, 0.0, 1.16, 0.0, 0.65, 0.0]
nice
[0.0, 0.0, 0.0, 0.61, 0.0, 0.0, 0.0, 0.0, 0.0]
system
[50.57, 42.42, 41.62, 45.45, 45.68, 39.53, 42.5, 32.9, 51.18]
iowait
[47.73, 56.97, 57.23, 52.73, 54.32, 59.3, 57.5, 66.45, 48.82]
steal
[0.0, 0.0, 0.0, 0.0, 0.0, 0.0, 0.0, 0.0, 0.0]
idle
[0.0, 0.0, 0.0, 0.0, 0.0, 0.0, 0.0, 0.0, 0.0]

sda data:

util
[98.41, 121.21, 115.61, 121.21, 123.46, 116.28, 125.0, 125.94, 117.65]
r_await
[0.0, 0.0, 0.0, 0.0, 0.0, 0.0, 52.0, 0.0, 0.0]
avgqusz
[130.04, 169.01, 143.83, 172.04, 174.9, 145.12, 173.6, 158.73, 168.19]
await
[259.44, 300.81, 276.78, 301.75, 300.0, 301.85, 312.76, 279.41, 307.58]
rMB
[0.0, 0.0, 0.0, 0.0, 0.0, 0.0, 0.0, 0.0, 0.0]
svctm
[2.16, 2.16, 2.23, 2.16, 2.16, 2.35, 2.2, 2.23, 2.16]
r
[0.0, 0.0, 0.0, 0.0, 0.0, 0.0, 1.25, 0.0, 0.0]
wrqm
[0.0, 0.0, 5.78, 0.61, 0.0, 4.07, 0.62, 4.52, 0.59]
w
[456.25, 560.61, 517.92, 561.21, 570.99, 494.19, 566.25, 563.87, 544.12]
avgrqsz
[256.0, 256.0, 255.54, 256.0, 256.0, 254.32, 255.19, 255.5, 256.0]
wMB
[57.03, 70.08, 64.62, 70.15, 71.37, 61.37, 70.71, 70.35, 68.01]
rrqm
[0.0, 0.0, 0.0, 0.0, 0.0, 0.0, 0.0, 0.0, 0.0]
w_await
[259.44, 300.81, 276.78, 301.75, 300.0, 301.85, 313.33, 279.41, 307.58]
