sdc data:
41 datos recogidos
util
[5.97, 0.0, 33.6, 18.4, 35.2, 71.2, 0.0, 2.01, 18.6, 34.6, 17.4, 69.4, 0.0, 16.8, 67.94, 0.0, 20.4, 72.56, 0.0, 17.4, 67.74, 0.0, 16.72, 67.2, 0.0, 21.4, 62.8, 0.0, 31.84, 53.27, 0.0, 35.98, 46.83, 0.0, 49.85, 34.2, 0.0, 57.49, 28.66, 0.0, 59.7]
r_await
[49.33, 0.0, 68.0, 0.0, 0.0, 0.0, 0.0, 40.0, 0.0, 0.0, 0.0, 68.0, 0.0, 0.0, 0.0, 0.0, 0.0, 0.0, 0.0, 0.0, 60.0, 0.0, 0.0, 0.0, 0.0, 0.0, 0.0, 0.0, 0.0, 24.0, 0.0, 0.0, 0.0, 0.0, 0.0, 0.0, 0.0, 0.0, 32.0, 0.0, 0.0]
avgqusz
[0.06, 0.0, 24.11, 6.61, 12.89, 79.94, 0.0, 0.02, 6.16, 12.72, 6.3, 76.42, 0.0, 6.19, 74.5, 0.0, 6.92, 81.51, 0.0, 6.1, 73.79, 0.0, 6.0, 74.04, 0.0, 12.35, 67.87, 0.0, 27.77, 52.42, 0.0, 34.09, 44.31, 0.0, 53.41, 26.78, 0.0, 63.64, 17.22, 0.0, 66.45]
await
[49.33, 0.0, 349.48, 191.59, 186.75, 524.21, 0.0, 40.0, 175.89, 184.29, 182.72, 527.06, 0.0, 177.03, 513.01, 0.0, 197.71, 535.34, 0.0, 174.29, 504.62, 0.0, 172.17, 512.37, 0.0, 148.97, 546.16, 0.0, 168.0, 590.6, 0.0, 189.76, 619.2, 0.0, 282.88, 658.94, 0.0, 345.16, 640.84, 0.0, 353.16]
rMB
[0.01, 0.0, 0.01, 0.0, 0.0, 0.0, 0.0, 0.0, 0.0, 0.0, 0.0, 0.01, 0.0, 0.0, 0.0, 0.0, 0.0, 0.0, 0.0, 0.0, 0.01, 0.0, 0.0, 0.0, 0.0, 0.0, 0.0, 0.0, 0.0, 0.01, 0.0, 0.0, 0.0, 0.0, 0.0, 0.0, 0.0, 0.0, 0.01, 0.0, 0.0]
svctm
[40.0, 0.0, 4.87, 5.33, 5.1, 4.67, 0.0, 40.0, 5.31, 5.01, 5.04, 4.79, 0.0, 4.8, 4.68, 0.0, 5.83, 4.77, 0.0, 4.97, 4.63, 0.0, 4.8, 4.65, 0.0, 4.92, 4.65, 0.0, 5.04, 4.51, 0.0, 4.77, 4.52, 0.0, 4.86, 4.41, 0.0, 4.83, 4.65, 0.0, 4.78]
r
[1.49, 0.0, 0.5, 0.0, 0.0, 0.0, 0.0, 0.5, 0.0, 0.0, 0.0, 0.5, 0.0, 0.0, 0.0, 0.0, 0.0, 0.0, 0.0, 0.0, 0.5, 0.0, 0.0, 0.0, 0.0, 0.0, 0.0, 0.0, 0.0, 0.5, 0.0, 0.0, 0.0, 0.0, 0.0, 0.0, 0.0, 0.0, 0.5, 0.0, 0.0]
wrqm
[0.0, 0.0, 1979.5, 989.5, 1979.0, 4348.0, 0.0, 0.0, 989.0, 1979.0, 989.5, 4107.5, 0.0, 989.0, 4153.27, 0.0, 989.0, 4353.27, 0.0, 989.0, 4159.3, 0.0, 984.08, 4120.0, 0.0, 3323.5, 1756.5, 0.0, 3768.66, 1364.32, 0.0, 4243.72, 857.79, 0.0, 5143.72, 0.0, 0.0, 5151.76, 0.0, 499.49, 4590.55]
w
[0.0, 0.0, 68.5, 34.5, 69.0, 152.5, 0.0, 0.0, 35.0, 69.0, 34.5, 144.5, 0.0, 35.0, 145.23, 0.0, 35.0, 152.26, 0.0, 35.0, 145.73, 0.0, 34.83, 144.5, 0.0, 43.5, 135.0, 0.0, 63.18, 117.59, 0.0, 75.38, 103.52, 0.0, 102.51, 77.5, 0.0, 119.1, 61.19, 0.0, 124.88]
avgrqsz
[10.67, 0.0, 237.62, 237.45, 237.45, 236.09, 0.0, 8.0, 234.06, 237.45, 237.45, 234.7, 0.0, 234.06, 236.79, 0.0, 234.06, 236.73, 0.0, 234.06, 235.66, 0.0, 234.06, 236.1, 0.0, 235.22, 235.82, 0.0, 236.72, 234.79, 0.0, 237.23, 235.34, 0.0, 237.96, 233.65, 0.0, 238.24, 229.55, 0.0, 238.34]
wMB
[0.0, 0.0, 8.0, 4.0, 8.0, 17.58, 0.0, 0.0, 4.0, 8.0, 4.0, 16.61, 0.0, 4.0, 16.79, 0.0, 4.0, 17.6, 0.0, 4.0, 16.82, 0.0, 3.98, 16.66, 0.0, 5.0, 15.54, 0.0, 7.3, 13.53, 0.0, 8.73, 11.9, 0.0, 11.91, 8.84, 0.0, 13.85, 6.91, 0.0, 14.53]
rrqm
[0.5, 0.0, 1.0, 0.0, 0.0, 0.0, 0.0, 0.0, 0.0, 0.0, 0.0, 1.5, 0.0, 0.0, 0.0, 0.0, 0.0, 0.0, 0.0, 0.0, 2.01, 0.0, 0.0, 0.0, 0.0, 0.0, 0.0, 0.0, 0.0, 1.51, 0.0, 0.0, 0.0, 0.0, 0.0, 0.0, 0.0, 0.0, 1.49, 0.0, 0.0]
w_await
[0.0, 0.0, 351.53, 191.59, 186.75, 524.21, 0.0, 0.0, 175.89, 184.29, 182.72, 528.65, 0.0, 177.03, 513.01, 0.0, 197.71, 535.34, 0.0, 174.29, 506.15, 0.0, 172.17, 512.37, 0.0, 148.97, 546.16, 0.0, 168.0, 593.03, 0.0, 189.76, 619.2, 0.0, 282.88, 658.94, 0.0, 345.16, 645.79, 0.0, 353.16]
