169 datos recogidos

cpu data:

user
[0.0, 0.5, 0.5, 0.0, 0.5, 0.0, 0.0, 0.0, 0.5, 0.0, 0.0, 1.0, 0.0, 0.0, 0.0, 0.0, 0.51, 0.0, 0.0, 0.0, 0.0, 0.0, 0.0, 0.0, 0.0, 0.0, 0.5, 0.0, 0.0, 0.0, 0.0, 0.0, 0.0, 0.0, 0.0, 0.0, 0.0, 0.0, 0.0, 0.0, 0.0, 0.0, 0.0, 0.0, 0.0, 0.0, 0.5, 0.0, 0.0, 0.0, 0.0, 0.0, 0.0, 0.0, 0.5, 0.0, 0.0, 0.0, 0.0, 0.0, 0.0, 0.0, 0.0, 0.0, 0.0, 0.0, 0.0, 0.0, 0.0, 0.0, 0.0, 0.0, 0.0, 0.0, 0.5, 0.0, 0.51, 0.0, 0.0, 0.0, 0.0, 0.5, 0.0, 0.5, 0.0, 0.0, 0.0, 0.0, 0.0, 0.0, 0.0, 0.0, 0.0, 0.0, 0.51, 0.0, 0.0, 0.0, 0.0, 0.51, 0.0, 0.0, 0.0, 0.0, 0.0, 0.0, 0.0, 0.0, 0.0, 0.0, 0.0, 0.5, 0.0, 0.0, 0.0, 0.0, 0.0, 0.5, 0.0, 0.0, 0.0, 0.5, 0.0, 0.0, 0.0, 0.0, 0.0, 0.5, 0.0, 0.0, 0.0, 0.5, 0.51, 0.0, 0.0, 0.0, 0.5, 0.0, 0.0, 0.0, 0.51, 0.0, 0.0, 0.0, 0.0, 0.0, 0.5, 0.0, 0.0, 0.5, 0.0, 0.0, 0.0, 0.0, 0.5, 0.0, 0.0, 0.0, 0.5, 0.0, 0.0, 0.0, 0.0, 0.0, 0.0, 0.0, 1.02, 0.0, 0.0]
nice
[0.5, 0.0, 0.0, 0.0, 0.0, 0.0, 0.0, 0.0, 0.0, 0.0, 0.0, 0.0, 0.0, 0.0, 0.0, 0.0, 0.0, 0.0, 0.0, 0.0, 0.0, 0.0, 0.0, 0.0, 0.0, 0.0, 0.0, 0.0, 0.0, 0.0, 0.5, 0.0, 0.0, 0.0, 0.0, 0.0, 0.0, 0.0, 0.0, 0.0, 0.0, 0.0, 0.0, 0.0, 0.0, 0.0, 0.0, 0.0, 0.0, 0.0, 0.5, 0.0, 0.0, 0.0, 0.0, 0.0, 0.0, 0.0, 0.0, 0.0, 0.0, 0.0, 0.0, 0.0, 0.0, 0.0, 0.0, 0.0, 0.0, 0.0, 0.5, 0.0, 0.0, 0.0, 0.0, 0.0, 0.0, 0.0, 0.0, 0.0, 0.5, 0.0, 0.0, 0.0, 0.0, 0.0, 0.0, 0.0, 0.0, 0.0, 0.5, 0.0, 0.0, 0.0, 0.0, 0.0, 0.0, 0.0, 0.0, 0.0, 0.0, 0.0, 0.0, 0.0, 0.0, 0.0, 0.0, 0.0, 0.0, 0.0, 0.51, 0.0, 0.0, 0.0, 0.0, 0.0, 0.0, 0.0, 0.0, 0.0, 0.0, 0.0, 0.0, 0.0, 0.0, 0.0, 0.0, 0.0, 0.0, 0.0, 0.5, 0.0, 0.0, 0.0, 0.0, 0.0, 0.0, 0.0, 0.0, 0.0, 0.0, 0.0, 0.0, 0.0, 0.0, 0.0, 0.0, 0.0, 0.0, 0.0, 0.5, 0.0, 0.0, 0.0, 0.0, 0.0, 0.0, 0.0, 0.0, 0.0, 0.5, 0.0, 0.0, 0.0, 0.0, 0.0, 0.0, 0.0, 0.0]
system
[12.06, 6.03, 3.52, 2.01, 7.54, 2.0, 8.08, 1.01, 1.5, 7.58, 6.57, 2.99, 2.53, 1.01, 8.08, 5.97, 1.01, 7.46, 0.51, 7.07, 6.03, 1.01, 1.01, 9.5, 5.05, 2.01, 8.04, 1.01, 6.0, 1.01, 8.5, 0.51, 6.06, 1.01, 8.54, 1.51, 6.03, 1.01, 8.08, 1.01, 6.06, 6.5, 1.01, 0.51, 7.58, 3.54, 3.52, 1.5, 7.58, 1.01, 6.0, 1.01, 8.54, 1.01, 5.53, 1.5, 8.54, 0.51, 6.03, 1.01, 9.05, 1.01, 6.03, 7.0, 2.02, 8.59, 6.57, 8.59, 8.04, 6.03, 2.5, 8.63, 7.04, 8.12, 6.53, 6.06, 2.02, 9.6, 7.04, 8.16, 8.0, 1.51, 9.05, 6.53, 8.12, 5.05, 4.02, 5.56, 9.55, 7.07, 2.01, 8.63, 7.54, 9.05, 6.57, 2.01, 9.5, 7.07, 4.55, 7.58, 5.03, 9.05, 3.54, 8.54, 4.5, 9.0, 4.55, 8.12, 3.52, 11.11, 1.52, 10.05, 2.01, 10.61, 1.02, 11.06, 1.52, 10.05, 1.52, 9.6, 2.02, 8.5, 4.04, 8.04, 4.02, 8.08, 3.55, 8.96, 3.05, 8.04, 4.02, 8.5, 3.54, 5.0, 7.58, 1.52, 11.5, 1.52, 10.55, 2.01, 10.1, 2.0, 10.15, 1.02, 10.05, 6.57, 1.5, 8.63, 6.53, 7.54, 3.52, 6.53, 9.55, 6.06, 2.5, 9.5, 6.06, 1.52, 9.5, 6.06, 9.5, 4.04, 4.04, 10.5, 6.53, 2.02, 8.12, 6.5, 2.03]
iowait
[87.44, 93.47, 95.98, 97.99, 91.96, 98.0, 91.92, 98.99, 98.0, 92.42, 93.43, 96.02, 97.47, 98.99, 91.92, 94.03, 98.48, 92.54, 99.49, 92.93, 93.97, 98.99, 98.99, 90.5, 94.95, 97.99, 91.46, 98.99, 94.0, 98.99, 91.0, 99.49, 93.94, 98.99, 91.46, 98.49, 93.97, 98.99, 91.92, 98.99, 93.94, 93.5, 98.99, 99.49, 92.42, 96.46, 95.98, 98.5, 92.42, 98.99, 93.5, 98.99, 91.46, 98.99, 93.97, 98.5, 91.46, 99.49, 93.97, 98.99, 90.95, 98.99, 93.97, 93.0, 97.98, 91.41, 93.43, 91.41, 91.96, 93.97, 97.0, 91.37, 92.96, 91.88, 92.96, 93.94, 97.47, 90.4, 92.96, 91.84, 91.5, 97.99, 90.95, 92.96, 91.88, 94.95, 95.98, 94.44, 90.45, 92.93, 97.49, 91.37, 92.46, 90.95, 92.93, 97.99, 90.5, 92.93, 95.45, 91.92, 94.97, 90.95, 96.46, 91.46, 95.5, 91.0, 95.45, 91.88, 96.48, 88.89, 97.98, 89.45, 97.99, 89.39, 98.98, 88.94, 98.48, 89.45, 98.48, 90.4, 97.98, 91.0, 95.96, 91.96, 95.98, 91.92, 96.45, 90.55, 96.95, 91.96, 95.48, 91.0, 95.96, 95.0, 92.42, 98.48, 88.0, 98.48, 89.45, 97.99, 89.39, 98.0, 89.85, 98.98, 89.95, 93.43, 98.0, 91.37, 93.47, 91.96, 95.98, 93.47, 90.45, 93.94, 97.0, 90.5, 93.94, 98.48, 90.0, 93.94, 90.0, 95.96, 95.96, 89.5, 93.47, 97.98, 90.86, 93.5, 97.97]
steal
[0.0, 0.0, 0.0, 0.0, 0.0, 0.0, 0.0, 0.0, 0.0, 0.0, 0.0, 0.0, 0.0, 0.0, 0.0, 0.0, 0.0, 0.0, 0.0, 0.0, 0.0, 0.0, 0.0, 0.0, 0.0, 0.0, 0.0, 0.0, 0.0, 0.0, 0.0, 0.0, 0.0, 0.0, 0.0, 0.0, 0.0, 0.0, 0.0, 0.0, 0.0, 0.0, 0.0, 0.0, 0.0, 0.0, 0.0, 0.0, 0.0, 0.0, 0.0, 0.0, 0.0, 0.0, 0.0, 0.0, 0.0, 0.0, 0.0, 0.0, 0.0, 0.0, 0.0, 0.0, 0.0, 0.0, 0.0, 0.0, 0.0, 0.0, 0.0, 0.0, 0.0, 0.0, 0.0, 0.0, 0.0, 0.0, 0.0, 0.0, 0.0, 0.0, 0.0, 0.0, 0.0, 0.0, 0.0, 0.0, 0.0, 0.0, 0.0, 0.0, 0.0, 0.0, 0.0, 0.0, 0.0, 0.0, 0.0, 0.0, 0.0, 0.0, 0.0, 0.0, 0.0, 0.0, 0.0, 0.0, 0.0, 0.0, 0.0, 0.0, 0.0, 0.0, 0.0, 0.0, 0.0, 0.0, 0.0, 0.0, 0.0, 0.0, 0.0, 0.0, 0.0, 0.0, 0.0, 0.0, 0.0, 0.0, 0.0, 0.0, 0.0, 0.0, 0.0, 0.0, 0.0, 0.0, 0.0, 0.0, 0.0, 0.0, 0.0, 0.0, 0.0, 0.0, 0.0, 0.0, 0.0, 0.0, 0.0, 0.0, 0.0, 0.0, 0.0, 0.0, 0.0, 0.0, 0.0, 0.0, 0.0, 0.0, 0.0, 0.0, 0.0, 0.0, 0.0, 0.0, 0.0]
idle
[0.0, 0.0, 0.0, 0.0, 0.0, 0.0, 0.0, 0.0, 0.0, 0.0, 0.0, 0.0, 0.0, 0.0, 0.0, 0.0, 0.0, 0.0, 0.0, 0.0, 0.0, 0.0, 0.0, 0.0, 0.0, 0.0, 0.0, 0.0, 0.0, 0.0, 0.0, 0.0, 0.0, 0.0, 0.0, 0.0, 0.0, 0.0, 0.0, 0.0, 0.0, 0.0, 0.0, 0.0, 0.0, 0.0, 0.0, 0.0, 0.0, 0.0, 0.0, 0.0, 0.0, 0.0, 0.0, 0.0, 0.0, 0.0, 0.0, 0.0, 0.0, 0.0, 0.0, 0.0, 0.0, 0.0, 0.0, 0.0, 0.0, 0.0, 0.0, 0.0, 0.0, 0.0, 0.0, 0.0, 0.0, 0.0, 0.0, 0.0, 0.0, 0.0, 0.0, 0.0, 0.0, 0.0, 0.0, 0.0, 0.0, 0.0, 0.0, 0.0, 0.0, 0.0, 0.0, 0.0, 0.0, 0.0, 0.0, 0.0, 0.0, 0.0, 0.0, 0.0, 0.0, 0.0, 0.0, 0.0, 0.0, 0.0, 0.0, 0.0, 0.0, 0.0, 0.0, 0.0, 0.0, 0.0, 0.0, 0.0, 0.0, 0.0, 0.0, 0.0, 0.0, 0.0, 0.0, 0.0, 0.0, 0.0, 0.0, 0.0, 0.0, 0.0, 0.0, 0.0, 0.0, 0.0, 0.0, 0.0, 0.0, 0.0, 0.0, 0.0, 0.0, 0.0, 0.0, 0.0, 0.0, 0.0, 0.0, 0.0, 0.0, 0.0, 0.0, 0.0, 0.0, 0.0, 0.0, 0.0, 0.0, 0.0, 0.0, 0.0, 0.0, 0.0, 0.0, 0.0, 0.0]

sda data:

util
[90.65, 96.08, 98.49, 100.5, 94.47, 100.0, 93.94, 100.5, 100.0, 94.95, 96.16, 97.71, 99.39, 100.5, 94.55, 95.92, 101.01, 94.53, 101.52, 94.14, 96.68, 101.01, 100.5, 93.6, 96.77, 100.5, 93.67, 101.01, 96.4, 101.01, 93.8, 101.01, 96.36, 100.5, 93.27, 100.5, 96.48, 100.5, 94.55, 100.5, 96.97, 96.0, 101.01, 101.01, 94.75, 98.59, 98.49, 100.0, 94.34, 101.01, 96.0, 100.5, 93.47, 101.01, 96.28, 100.0, 94.27, 101.01, 96.48, 101.01, 93.87, 100.5, 96.28, 95.8, 101.01, 94.14, 96.57, 95.15, 96.28, 96.88, 100.0, 94.62, 95.68, 95.03, 96.68, 97.58, 101.01, 93.94, 96.48, 95.51, 94.8, 100.5, 94.47, 96.68, 95.63, 97.37, 99.3, 97.58, 93.47, 96.16, 100.5, 94.42, 96.08, 93.67, 96.36, 100.5, 93.6, 95.96, 97.58, 95.35, 98.09, 93.47, 99.6, 94.87, 97.6, 93.6, 98.79, 94.42, 99.1, 91.92, 101.01, 91.86, 100.5, 92.32, 101.52, 90.45, 101.01, 92.86, 101.01, 93.13, 100.61, 93.6, 98.99, 93.87, 98.69, 94.95, 99.7, 92.94, 99.7, 93.67, 99.1, 94.2, 98.99, 97.2, 94.95, 101.52, 91.4, 101.01, 91.86, 100.5, 92.53, 100.0, 91.98, 101.52, 92.66, 96.57, 100.0, 94.01, 96.28, 94.67, 98.89, 96.48, 92.66, 97.58, 100.0, 92.8, 97.37, 101.01, 93.4, 96.77, 91.8, 98.59, 98.99, 93.0, 96.48, 101.01, 94.62, 96.4, 98.88]
r_await
[28.15, 56.12, 116.71, 269.0, 42.15, 296.0, 35.47, 319.43, 282.86, 42.05, 55.12, 124.44, 148.33, 310.0, 48.92, 76.8, 315.33, 57.5, 330.0, 53.67, 69.52, 313.33, 317.33, 49.21, 56.14, 304.0, 43.24, 318.0, 65.47, 314.0, 45.05, 325.33, 65.86, 333.33, 45.71, 301.71, 65.57, 350.4, 47.41, 345.33, 61.1, 74.57, 346.4, 328.0, 48.0, 101.6, 123.71, 344.67, 41.2, 354.0, 63.43, 334.67, 46.57, 344.67, 59.31, 339.33, 42.93, 346.67, 65.1, 331.33, 47.05, 349.6, 66.0, 64.28, 213.2, 37.51, 60.9, 42.43, 58.97, 57.5, 202.8, 37.09, 63.88, 41.87, 58.38, 57.25, 211.56, 40.18, 60.73, 40.0, 59.38, 209.33, 41.69, 59.38, 43.73, 68.29, 145.23, 56.9, 41.51, 58.42, 197.6, 40.87, 59.1, 40.78, 60.39, 210.22, 41.33, 50.59, 76.16, 50.6, 78.61, 43.72, 101.33, 48.1, 98.0, 44.0, 93.33, 45.86, 109.75, 36.15, 211.11, 36.55, 210.22, 37.23, 212.0, 33.12, 234.22, 35.14, 229.0, 40.24, 199.11, 43.9, 102.4, 44.9, 99.58, 45.9, 106.4, 42.24, 103.33, 44.9, 103.58, 46.95, 100.63, 95.62, 42.97, 226.22, 34.82, 228.89, 34.43, 216.44, 36.8, 223.0, 36.0, 222.22, 39.23, 60.93, 218.22, 41.64, 62.38, 51.67, 101.68, 61.14, 40.09, 63.88, 215.56, 39.82, 61.38, 219.11, 39.44, 62.62, 38.45, 89.74, 105.88, 41.64, 59.38, 222.22, 41.27, 61.68, 141.14]
avgqusz
[103.54, 39.55, 95.68, 95.76, 82.95, 59.48, 52.48, 134.56, 50.75, 112.18, 42.57, 27.08, 131.54, 77.9, 55.84, 76.25, 88.03, 83.58, 81.31, 79.47, 49.75, 140.59, 62.95, 83.25, 67.81, 130.46, 49.26, 87.64, 92.33, 111.55, 56.61, 66.61, 115.81, 92.01, 67.02, 65.07, 119.62, 103.4, 57.73, 76.25, 82.45, 45.38, 145.31, 80.39, 78.02, 42.48, 141.31, 82.55, 73.74, 54.64, 126.08, 93.1, 61.86, 59.24, 118.18, 104.39, 58.84, 73.66, 102.52, 122.45, 38.87, 94.71, 68.09, 58.2, 124.62, 66.58, 86.36, 69.24, 70.32, 74.1, 118.7, 69.37, 85.5, 69.05, 68.13, 76.23, 122.16, 66.73, 91.1, 68.35, 68.59, 125.15, 66.55, 83.75, 65.6, 69.61, 71.64, 120.98, 68.37, 81.49, 91.2, 67.89, 116.04, 67.76, 78.18, 91.25, 88.77, 42.73, 106.85, 34.53, 106.96, 41.98, 108.59, 35.21, 112.04, 33.38, 117.39, 32.28, 117.32, 34.28, 112.62, 33.04, 110.77, 41.64, 108.66, 38.66, 114.86, 32.64, 117.93, 29.22, 125.54, 35.9, 110.05, 40.37, 105.74, 44.95, 102.4, 48.66, 100.24, 50.39, 94.18, 59.73, 88.64, 67.27, 78.92, 80.62, 63.05, 96.93, 46.0, 106.46, 44.18, 107.8, 36.19, 116.21, 46.62, 67.26, 105.74, 66.63, 90.31, 64.92, 78.39, 126.68, 62.2, 72.57, 118.23, 70.05, 80.83, 90.44, 70.33, 102.44, 60.98, 66.32, 127.74, 63.93, 79.8, 98.73, 71.5, 96.21, 66.7]
await
[580.86, 1334.64, 631.96, 1817.3, 1173.77, 1913.72, 532.55, 1062.39, 2815.77, 707.13, 1633.43, 630.75, 734.45, 2413.56, 1105.81, 938.78, 1772.5, 1208.82, 1915.29, 1089.9, 1537.38, 1071.17, 2609.66, 749.96, 1245.7, 1550.69, 1801.66, 1100.57, 1052.3, 1926.11, 1523.33, 1469.05, 894.58, 2260.24, 1288.93, 1767.41, 929.08, 2359.38, 1639.51, 1520.57, 1056.68, 1700.74, 1009.0, 2572.93, 1095.06, 1795.89, 875.96, 2541.96, 1224.13, 1942.79, 859.89, 2316.8, 1392.94, 1707.32, 876.03, 2271.18, 1618.27, 1489.38, 1073.54, 2016.04, 2182.45, 1020.25, 1194.32, 1234.86, 1080.74, 927.5, 775.62, 1238.82, 755.18, 776.13, 1003.05, 868.31, 833.99, 1220.8, 773.53, 767.05, 989.95, 917.63, 769.11, 1218.89, 815.63, 967.5, 917.2, 795.88, 1246.39, 819.3, 872.79, 795.31, 972.77, 813.56, 1464.05, 730.67, 795.61, 1029.0, 790.18, 1418.33, 742.04, 898.93, 763.78, 966.68, 570.91, 1120.92, 699.21, 1041.78, 778.46, 1017.07, 768.59, 1010.44, 856.53, 853.62, 980.28, 797.78, 984.48, 713.7, 1070.31, 748.71, 1066.69, 906.66, 991.75, 916.3, 896.7, 1183.6, 733.13, 1111.4, 664.26, 1229.81, 610.48, 1229.48, 588.56, 1312.45, 536.67, 1389.85, 470.35, 1530.01, 368.17, 1576.93, 441.81, 1366.68, 711.38, 1126.75, 744.59, 1168.16, 776.83, 1023.89, 806.9, 864.46, 1097.8, 916.14, 795.34, 1402.79, 880.55, 771.82, 1273.27, 872.88, 1158.24, 939.48, 889.45, 1508.82, 764.28, 805.27, 1304.93, 956.38, 888.1, 1013.94, 796.0, 1512.62, 785.98, 821.38, 1791.5]
rMB
[0.01, 0.01, 0.0, 0.0, 0.01, 0.0, 0.01, 0.0, 0.0, 0.01, 0.01, 0.0, 0.0, 0.0, 0.01, 0.01, 0.0, 0.01, 0.0, 0.01, 0.01, 0.0, 0.0, 0.01, 0.01, 0.0, 0.01, 0.0, 0.01, 0.0, 0.01, 0.0, 0.01, 0.0, 0.01, 0.0, 0.01, 0.0, 0.01, 0.0, 0.01, 0.01, 0.0, 0.0, 0.01, 0.0, 0.0, 0.0, 0.01, 0.0, 0.01, 0.0, 0.01, 0.0, 0.01, 0.0, 0.01, 0.0, 0.01, 0.0, 0.01, 0.0, 0.01, 0.01, 0.0, 0.01, 0.01, 0.01, 0.01, 0.01, 0.0, 0.01, 0.01, 0.01, 0.01, 0.01, 0.0, 0.01, 0.01, 0.01, 0.01, 0.0, 0.01, 0.01, 0.01, 0.01, 0.0, 0.01, 0.01, 0.01, 0.0, 0.01, 0.01, 0.01, 0.01, 0.0, 0.01, 0.01, 0.01, 0.01, 0.01, 0.01, 0.0, 0.01, 0.0, 0.01, 0.01, 0.01, 0.0, 0.01, 0.0, 0.01, 0.0, 0.01, 0.0, 0.01, 0.0, 0.01, 0.0, 0.01, 0.0, 0.01, 0.0, 0.01, 0.0, 0.01, 0.0, 0.01, 0.0, 0.01, 0.0, 0.01, 0.0, 0.01, 0.01, 0.0, 0.01, 0.0, 0.01, 0.0, 0.01, 0.0, 0.01, 0.0, 0.01, 0.01, 0.0, 0.01, 0.01, 0.01, 0.0, 0.01, 0.01, 0.01, 0.0, 0.01, 0.01, 0.0, 0.01, 0.01, 0.01, 0.01, 0.0, 0.01, 0.01, 0.0, 0.01, 0.01, 0.0]
svctm
[12.19, 14.48, 17.19, 16.67, 13.62, 17.54, 13.58, 18.69, 19.23, 14.14, 15.11, 18.53, 18.57, 19.05, 15.1, 16.77, 19.23, 16.24, 19.61, 14.79, 15.77, 18.87, 18.87, 13.87, 15.7, 18.18, 13.61, 19.05, 15.8, 18.52, 14.32, 19.42, 15.39, 20.2, 14.85, 19.61, 17.3, 20.83, 15.22, 20.41, 16.27, 16.99, 20.83, 19.42, 14.77, 18.07, 19.03, 20.41, 15.57, 20.83, 16.99, 20.0, 14.65, 21.28, 16.38, 20.41, 14.77, 20.83, 17.14, 20.0, 15.06, 21.05, 16.38, 13.03, 12.74, 10.08, 11.25, 9.92, 10.89, 10.65, 12.12, 10.36, 11.4, 9.85, 11.12, 10.39, 12.82, 10.0, 10.67, 9.96, 10.9, 12.42, 10.44, 11.25, 10.41, 11.27, 13.0, 11.17, 10.22, 10.76, 12.05, 9.95, 10.86, 10.13, 10.97, 12.66, 10.52, 11.59, 11.57, 11.11, 11.55, 10.75, 12.17, 11.17, 12.12, 11.35, 12.0, 10.69, 12.4, 10.22, 12.74, 10.82, 12.58, 10.39, 12.58, 10.65, 13.89, 10.68, 13.7, 10.78, 15.21, 11.7, 12.33, 11.68, 12.84, 11.68, 12.84, 10.99, 13.01, 11.65, 13.23, 11.15, 12.81, 12.23, 11.39, 13.7, 10.75, 13.79, 10.95, 12.99, 10.78, 13.25, 10.79, 13.33, 10.78, 12.1, 13.07, 10.58, 11.75, 10.95, 11.86, 12.31, 10.66, 11.43, 13.16, 10.55, 12.05, 13.16, 11.05, 11.47, 10.67, 12.28, 12.73, 10.51, 10.97, 13.51, 10.84, 12.28, 13.62]
r
[27.14, 16.58, 8.54, 4.02, 20.6, 3.5, 22.73, 3.52, 3.5, 20.71, 16.16, 8.96, 6.06, 3.02, 19.7, 12.44, 3.03, 15.92, 3.05, 18.18, 14.57, 3.03, 3.02, 21.5, 14.65, 3.52, 21.11, 3.03, 15.0, 3.03, 21.0, 3.03, 14.14, 3.02, 21.11, 3.52, 14.07, 2.51, 20.71, 3.02, 14.65, 14.0, 2.53, 3.03, 21.72, 10.1, 7.04, 3.0, 20.2, 3.03, 14.0, 3.02, 21.11, 3.03, 14.57, 3.0, 20.6, 3.03, 14.57, 3.03, 21.11, 2.51, 15.08, 14.5, 5.05, 22.73, 15.66, 23.23, 15.58, 16.08, 5.0, 22.34, 16.08, 22.84, 16.08, 16.16, 4.55, 22.73, 16.58, 22.96, 16.0, 4.52, 22.61, 16.08, 22.34, 14.14, 6.53, 15.66, 22.61, 16.67, 5.03, 23.35, 15.58, 23.12, 15.66, 4.52, 22.5, 17.17, 12.63, 20.2, 11.56, 21.61, 9.09, 20.1, 10.0, 19.5, 10.61, 21.83, 8.04, 26.26, 4.55, 25.63, 4.52, 26.26, 4.57, 25.13, 4.55, 25.63, 4.04, 25.25, 4.55, 20.0, 10.1, 20.1, 9.55, 20.2, 10.15, 20.4, 9.14, 20.1, 9.55, 21.0, 9.6, 10.5, 19.7, 4.57, 25.5, 4.55, 25.63, 4.52, 25.25, 4.0, 25.89, 4.57, 23.62, 15.15, 4.5, 22.34, 16.08, 18.09, 9.55, 14.07, 22.61, 16.16, 4.5, 22.0, 16.16, 4.55, 21.5, 16.16, 22.0, 11.62, 8.59, 22.0, 16.08, 4.55, 22.34, 15.5, 7.11]
wrqm
[49.25, 0.0, 54.27, 0.0, 51.76, 0.0, 57.07, 0.0, 0.0, 52.53, 0.0, 0.0, 64.65, 0.0, 0.0, 74.13, 0.0, 0.5, 0.0, 81.82, 0.5, 1.01, 0.0, 84.0, 0.51, 0.0, 84.42, 0.0, 1.0, 0.51, 84.0, 0.0, 1.01, 0.0, 83.92, 0.0, 1.51, 0.0, 86.36, 0.0, 35.35, 1.5, 0.0, 0.0, 85.35, 0.0, 1.01, 0.0, 83.84, 0.0, 0.0, 0.0, 84.42, 0.0, 0.5, 0.0, 86.43, 0.0, 1.01, 0.0, 86.93, 0.0, 34.67, 1.5, 0.0, 83.84, 2.53, 82.83, 33.17, 1.51, 0.0, 84.77, 0.5, 85.28, 35.18, 1.01, 0.0, 83.84, 0.5, 85.71, 0.5, 0.0, 84.42, 0.5, 82.74, 0.0, 34.17, 1.52, 85.43, 0.51, 0.0, 87.31, 0.0, 84.42, 0.0, 0.5, 82.0, 0.0, 61.62, 0.0, 66.83, 0.0, 64.65, 0.0, 61.5, 0.0, 64.65, 0.0, 60.8, 63.64, 0.51, 63.32, 0.5, 61.62, 0.0, 63.32, 0.0, 61.81, 0.0, 0.0, 63.64, 0.0, 63.64, 0.0, 62.81, 0.0, 62.94, 0.0, 61.93, 0.0, 62.31, 0.0, 65.15, 0.0, 63.13, 0.0, 63.5, 0.0, 63.32, 0.5, 62.63, 0.0, 61.93, 0.0, 56.78, 0.51, 0.0, 82.23, 1.01, 0.0, 84.42, 0.5, 84.92, 0.0, 0.0, 84.0, 0.51, 0.0, 84.5, 2.02, 83.0, 0.0, 1.01, 83.0, 1.51, 1.01, 85.28, 1.0, 0.0]
w
[47.24, 49.75, 48.74, 56.28, 48.74, 53.5, 46.46, 50.25, 48.5, 46.46, 47.47, 43.78, 47.47, 49.75, 42.93, 44.78, 49.49, 42.29, 48.73, 45.45, 46.73, 50.51, 50.25, 46.0, 46.97, 51.76, 47.74, 50.0, 46.0, 51.52, 44.5, 48.99, 48.48, 46.73, 41.71, 47.74, 41.71, 45.73, 41.41, 46.23, 44.95, 42.5, 45.96, 48.99, 42.42, 44.44, 44.72, 46.0, 40.4, 45.45, 42.5, 47.24, 42.71, 44.44, 44.22, 46.0, 43.22, 45.45, 41.71, 47.47, 41.21, 45.23, 43.72, 59.0, 74.24, 70.71, 70.2, 72.73, 72.86, 74.87, 77.5, 69.04, 67.84, 73.6, 70.85, 77.78, 74.24, 71.21, 73.87, 72.96, 71.0, 76.38, 67.84, 69.85, 69.54, 72.22, 69.85, 71.72, 68.84, 72.73, 78.39, 71.57, 72.86, 69.35, 72.22, 74.87, 66.5, 65.66, 71.72, 65.66, 73.37, 65.33, 72.73, 64.82, 70.5, 63.0, 71.72, 66.5, 71.86, 63.64, 74.75, 59.3, 75.38, 62.63, 76.14, 59.8, 68.18, 61.31, 69.7, 61.11, 61.62, 60.0, 70.2, 60.3, 67.34, 61.11, 67.51, 64.18, 67.51, 60.3, 65.33, 63.5, 67.68, 69.0, 63.64, 69.54, 59.5, 68.69, 58.29, 72.86, 60.61, 71.5, 59.39, 71.57, 62.31, 64.65, 72.0, 66.5, 65.83, 68.34, 73.87, 64.32, 64.32, 69.19, 71.5, 66.0, 64.65, 72.22, 63.0, 68.18, 64.0, 68.69, 69.19, 66.5, 71.86, 70.2, 64.97, 63.0, 65.48]
avgrqsz
[145.49, 179.83, 212.01, 212.53, 161.88, 221.54, 157.58, 229.97, 213.97, 161.66, 172.7, 193.38, 204.53, 218.8, 159.99, 179.77, 220.98, 173.13, 226.96, 155.7, 176.43, 223.15, 223.45, 155.55, 182.07, 216.72, 158.12, 224.44, 176.38, 218.57, 156.14, 229.26, 184.42, 218.0, 153.18, 211.21, 172.14, 228.47, 151.34, 221.69, 170.62, 167.06, 226.55, 212.49, 152.57, 192.41, 207.13, 216.39, 157.42, 214.06, 184.74, 210.94, 152.74, 225.43, 179.8, 212.14, 154.09, 223.31, 171.12, 214.78, 153.97, 228.77, 176.32, 177.9, 219.07, 176.56, 192.56, 168.58, 191.99, 186.69, 221.2, 169.6, 190.99, 175.12, 193.48, 183.97, 225.03, 174.49, 191.92, 170.86, 190.99, 218.84, 177.83, 193.22, 181.3, 192.27, 214.98, 191.62, 173.29, 188.75, 215.63, 173.08, 193.4, 170.84, 192.96, 219.65, 176.75, 185.57, 190.14, 181.69, 192.37, 178.93, 208.11, 176.07, 203.04, 176.82, 199.99, 172.84, 212.01, 160.93, 222.83, 157.04, 225.01, 153.57, 219.93, 159.02, 224.28, 156.77, 226.79, 167.26, 223.84, 177.95, 200.28, 176.4, 196.83, 176.0, 200.97, 174.78, 203.4, 178.15, 199.75, 177.24, 197.8, 196.66, 171.59, 219.57, 153.21, 225.0, 154.9, 216.32, 159.73, 219.18, 158.21, 223.26, 170.8, 188.01, 220.19, 173.74, 192.29, 184.44, 192.3, 192.74, 165.14, 186.84, 217.43, 166.42, 187.3, 228.69, 172.3, 187.35, 166.37, 204.62, 209.05, 172.64, 187.15, 219.79, 173.91, 186.9, 212.13]
wMB
[5.27, 5.82, 5.93, 6.26, 5.47, 6.16, 5.31, 6.04, 5.43, 5.29, 5.36, 4.98, 5.34, 5.64, 4.88, 5.02, 5.67, 4.91, 5.74, 4.83, 5.27, 5.83, 5.81, 5.12, 5.47, 5.85, 5.3, 5.81, 5.25, 5.82, 4.98, 5.82, 5.63, 5.29, 4.69, 5.28, 4.68, 5.38, 4.58, 5.33, 4.96, 4.6, 5.36, 5.4, 4.77, 5.12, 5.23, 5.18, 4.65, 5.07, 5.09, 5.17, 4.75, 5.22, 5.15, 5.07, 4.79, 5.29, 4.7, 5.3, 4.67, 5.33, 5.05, 6.38, 8.48, 8.04, 8.07, 7.89, 8.28, 8.28, 8.91, 7.56, 7.82, 8.24, 8.21, 8.43, 8.65, 7.99, 8.47, 7.99, 8.11, 8.64, 7.84, 8.1, 8.12, 8.1, 8.01, 8.17, 7.73, 8.23, 8.78, 8.01, 8.34, 7.7, 8.27, 8.51, 7.67, 7.5, 7.82, 7.61, 7.97, 7.58, 8.31, 7.29, 7.98, 7.11, 8.03, 7.44, 8.27, 7.05, 8.63, 6.5, 8.78, 6.65, 8.67, 6.58, 7.96, 6.64, 8.16, 7.04, 7.23, 6.94, 7.85, 6.92, 7.38, 6.98, 7.62, 7.21, 7.61, 6.98, 7.3, 7.3, 7.46, 7.63, 6.97, 7.94, 6.35, 8.04, 6.33, 8.17, 6.68, 8.08, 6.58, 8.3, 7.15, 7.32, 8.22, 7.52, 7.68, 7.78, 7.83, 7.37, 7.0, 7.78, 8.07, 7.14, 7.38, 8.57, 7.1, 7.71, 6.98, 8.02, 7.93, 7.45, 8.03, 8.02, 7.4, 7.16, 7.52]
rrqm
[0.0, 0.0, 0.0, 0.0, 0.0, 0.0, 0.0, 0.0, 0.0, 0.0, 0.0, 0.0, 0.0, 0.0, 0.0, 0.0, 0.0, 0.0, 0.0, 0.0, 0.0, 0.0, 0.0, 0.0, 0.0, 0.0, 0.0, 0.0, 0.0, 0.0, 0.0, 0.0, 0.0, 0.0, 0.0, 0.0, 0.0, 0.0, 0.0, 0.0, 0.0, 0.0, 0.0, 0.0, 0.0, 0.0, 0.0, 0.0, 0.0, 0.0, 0.0, 0.0, 0.0, 0.0, 0.0, 0.0, 0.0, 0.0, 0.0, 0.0, 0.0, 0.0, 0.0, 0.0, 0.0, 0.0, 0.0, 0.0, 0.0, 0.0, 0.0, 0.0, 0.0, 0.0, 0.0, 0.0, 0.0, 0.0, 0.0, 0.0, 0.0, 0.0, 0.0, 0.0, 0.0, 0.0, 0.0, 0.0, 0.0, 0.0, 0.0, 0.0, 0.0, 0.0, 0.0, 0.0, 0.0, 0.0, 0.0, 0.0, 0.0, 0.0, 0.0, 0.0, 0.0, 0.0, 0.0, 0.0, 0.0, 0.0, 0.0, 0.0, 0.0, 0.0, 0.0, 0.0, 0.0, 0.0, 0.0, 0.0, 0.0, 0.0, 0.0, 0.0, 0.0, 0.0, 0.0, 0.0, 0.0, 0.0, 0.0, 0.0, 0.0, 0.0, 0.0, 0.0, 0.0, 0.0, 0.0, 0.0, 0.0, 0.0, 0.0, 0.0, 0.0, 0.0, 0.0, 0.0, 0.0, 0.0, 0.0, 0.0, 0.0, 0.0, 0.0, 0.0, 0.0, 0.0, 0.0, 0.0, 0.0, 0.0, 0.0, 0.0, 0.0, 0.0, 0.0, 0.0, 0.0]
w_await
[898.38, 1760.81, 722.27, 1927.89, 1652.08, 2019.55, 775.7, 1114.4, 2998.56, 1003.52, 2170.72, 734.32, 809.28, 2541.05, 1590.73, 1178.22, 1861.71, 1642.26, 2014.38, 1504.4, 1995.1, 1116.64, 2747.2, 1077.48, 1616.65, 1635.42, 2579.07, 1148.0, 1374.09, 2020.94, 2220.94, 1539.79, 1136.29, 2384.56, 1918.02, 1875.41, 1220.39, 2469.76, 2435.56, 1597.22, 1381.08, 2236.42, 1045.41, 2711.79, 1631.05, 2180.95, 994.29, 2685.26, 1815.6, 2048.71, 1122.26, 2443.32, 2058.21, 1800.23, 1145.18, 2397.17, 2369.3, 1565.56, 1425.88, 2123.57, 3276.2, 1057.51, 1583.4, 1522.54, 1139.76, 1213.57, 935.02, 1621.0, 904.03, 930.47, 1054.68, 1137.24, 1016.53, 1586.68, 935.83, 914.55, 1037.61, 1197.67, 928.14, 1589.87, 986.06, 1012.39, 1209.04, 965.44, 1632.64, 966.35, 940.83, 956.51, 1278.66, 986.61, 1545.23, 955.72, 953.08, 1358.41, 948.39, 1491.3, 979.13, 1120.8, 884.85, 1248.55, 648.47, 1477.23, 773.94, 1349.89, 874.98, 1318.25, 868.45, 1327.05, 940.08, 1190.98, 1027.05, 1126.78, 1030.93, 997.39, 1121.81, 1049.38, 1122.19, 1270.98, 1035.97, 1278.31, 948.16, 1563.5, 823.88, 1466.9, 744.33, 1621.19, 686.29, 1606.82, 654.23, 1734.97, 599.97, 1833.95, 522.78, 1748.29, 468.83, 1665.66, 616.24, 1441.97, 1009.0, 1183.26, 1039.5, 1221.03, 1099.76, 1075.06, 1097.87, 1052.78, 1152.78, 1209.86, 974.38, 1760.44, 981.22, 927.28, 1706.81, 1061.84, 1217.57, 1239.36, 1096.47, 1589.99, 1011.65, 981.3, 1740.28, 1102.94, 985.17, 1335.61, 960.84, 1596.17, 1041.97, 1008.29, 1970.6]
