40 datos recogidos

cpu data:

user
[33.33, 11.06, 1.02, 0.51, 1.01, 0.51, 16.08, 36.0, 37.0, 36.0, 37.5, 35.68, 36.82, 33.83, 35.18, 39.0, 38.81, 36.36, 38.61, 38.19, 37.19, 42.08, 38.69, 39.5, 39.7, 42.0, 38.0, 37.81, 36.5, 36.68, 33.83, 36.68, 37.5, 38.0, 40.0, 40.8, 41.71, 38.5, 36.5, 34.67]
nice
[0.0, 0.0, 0.0, 0.0, 0.0, 0.0, 0.0, 0.0, 0.0, 0.0, 0.0, 0.0, 0.0, 0.0, 0.5, 0.0, 0.0, 0.0, 0.0, 0.0, 0.0, 0.0, 0.0, 0.0, 0.0, 0.0, 0.0, 0.0, 0.0, 0.0, 0.0, 0.0, 0.0, 0.0, 0.0, 0.0, 0.0, 0.0, 0.0, 0.0]
system
[63.13, 13.57, 2.54, 2.03, 1.01, 1.02, 31.66, 64.0, 63.0, 64.0, 62.5, 63.82, 62.19, 65.67, 62.81, 61.0, 61.19, 63.64, 60.4, 59.8, 61.81, 57.43, 60.8, 57.0, 60.3, 57.5, 61.0, 61.19, 63.5, 63.32, 63.68, 63.32, 62.5, 62.0, 60.0, 59.2, 58.29, 61.5, 63.5, 65.33]
iowait
[3.54, 75.38, 96.45, 97.46, 97.98, 98.48, 52.26, 0.0, 0.0, 0.0, 0.0, 0.5, 1.0, 0.5, 1.51, 0.0, 0.0, 0.0, 0.99, 2.01, 1.01, 0.5, 0.5, 3.5, 0.0, 0.5, 1.0, 1.0, 0.0, 0.0, 2.49, 0.0, 0.0, 0.0, 0.0, 0.0, 0.0, 0.0, 0.0, 0.0]
steal
[0.0, 0.0, 0.0, 0.0, 0.0, 0.0, 0.0, 0.0, 0.0, 0.0, 0.0, 0.0, 0.0, 0.0, 0.0, 0.0, 0.0, 0.0, 0.0, 0.0, 0.0, 0.0, 0.0, 0.0, 0.0, 0.0, 0.0, 0.0, 0.0, 0.0, 0.0, 0.0, 0.0, 0.0, 0.0, 0.0, 0.0, 0.0, 0.0, 0.0]
idle
[0.0, 0.0, 0.0, 0.0, 0.0, 0.0, 0.0, 0.0, 0.0, 0.0, 0.0, 0.0, 0.0, 0.0, 0.0, 0.0, 0.0, 0.0, 0.0, 0.0, 0.0, 0.0, 0.0, 0.0, 0.0, 0.0, 0.0, 0.0, 0.0, 0.0, 0.0, 0.0, 0.0, 0.0, 0.0, 0.0, 0.0, 0.0, 0.0, 0.0]

sdb data:

util
[27.47, 100.5, 101.52, 101.52, 101.01, 101.52, 100.5, 65.4, 58.8, 68.0, 47.2, 66.13, 90.15, 66.07, 78.99, 43.8, 58.11, 60.81, 58.42, 59.5, 57.89, 56.24, 77.59, 43.2, 58.69, 75.0, 46.2, 66.87, 59.8, 57.89, 81.79, 46.03, 58.8, 57.0, 52.2, 79.2, 42.41, 57.4, 67.4, 47.64]
r_await
[10.0, 0.0, 0.0, 0.0, 0.0, 0.0, 76.0, 0.0, 0.0, 84.0, 0.0, 20.0, 0.0, 0.0, 0.0, 0.0, 0.0, 0.0, 0.0, 0.0, 0.0, 0.0, 0.0, 64.0, 0.0, 0.0, 0.0, 0.0, 0.0, 0.0, 52.0, 0.0, 0.0, 0.0, 0.0, 0.0, 0.0, 0.0, 0.0, 0.0]
avgqusz
[33.85, 128.68, 129.95, 129.95, 129.29, 129.95, 129.63, 68.9, 11.06, 58.36, 15.54, 27.33, 75.88, 22.24, 66.47, 13.75, 17.25, 60.64, 18.25, 36.81, 42.11, 16.97, 65.9, 12.07, 18.05, 71.15, 15.14, 49.59, 41.22, 17.68, 73.97, 15.08, 35.25, 49.98, 15.16, 72.78, 13.37, 17.52, 70.66, 15.84]
await
[58.86, 526.67, 0.0, 0.0, 0.0, 0.0, 5828.28, 649.18, 76.0, 374.12, 122.39, 135.06, 670.24, 152.03, 366.81, 185.96, 136.98, 468.68, 142.85, 140.09, 487.77, 133.92, 301.05, 285.22, 128.83, 446.43, 145.37, 178.17, 536.86, 136.87, 428.47, 152.02, 140.27, 539.51, 148.36, 318.1, 347.57, 136.86, 492.38, 141.73]
rMB
[0.02, 0.0, 0.0, 0.0, 0.0, 0.0, 0.02, 0.0, 0.0, 0.03, 0.0, 0.09, 0.0, 0.0, 0.0, 0.0, 0.0, 0.0, 0.0, 0.01, 0.0, 0.0, 0.0, 0.02, 0.0, 0.0, 0.01, 0.0, 0.0, 0.0, 0.02, 0.0, 0.0, 0.0, 0.01, 0.0, 0.0, 0.0, 0.02, 0.0]
svctm
[15.54, 666.67, 0.0, 0.0, 0.0, 0.0, 7.49, 4.64, 4.04, 4.36, 4.23, 4.91, 7.05, 4.69, 4.62, 4.56, 4.42, 4.63, 4.57, 4.42, 4.7, 4.44, 4.54, 4.8, 4.39, 4.6, 4.57, 4.51, 4.94, 4.48, 4.74, 4.77, 4.45, 4.79, 4.42, 4.61, 4.56, 4.48, 4.7, 4.56]
r
[2.02, 0.0, 0.0, 0.0, 0.0, 0.0, 0.5, 0.0, 0.0, 0.5, 0.0, 2.01, 0.0, 0.0, 0.0, 0.0, 0.0, 0.0, 0.0, 0.5, 0.0, 0.0, 0.0, 1.0, 0.0, 0.0, 0.5, 0.0, 0.0, 0.0, 1.0, 0.0, 0.0, 0.0, 0.5, 0.0, 0.0, 0.0, 1.0, 0.0]
wrqm
[2522.22, 0.0, 0.0, 0.0, 0.0, 0.0, 4031.16, 2342.5, 4462.5, 4758.5, 3967.5, 6028.14, 2323.38, 3947.76, 4921.61, 2975.5, 3948.26, 3904.04, 3927.72, 6489.45, 1417.09, 3928.71, 5854.27, 2975.5, 3987.94, 4293.0, 3967.0, 5955.22, 1407.0, 3987.44, 5256.72, 2989.45, 6489.5, 1673.0, 3967.5, 5252.24, 1992.96, 3968.0, 4368.0, 3986.43]
w
[15.66, 1.51, 0.0, 0.0, 0.0, 0.0, 133.67, 141.0, 145.5, 155.5, 111.5, 132.66, 127.86, 140.8, 170.85, 96.0, 131.34, 131.31, 127.72, 134.17, 123.12, 126.73, 170.85, 89.0, 133.67, 163.0, 100.5, 148.26, 121.0, 129.15, 171.64, 96.48, 132.0, 119.0, 117.5, 171.64, 92.96, 128.0, 142.5, 104.52]
avgrqsz
[228.57, 256.0, 0.0, 0.0, 0.0, 0.0, 254.41, 247.15, 253.36, 252.41, 256.0, 251.58, 247.0, 255.07, 255.95, 250.79, 256.0, 252.52, 254.02, 255.16, 251.49, 256.0, 255.36, 247.56, 256.0, 252.93, 252.36, 256.0, 249.75, 255.0, 251.76, 252.0, 256.0, 249.41, 253.9, 255.68, 249.21, 256.0, 251.71, 252.31]
wMB
[1.96, 0.19, 0.0, 0.0, 0.0, 0.0, 16.65, 17.02, 18.0, 19.2, 13.94, 16.46, 15.42, 17.54, 21.35, 11.76, 16.42, 16.19, 15.84, 16.77, 15.12, 15.84, 21.3, 10.86, 16.71, 20.13, 12.44, 18.53, 14.76, 16.08, 21.2, 11.87, 16.5, 14.49, 14.62, 21.43, 11.31, 16.0, 17.62, 12.88]
rrqm
[2.02, 0.0, 0.0, 0.0, 0.0, 0.0, 3.52, 0.0, 0.0, 7.5, 0.0, 20.1, 0.0, 0.0, 0.0, 0.0, 0.0, 0.0, 0.0, 1.51, 0.0, 0.0, 0.0, 3.5, 0.0, 0.0, 1.5, 0.0, 0.0, 0.0, 3.48, 0.0, 0.0, 0.0, 1.5, 0.0, 0.0, 0.0, 3.5, 0.0]
w_await
[65.16, 526.67, 0.0, 0.0, 0.0, 0.0, 5849.91, 649.18, 76.0, 375.05, 122.39, 136.8, 670.24, 152.03, 366.81, 185.96, 136.98, 468.68, 142.85, 140.61, 487.77, 133.92, 301.05, 287.71, 128.83, 446.43, 146.09, 178.17, 536.86, 136.87, 430.66, 152.02, 140.27, 539.51, 148.99, 318.1, 347.57, 136.86, 495.83, 141.73]
