6 datos recogidos

cpu data:

user
[2.62, 1.01, 1.52, 1.04, 0.51, 1.03]
nice
[0.0, 0.0, 0.0, 0.0, 0.0, 0.0]
system
[80.63, 80.9, 82.83, 82.29, 71.07, 90.26]
iowait
[16.75, 18.09, 15.66, 16.67, 28.43, 8.72]
steal
[0.0, 0.0, 0.0, 0.0, 0.0, 0.0]
idle
[0.0, 0.0, 0.0, 0.0, 0.0, 0.0]

sdd data:

util
[94.03, 100.5, 101.01, 101.88, 97.26, 102.56]
r_await
[29.6, 0.0, 0.0, 0.0, 0.0, 0.0]
avgqusz
[28.89, 26.03, 35.74, 33.31, 28.67, 48.65]
await
[148.34, 129.47, 165.55, 153.69, 165.15, 217.13]
rMB
[0.01, 0.0, 0.0, 0.0, 0.0, 0.0]
svctm
[5.09, 5.04, 4.91, 4.94, 5.19, 4.72]
r
[2.62, 0.0, 0.0, 0.0, 0.0, 0.0]
wrqm
[13.09, 10.55, 5.56, 0.0, 6.6, 2.56]
w
[182.2, 199.5, 205.56, 206.25, 187.31, 217.44]
avgrqsz
[952.32, 974.69, 983.8, 971.64, 953.6, 981.13]
wMB
[85.93, 94.95, 98.74, 97.85, 87.22, 104.17]
rrqm
[0.0, 0.0, 0.0, 0.0, 0.0, 0.0]
w_await
[150.05, 129.47, 165.55, 153.69, 165.15, 217.13]
