19 datos recogidos

cpu data:

user
[1.23, 0.0, 0.0, 0.68, 0.0, 0.55, 0.0, 0.0, 0.0, 0.0, 1.16, 0.0, 0.0, 0.0, 0.0, 0.56, 0.0, 0.0, 0.61]
nice
[0.0, 0.0, 0.0, 0.0, 0.0, 0.0, 0.0, 0.0, 0.0, 0.0, 0.0, 0.0, 0.0, 0.0, 0.0, 0.0, 0.0, 0.0, 0.0]
system
[38.27, 19.73, 16.17, 27.89, 13.38, 27.47, 15.94, 13.25, 29.17, 22.0, 28.9, 15.83, 16.27, 35.62, 15.28, 21.11, 9.93, 4.57, 26.38]
iowait
[60.49, 80.27, 83.83, 71.43, 86.62, 71.98, 84.06, 86.75, 70.83, 78.0, 69.94, 84.17, 83.73, 64.38, 84.72, 78.33, 90.07, 95.43, 73.01]
steal
[0.0, 0.0, 0.0, 0.0, 0.0, 0.0, 0.0, 0.0, 0.0, 0.0, 0.0, 0.0, 0.0, 0.0, 0.0, 0.0, 0.0, 0.0, 0.0]
idle
[0.0, 0.0, 0.0, 0.0, 0.0, 0.0, 0.0, 0.0, 0.0, 0.0, 0.0, 0.0, 0.0, 0.0, 0.0, 0.0, 0.0, 0.0, 0.0]

sda data:

util
[109.38, 136.05, 119.28, 136.05, 140.85, 109.01, 144.93, 117.35, 138.89, 133.33, 113.06, 143.88, 119.28, 125.0, 138.89, 111.33, 132.45, 114.29, 122.7]
r_await
[45.71, 100.0, 76.0, 126.0, 166.67, 135.0, 104.0, 0.0, 116.0, 68.0, 112.0, 96.0, 0.0, 132.0, 160.0, 114.81, 176.0, 165.14, 150.97]
avgqusz
[78.86, 116.05, 71.8, 112.44, 123.48, 59.51, 120.93, 73.17, 101.32, 110.62, 61.74, 122.84, 73.67, 93.06, 117.49, 62.57, 122.56, 85.04, 87.16]
await
[533.58, 800.9, 790.44, 651.49, 835.01, 680.3, 756.02, 851.47, 593.69, 803.64, 577.24, 778.28, 814.19, 578.76, 826.52, 542.81, 801.39, 958.38, 547.12]
rMB
[0.02, 0.0, 0.0, 0.01, 0.01, 0.01, 0.0, 0.0, 0.0, 0.0, 0.0, 0.0, 0.0, 0.0, 0.11, 1.13, 1.36, 0.96, 1.62]
svctm
[10.13, 9.8, 10.06, 9.48, 10.36, 10.61, 9.71, 10.36, 10.31, 9.9, 10.08, 9.76, 10.15, 9.8, 10.0, 9.15, 9.8, 10.53, 10.47]
r
[4.32, 0.68, 0.6, 1.36, 2.11, 2.2, 0.72, 0.0, 0.69, 0.67, 0.58, 0.72, 0.0, 0.62, 3.47, 41.11, 28.48, 20.0, 35.58]
wrqm
[0.0, 0.0, 10.18, 0.0, 0.0, 4.95, 0.0, 7.83, 4.86, 2.67, 5.2, 4.32, 5.42, 0.0, 0.0, 8.33, 0.0, 4.57, 4.91]
w
[103.7, 138.1, 117.96, 142.18, 133.8, 100.55, 148.55, 113.25, 134.03, 134.0, 111.56, 146.76, 117.47, 126.88, 135.42, 80.56, 106.62, 88.57, 81.6]
avgrqsz
[909.07, 957.8, 933.05, 921.02, 949.68, 929.03, 954.52, 974.34, 995.96, 969.94, 952.12, 952.66, 949.54, 957.18, 934.0, 642.48, 773.02, 803.62, 687.25]
wMB
[47.93, 64.9, 54.01, 64.55, 63.02, 46.6, 69.57, 53.88, 65.51, 63.78, 52.13, 68.6, 54.46, 59.59, 63.23, 37.04, 49.64, 41.64, 37.7]
rrqm
[0.0, 0.0, 0.0, 0.0, 0.0, 0.0, 0.0, 0.0, 0.0, 0.0, 0.0, 0.0, 0.0, 0.0, 0.0, 0.0, 0.0, 0.0, 0.0]
w_await
[553.9, 804.35, 794.07, 656.52, 845.56, 692.22, 759.2, 851.47, 596.17, 807.3, 579.65, 781.63, 814.19, 580.97, 843.61, 761.24, 968.42, 1137.5, 719.88]
