29 datos recogidos

cpu data:

user
[1.23, 0.0, 0.0, 0.0, 0.0, 0.58, 0.0, 0.0, 0.0, 0.0, 0.0, 0.0, 0.0, 0.0, 0.0, 0.0, 0.0, 0.0, 0.0, 0.0, 0.56, 0.0, 0.0, 0.0, 0.0, 0.58, 0.0, 0.0, 0.0]
nice
[0.0, 0.0, 0.0, 0.0, 0.0, 0.0, 0.0, 0.0, 0.0, 0.0, 0.0, 0.0, 0.0, 0.0, 0.0, 0.0, 0.0, 0.0, 0.0, 0.0, 0.56, 0.0, 0.0, 0.0, 0.0, 0.0, 0.0, 0.0, 0.0]
system
[22.22, 4.35, 11.36, 7.79, 10.24, 9.88, 5.16, 10.65, 6.92, 6.41, 10.12, 7.64, 3.57, 14.56, 6.96, 10.0, 5.13, 6.1, 12.96, 7.01, 10.17, 7.01, 6.29, 10.78, 7.01, 10.4, 6.49, 6.25, 10.34]
iowait
[76.54, 95.65, 88.64, 92.21, 89.76, 89.53, 94.84, 89.35, 93.08, 93.59, 89.88, 92.36, 96.43, 85.44, 93.04, 90.0, 94.87, 93.9, 87.04, 92.99, 88.7, 92.99, 93.71, 89.22, 92.99, 89.02, 93.51, 93.75, 89.66]
steal
[0.0, 0.0, 0.0, 0.0, 0.0, 0.0, 0.0, 0.0, 0.0, 0.0, 0.0, 0.0, 0.0, 0.0, 0.0, 0.0, 0.0, 0.0, 0.0, 0.0, 0.0, 0.0, 0.0, 0.0, 0.0, 0.0, 0.0, 0.0, 0.0]
idle
[0.0, 0.0, 0.0, 0.0, 0.0, 0.0, 0.0, 0.0, 0.0, 0.0, 0.0, 0.0, 0.0, 0.0, 0.0, 0.0, 0.0, 0.0, 0.0, 0.0, 0.0, 0.0, 0.0, 0.0, 0.0, 0.0, 0.0, 0.0, 0.0]

sdb data:

util
[111.36, 124.22, 113.64, 129.87, 120.48, 116.05, 129.03, 118.34, 125.79, 128.21, 119.05, 127.39, 119.05, 126.58, 126.58, 117.65, 128.21, 121.95, 123.46, 127.39, 113.22, 127.39, 125.79, 119.76, 127.39, 115.61, 129.87, 125.0, 114.94]
r_await
[24.0, 32.0, 0.0, 0.0, 88.0, 0.0, 0.0, 0.0, 0.0, 0.0, 0.0, 0.0, 0.0, 0.0, 0.0, 0.0, 0.0, 0.0, 0.0, 0.0, 0.0, 0.0, 0.0, 0.0, 0.0, 0.0, 0.0, 0.0, 0.0]
avgqusz
[156.83, 178.12, 136.46, 186.14, 171.98, 139.09, 185.24, 161.82, 180.32, 183.53, 143.69, 182.66, 150.83, 172.31, 181.19, 141.97, 183.76, 168.71, 158.35, 182.38, 132.61, 182.3, 180.01, 143.12, 182.52, 137.24, 185.95, 178.86, 140.84]
await
[507.99, 630.22, 591.96, 574.36, 507.34, 699.17, 552.71, 689.67, 611.63, 606.25, 523.17, 616.43, 620.4, 503.79, 633.08, 535.36, 610.51, 636.09, 542.12, 626.68, 590.11, 576.07, 639.43, 535.1, 608.38, 593.95, 558.25, 666.0, 622.88]
rMB
[0.0, 0.0, 0.0, 0.0, 0.0, 0.0, 0.0, 0.0, 0.0, 0.0, 0.0, 0.0, 0.0, 0.0, 0.0, 0.0, 0.0, 0.0, 0.0, 0.0, 0.0, 0.0, 0.0, 0.0, 0.0, 0.0, 0.0, 0.0, 0.0]
svctm
[4.35, 4.45, 4.42, 4.41, 4.46, 4.66, 4.26, 4.68, 4.26, 4.2, 4.41, 4.23, 4.32, 4.42, 4.3, 4.56, 4.39, 4.3, 4.44, 4.3, 4.82, 4.36, 4.28, 4.59, 4.26, 4.55, 4.3, 4.69, 4.78]
r
[0.62, 0.62, 0.0, 0.0, 0.6, 0.0, 0.0, 0.0, 0.0, 0.0, 0.0, 0.0, 0.0, 0.0, 0.0, 0.0, 0.0, 0.0, 0.0, 0.0, 0.0, 0.0, 0.0, 0.0, 0.0, 0.0, 0.0, 0.0, 0.0]
wrqm
[0.0, 0.0, 5.68, 0.0, 0.0, 4.07, 0.0, 4.14, 0.0, 0.0, 4.17, 0.0, 4.17, 0.0, 0.0, 4.12, 0.0, 4.27, 0.62, 0.0, 4.52, 0.0, 5.03, 0.0, 0.64, 4.05, 0.0, 0.0, 4.02]
w
[255.56, 278.26, 256.82, 294.81, 269.28, 248.84, 302.58, 252.66, 295.6, 305.13, 270.24, 301.27, 275.6, 286.71, 294.3, 258.24, 292.31, 283.54, 277.78, 296.18, 235.03, 292.36, 293.71, 261.08, 298.73, 254.34, 301.95, 266.25, 240.23]
avgrqsz
[254.79, 255.45, 255.08, 255.03, 249.59, 249.08, 252.84, 251.93, 252.14, 253.82, 252.21, 253.29, 253.36, 252.1, 253.25, 251.64, 252.54, 253.92, 252.02, 253.25, 251.44, 253.65, 253.26, 251.63, 253.7, 251.55, 253.37, 252.86, 252.52]
wMB
[31.87, 34.78, 31.99, 36.71, 32.89, 30.26, 37.36, 31.08, 36.39, 37.82, 33.28, 37.26, 34.09, 35.29, 36.39, 31.73, 36.05, 35.15, 34.18, 36.62, 28.86, 36.21, 36.32, 32.08, 37.0, 31.24, 37.36, 32.87, 29.62]
rrqm
[0.0, 0.0, 0.0, 0.0, 0.0, 0.0, 0.0, 0.0, 0.0, 0.0, 0.0, 0.0, 0.0, 0.0, 0.0, 0.0, 0.0, 0.0, 0.0, 0.0, 0.0, 0.0, 0.0, 0.0, 0.0, 0.0, 0.0, 0.0, 0.0]
w_await
[509.16, 631.55, 591.96, 574.36, 508.28, 699.17, 552.71, 689.67, 611.63, 606.25, 523.17, 616.43, 620.4, 503.79, 633.08, 535.36, 610.51, 636.09, 542.12, 626.68, 590.11, 576.07, 639.43, 535.1, 608.38, 593.95, 558.25, 666.0, 622.88]
