sdc data:
136 datos recogidos
util
[18.2, 0.0, 27.0, 0.0, 17.91, 58.0, 35.38, 1.6, 54.6, 37.2, 4.0, 60.0, 32.0, 4.02, 62.6, 28.66, 4.8, 43.8, 49.35, 0.0, 59.8, 36.0, 0.0, 50.4, 6.8, 0.0, 12.8, 0.0, 0.0, 38.79, 20.1, 55.68, 28.74, 0.0, 34.4, 17.6, 39.2, 70.6, 3.0, 0.8, 34.4, 34.63, 17.89, 77.61, 0.0, 11.4, 61.4, 0.0, 40.2, 34.57, 0.0, 53.4, 23.6, 0.0, 35.8, 17.89, 40.0, 51.66, 0.0, 21.2, 32.04, 20.9, 72.8, 0.0, 19.1, 18.49, 35.02, 25.2, 68.94, 0.0, 17.4, 18.0, 34.17, 70.85, 0.8, 0.0, 74.83, 0.0, 7.0, 66.0, 0.0, 26.8, 48.6, 0.0, 18.2, 34.37, 19.3, 74.0, 0.0, 7.36, 28.0, 31.4, 58.0, 23.4, 1.2, 25.93, 25.67, 22.4, 69.8, 0.0, 14.33, 19.8, 36.2, 60.8, 14.2, 0.0, 74.17, 0.0, 0.0, 73.23, 0.0, 0.0, 35.8, 23.4, 49.8, 40.0, 1.2, 17.8, 35.0, 17.49, 71.24, 0.0, 11.0, 26.47, 30.15, 58.8, 21.0, 0.0, 23.68, 30.35, 29.8, 66.6, 0.0, 21.6, 51.8, 0.0]
r_await
[75.2, 0.0, 0.0, 0.0, 0.0, 0.0, 0.0, 32.0, 0.0, 0.0, 0.0, 0.0, 0.0, 0.0, 0.0, 0.0, 0.0, 0.0, 12.0, 0.0, 0.0, 32.0, 0.0, 32.0, 0.0, 0.0, 0.0, 0.0, 0.0, 0.0, 0.0, 0.0, 0.0, 0.0, 4.0, 0.0, 0.0, 0.0, 0.0, 0.0, 0.0, 0.0, 0.0, 108.0, 0.0, 0.0, 0.0, 0.0, 0.0, 0.0, 0.0, 0.0, 0.0, 0.0, 16.0, 0.0, 0.0, 0.0, 0.0, 0.0, 0.0, 0.0, 0.0, 0.0, 36.0, 0.0, 0.0, 0.0, 0.0, 0.0, 0.0, 0.0, 0.0, 0.0, 0.0, 0.0, 0.0, 0.0, 0.0, 0.0, 0.0, 0.0, 0.0, 0.0, 0.0, 0.0, 0.0, 0.0, 0.0, 0.0, 0.0, 0.0, 0.0, 0.0, 24.0, 0.0, 0.0, 0.0, 0.0, 0.0, 0.0, 0.0, 0.0, 0.0, 32.0, 0.0, 0.0, 0.0, 0.0, 0.0, 0.0, 0.0, 0.0, 0.0, 0.0, 0.0, 12.0, 0.0, 0.0, 0.0, 0.0, 0.0, 0.0, 0.0, 0.0, 0.0, 0.0, 0.0, 0.0, 0.0, 0.0, 0.0, 0.0, 0.0, 0.0, 0.0]
avgqusz
[0.18, 0.0, 17.35, 0.0, 6.57, 63.72, 28.08, 0.02, 59.22, 30.14, 2.52, 70.55, 22.98, 2.66, 71.38, 19.66, 2.93, 49.3, 47.42, 0.0, 87.6, 25.42, 0.0, 57.58, 1.54, 0.0, 4.12, 0.0, 0.0, 13.81, 8.25, 63.44, 18.34, 0.0, 12.46, 6.46, 14.1, 82.06, 0.22, 0.56, 12.32, 12.64, 6.25, 85.08, 0.0, 16.27, 65.61, 0.0, 57.5, 26.42, 0.0, 74.89, 13.45, 0.0, 12.72, 6.48, 38.57, 52.14, 0.0, 7.22, 12.6, 6.72, 82.37, 0.0, 6.33, 6.33, 12.91, 17.7, 76.32, 0.0, 6.22, 6.72, 12.45, 79.38, 0.02, 0.0, 84.26, 0.0, 9.9, 72.85, 0.0, 38.31, 44.74, 0.0, 6.54, 13.02, 6.53, 83.36, 0.0, 4.08, 8.84, 13.93, 71.79, 12.55, 0.01, 10.97, 8.0, 12.83, 76.67, 0.0, 5.94, 6.06, 13.49, 78.47, 4.07, 0.0, 81.69, 0.0, 0.0, 82.4, 0.0, 0.0, 12.8, 9.78, 57.19, 35.12, 0.01, 6.39, 12.77, 6.33, 79.67, 0.0, 6.45, 8.09, 13.56, 71.64, 9.76, 0.0, 9.99, 9.77, 22.33, 72.61, 0.0, 30.08, 51.33, 0.0]
await
[75.2, 0.0, 286.74, 0.0, 191.25, 343.37, 686.52, 32.0, 284.31, 711.02, 44.27, 382.46, 728.17, 14.0, 391.11, 671.88, 51.11, 296.22, 724.64, 0.0, 655.48, 659.15, 0.0, 432.35, 648.21, 0.0, 133.03, 0.0, 0.0, 199.19, 162.47, 360.71, 665.7, 0.0, 179.22, 187.19, 204.32, 520.95, 740.29, 6.0, 186.58, 180.5, 187.17, 553.41, 0.0, 117.36, 599.39, 0.0, 371.33, 721.89, 0.0, 477.35, 703.3, 0.0, 179.41, 193.44, 210.79, 648.02, 0.0, 209.22, 169.82, 213.17, 531.42, 0.0, 166.85, 193.57, 186.62, 172.28, 594.74, 0.0, 177.83, 189.31, 180.96, 525.05, 782.0, 0.0, 544.59, 0.0, 71.23, 572.17, 0.0, 271.04, 682.19, 0.0, 189.57, 177.68, 204.47, 530.94, 0.0, 71.33, 211.89, 184.85, 446.39, 659.58, 24.0, 150.1, 211.81, 163.07, 576.84, 0.0, 142.14, 193.93, 194.13, 495.18, 705.94, 0.0, 536.51, 0.0, 0.0, 532.55, 0.0, 0.0, 185.57, 162.56, 352.08, 722.26, 12.0, 185.16, 185.07, 182.55, 525.05, 0.0, 141.6, 228.51, 177.23, 433.25, 696.47, 0.0, 149.28, 223.61, 174.62, 627.06, 0.0, 211.78, 656.4, 0.0]
rMB
[0.01, 0.0, 0.0, 0.0, 0.0, 0.0, 0.0, 0.01, 0.0, 0.0, 0.0, 0.0, 0.0, 0.0, 0.0, 0.0, 0.0, 0.0, 0.0, 0.0, 0.0, 0.01, 0.0, 0.01, 0.0, 0.0, 0.0, 0.0, 0.0, 0.0, 0.0, 0.0, 0.0, 0.0, 0.03, 0.0, 0.0, 0.0, 0.0, 0.0, 0.0, 0.0, 0.0, 0.01, 0.0, 0.0, 0.0, 0.0, 0.0, 0.0, 0.0, 0.0, 0.0, 0.0, 0.02, 0.0, 0.0, 0.0, 0.0, 0.0, 0.0, 0.0, 0.0, 0.0, 0.0, 0.0, 0.0, 0.0, 0.0, 0.0, 0.0, 0.0, 0.0, 0.0, 0.0, 0.0, 0.0, 0.0, 0.0, 0.0, 0.0, 0.0, 0.0, 0.0, 0.0, 0.01, 0.0, 0.0, 0.0, 0.0, 0.0, 0.0, 0.0, 0.0, 0.02, 0.0, 0.0, 0.0, 0.0, 0.0, 0.0, 0.0, 0.0, 0.0, 0.0, 0.0, 0.0, 0.0, 0.0, 0.0, 0.0, 0.0, 0.0, 0.0, 0.0, 0.0, 0.02, 0.0, 0.0, 0.0, 0.0, 0.0, 0.0, 0.0, 0.0, 0.0, 0.0, 0.0, 0.0, 0.0, 0.0, 0.0, 0.0, 0.0, 0.0, 0.0]
svctm
[72.8, 0.0, 4.46, 0.0, 5.22, 5.37, 4.43, 32.0, 4.94, 4.56, 5.33, 5.13, 4.57, 40.0, 4.99, 4.33, 5.33, 4.81, 4.96, 0.0, 6.2, 4.77, 0.0, 4.69, 3.49, 0.0, 4.13, 0.0, 0.0, 5.59, 4.99, 4.82, 4.58, 0.0, 4.95, 5.1, 5.68, 4.77, 4.29, 8.0, 4.99, 5.16, 4.94, 5.05, 0.0, 4.85, 4.65, 0.0, 4.94, 4.65, 0.0, 5.06, 4.37, 0.0, 5.26, 4.94, 5.15, 4.49, 0.0, 6.14, 5.15, 5.07, 4.7, 0.0, 5.82, 4.97, 5.06, 5.86, 4.73, 0.0, 4.97, 5.14, 4.93, 4.78, 4.0, 0.0, 4.84, 0.0, 5.38, 4.62, 0.0, 4.79, 4.88, 0.0, 5.28, 5.22, 5.04, 4.71, 0.0, 6.17, 4.91, 6.1, 4.81, 4.42, 24.0, 5.01, 4.87, 5.21, 4.88, 0.0, 5.14, 4.77, 5.21, 4.96, 4.58, 0.0, 4.87, 0.0, 0.0, 4.73, 0.0, 0.0, 5.19, 5.44, 4.72, 4.99, 12.0, 5.16, 5.07, 5.04, 4.7, 0.0, 7.33, 4.88, 5.77, 4.78, 4.52, 0.0, 5.06, 5.3, 5.57, 4.88, 0.0, 4.8, 4.73, 0.0]
r
[2.5, 0.0, 0.0, 0.0, 0.0, 0.0, 0.0, 0.5, 0.0, 0.0, 0.0, 0.0, 0.0, 0.0, 0.0, 0.0, 0.0, 0.0, 0.5, 0.0, 0.0, 1.0, 0.0, 0.5, 0.0, 0.0, 0.0, 0.0, 0.0, 0.0, 0.0, 0.0, 0.0, 0.0, 0.5, 0.0, 0.0, 0.0, 0.0, 0.0, 0.0, 0.0, 0.0, 0.5, 0.0, 0.0, 0.0, 0.0, 0.0, 0.0, 0.0, 0.0, 0.0, 0.0, 0.5, 0.0, 0.0, 0.0, 0.0, 0.0, 0.0, 0.0, 0.0, 0.0, 0.5, 0.0, 0.0, 0.0, 0.0, 0.0, 0.0, 0.0, 0.0, 0.0, 0.0, 0.0, 0.0, 0.0, 0.0, 0.0, 0.0, 0.0, 0.0, 0.0, 0.0, 0.5, 0.0, 0.0, 0.0, 0.0, 0.0, 0.0, 0.0, 0.0, 0.5, 0.0, 0.0, 0.0, 0.0, 0.0, 0.0, 0.0, 0.0, 0.0, 0.5, 0.0, 0.0, 0.0, 0.0, 0.0, 0.0, 0.0, 0.0, 0.0, 0.0, 0.0, 1.0, 0.0, 0.0, 0.0, 0.0, 0.0, 0.0, 0.0, 0.0, 0.0, 0.5, 0.0, 0.0, 0.0, 0.0, 0.0, 0.0, 0.0, 0.0, 0.0]
wrqm
[0.0, 0.0, 1653.5, 0.0, 984.58, 5137.0, 218.59, 0.0, 5104.5, 370.5, 989.0, 4545.0, 0.0, 994.47, 4508.5, 0.0, 989.0, 4087.0, 571.64, 0.0, 4511.5, 267.5, 0.0, 3486.5, 0.0, 0.0, 758.5, 0.0, 0.0, 1988.94, 1969.15, 4213.07, 0.0, 0.0, 1979.0, 989.5, 1979.0, 4389.5, 0.0, 988.5, 989.5, 1969.15, 994.47, 4336.82, 0.0, 2773.0, 1588.0, 0.0, 4095.98, 265.33, 0.0, 4476.0, 0.0, 0.0, 1979.0, 994.47, 4135.82, 1190.45, 0.0, 989.5, 1969.15, 994.47, 4358.5, 0.0, 984.08, 994.47, 1968.66, 3287.0, 2022.11, 0.0, 989.0, 1978.5, 994.47, 4233.33, 0.0, 0.0, 4340.8, 0.0, 2290.5, 2070.0, 0.0, 3679.0, 681.5, 0.0, 989.5, 1988.94, 984.58, 4337.5, 0.0, 984.58, 989.5, 1979.0, 4378.5, 0.0, 0.0, 1987.94, 984.58, 3307.5, 1955.5, 0.0, 984.08, 989.5, 1978.5, 4321.0, 0.0, 0.0, 4266.33, 0.0, 0.0, 4327.36, 0.0, 0.0, 1979.0, 1978.5, 4083.0, 320.4, 0.0, 989.5, 1979.0, 994.47, 4269.15, 0.0, 989.0, 984.58, 1988.94, 4283.0, 0.0, 0.0, 1968.66, 994.47, 3759.0, 1624.5, 0.0, 3286.5, 1052.5, 0.0]
w
[0.0, 0.0, 60.5, 0.0, 34.33, 108.0, 79.9, 0.0, 110.5, 81.5, 7.5, 117.0, 70.0, 1.01, 125.5, 66.17, 9.0, 91.0, 99.0, 0.0, 96.5, 74.5, 0.0, 107.0, 19.5, 0.0, 31.0, 0.0, 0.0, 69.35, 40.3, 115.58, 62.81, 0.0, 69.0, 34.5, 69.0, 148.0, 7.0, 1.0, 69.0, 67.16, 36.18, 153.23, 0.0, 23.5, 132.0, 0.0, 81.41, 74.37, 0.0, 105.5, 54.0, 0.0, 67.5, 36.18, 77.61, 115.08, 0.0, 34.5, 62.19, 41.21, 155.0, 0.0, 32.34, 37.19, 69.15, 43.0, 145.73, 0.0, 35.0, 35.0, 69.35, 148.26, 2.01, 0.0, 154.73, 0.0, 13.0, 143.0, 0.0, 56.0, 99.5, 0.0, 34.5, 65.33, 38.31, 157.0, 0.0, 11.94, 57.0, 51.5, 120.5, 53.0, 0.0, 51.76, 52.74, 43.0, 143.0, 0.0, 27.86, 41.5, 69.5, 122.5, 30.5, 0.0, 152.26, 0.0, 0.0, 154.73, 0.0, 0.0, 69.0, 43.0, 105.5, 80.1, 0.0, 34.5, 69.0, 34.67, 151.74, 0.0, 15.0, 54.23, 52.26, 123.0, 46.0, 0.0, 46.77, 57.29, 53.5, 136.5, 0.0, 45.0, 109.5, 0.0]
avgrqsz
[9.6, 0.0, 226.64, 0.0, 237.45, 238.52, 233.66, 24.0, 238.19, 233.33, 224.53, 237.71, 233.31, 240.0, 238.18, 231.52, 227.11, 238.37, 230.68, 0.0, 233.74, 226.12, 0.0, 233.3, 196.72, 0.0, 203.74, 0.0, 0.0, 237.45, 237.83, 232.87, 235.2, 0.0, 236.55, 237.45, 237.45, 234.3, 240.0, 124.0, 235.65, 238.7, 235.11, 233.76, 0.0, 230.13, 232.76, 0.0, 236.15, 227.41, 0.0, 236.59, 224.52, 0.0, 236.65, 236.56, 236.72, 225.36, 0.0, 237.45, 238.59, 235.71, 232.95, 0.0, 233.09, 235.14, 235.74, 237.95, 232.17, 0.0, 234.06, 234.06, 237.45, 233.66, 214.0, 0.0, 232.44, 0.0, 222.15, 232.48, 0.0, 234.57, 231.08, 0.0, 237.45, 237.07, 235.43, 229.02, 0.0, 240.0, 236.91, 238.29, 238.64, 219.47, 64.0, 235.96, 234.42, 237.95, 233.29, 0.0, 235.86, 235.66, 235.74, 239.02, 210.32, 0.0, 232.16, 0.0, 0.0, 231.74, 0.0, 0.0, 237.45, 237.95, 230.26, 228.27, 36.0, 237.45, 237.45, 237.45, 233.08, 0.0, 232.27, 236.7, 238.31, 238.57, 217.98, 0.0, 234.47, 237.82, 238.36, 233.23, 0.0, 232.53, 232.73, 0.0]
wMB
[0.0, 0.0, 6.7, 0.0, 3.98, 12.58, 9.12, 0.0, 12.85, 9.29, 0.82, 13.58, 7.97, 0.12, 14.6, 7.48, 1.0, 10.59, 11.21, 0.0, 11.01, 8.32, 0.0, 12.24, 1.87, 0.0, 3.08, 0.0, 0.0, 8.04, 4.68, 13.14, 7.21, 0.0, 8.0, 4.0, 8.0, 16.93, 0.82, 0.06, 7.94, 7.83, 4.15, 17.54, 0.0, 2.64, 15.0, 0.0, 9.39, 8.26, 0.0, 12.19, 5.92, 0.0, 7.84, 4.18, 8.97, 12.66, 0.0, 4.0, 7.25, 4.74, 17.63, 0.0, 3.73, 4.27, 7.96, 5.0, 16.52, 0.0, 4.0, 4.0, 8.04, 16.92, 0.21, 0.0, 17.56, 0.0, 1.41, 16.23, 0.0, 6.41, 11.23, 0.0, 4.0, 7.61, 4.4, 17.56, 0.0, 1.4, 6.59, 5.99, 14.04, 5.68, 0.0, 5.96, 6.04, 5.0, 16.29, 0.0, 3.21, 4.78, 8.0, 14.3, 3.18, 0.0, 17.26, 0.0, 0.0, 17.51, 0.0, 0.0, 8.0, 5.0, 11.86, 8.93, 0.0, 4.0, 8.0, 4.02, 17.27, 0.0, 1.7, 6.27, 6.08, 14.33, 4.95, 0.0, 5.35, 6.65, 6.23, 15.54, 0.0, 5.11, 12.44, 0.0]
rrqm
[0.5, 0.0, 0.0, 0.0, 0.0, 0.0, 0.0, 1.0, 0.0, 0.0, 0.0, 0.0, 0.0, 0.0, 0.0, 0.0, 0.0, 0.0, 0.0, 0.0, 0.0, 2.5, 0.0, 1.0, 0.0, 0.0, 0.0, 0.0, 0.0, 0.0, 0.0, 0.0, 0.0, 0.0, 6.5, 0.0, 0.0, 0.0, 0.0, 0.0, 0.0, 0.0, 0.0, 1.49, 0.0, 0.0, 0.0, 0.0, 0.0, 0.0, 0.0, 0.0, 0.0, 0.0, 3.5, 0.0, 0.0, 0.0, 0.0, 0.0, 0.0, 0.0, 0.0, 0.0, 0.5, 0.0, 0.0, 0.0, 0.0, 0.0, 0.0, 0.0, 0.0, 0.0, 0.0, 0.0, 0.0, 0.0, 0.0, 0.0, 0.0, 0.0, 0.0, 0.0, 0.0, 1.51, 0.0, 0.0, 0.0, 0.0, 0.0, 0.0, 0.0, 0.0, 3.5, 0.0, 0.0, 0.0, 0.0, 0.0, 0.0, 0.0, 0.0, 0.0, 0.5, 0.0, 0.0, 0.0, 0.0, 0.0, 0.0, 0.0, 0.0, 0.0, 0.0, 0.0, 3.5, 0.0, 0.0, 0.0, 0.0, 0.0, 0.0, 0.0, 0.0, 0.0, 0.5, 0.0, 0.0, 0.0, 0.0, 0.0, 0.0, 0.0, 0.0, 0.0]
w_await
[0.0, 0.0, 286.74, 0.0, 191.25, 343.37, 686.52, 0.0, 284.31, 711.02, 44.27, 382.46, 728.17, 14.0, 391.11, 671.88, 51.11, 296.22, 728.22, 0.0, 655.48, 667.57, 0.0, 434.22, 648.21, 0.0, 133.03, 0.0, 0.0, 199.19, 162.47, 360.71, 665.7, 0.0, 180.49, 187.19, 204.32, 520.95, 740.29, 6.0, 186.58, 180.5, 187.17, 554.86, 0.0, 117.36, 599.39, 0.0, 371.33, 721.89, 0.0, 477.35, 703.3, 0.0, 180.62, 193.44, 210.79, 648.02, 0.0, 209.22, 169.82, 213.17, 531.42, 0.0, 168.86, 193.57, 186.62, 172.28, 594.74, 0.0, 177.83, 189.31, 180.96, 525.05, 782.0, 0.0, 544.59, 0.0, 71.23, 572.17, 0.0, 271.04, 682.19, 0.0, 189.57, 179.05, 204.47, 530.94, 0.0, 71.33, 211.89, 184.85, 446.39, 659.58, 0.0, 150.1, 211.81, 163.07, 576.84, 0.0, 142.14, 193.93, 194.13, 495.18, 716.98, 0.0, 536.51, 0.0, 0.0, 532.55, 0.0, 0.0, 185.57, 162.56, 352.08, 722.26, 0.0, 185.16, 185.07, 182.55, 525.05, 0.0, 141.6, 228.51, 177.23, 433.25, 704.04, 0.0, 149.28, 223.61, 174.62, 627.06, 0.0, 211.78, 656.4, 0.0]
