100 datos recogidos

cpu data:

user
[38.31, 36.68, 33.0, 34.5, 34.83, 36.5, 35.18, 38.12, 37.5, 38.5, 35.18, 38.0, 36.18, 36.32, 38.31, 32.5, 34.17, 38.5, 38.0, 35.0, 40.3, 37.0, 39.2, 30.5, 37.5, 38.0, 38.81, 39.39, 39.3, 38.5, 37.0, 36.0, 41.0, 37.69, 34.5, 37.0, 35.0, 34.83, 38.0, 37.19, 36.68, 37.81, 34.0, 37.5, 34.5, 37.5, 40.7, 36.32, 34.83, 37.69, 38.5, 42.5, 35.5, 40.0, 38.81, 40.7, 27.78, 38.0, 41.0, 32.5, 36.5, 40.0, 38.5, 40.3, 33.67, 42.5, 39.5, 36.5, 39.7, 39.3, 39.2, 35.82, 40.0, 35.5, 40.0, 37.5, 40.5, 40.0, 41.0, 37.0, 37.5, 37.5, 36.5, 36.5, 40.5, 36.18, 37.81, 40.0, 43.0, 44.5, 38.0, 39.0, 37.5, 35.0, 40.5, 38.5, 38.0, 40.0, 36.5, 44.0]
nice
[0.0, 0.0, 0.0, 0.0, 0.0, 0.0, 0.0, 0.5, 0.0, 0.0, 0.0, 0.0, 0.0, 0.0, 0.0, 0.0, 0.0, 0.0, 0.0, 0.0, 0.0, 0.0, 0.0, 0.0, 0.0, 0.0, 0.0, 0.0, 0.0, 0.0, 0.0, 0.0, 0.0, 0.0, 0.0, 0.0, 0.0, 0.5, 0.0, 0.0, 0.0, 0.0, 0.0, 0.0, 0.0, 0.0, 0.0, 0.5, 0.0, 0.0, 0.0, 0.0, 0.0, 0.0, 0.0, 0.0, 0.0, 0.0, 0.0, 0.0, 0.0, 0.0, 0.0, 0.0, 0.0, 0.0, 0.0, 1.0, 0.0, 0.0, 0.0, 0.0, 0.0, 0.0, 0.0, 0.0, 0.0, 0.0, 0.0, 0.0, 0.0, 0.0, 0.0, 0.0, 0.0, 0.0, 0.0, 0.5, 0.0, 0.0, 0.0, 0.0, 0.0, 0.0, 0.0, 0.0, 0.0, 0.0, 0.0, 0.0]
system
[60.7, 63.32, 67.0, 65.5, 65.17, 62.0, 64.82, 61.39, 62.5, 61.5, 61.81, 62.0, 62.81, 63.68, 61.69, 62.0, 65.83, 61.5, 62.0, 65.0, 59.7, 63.0, 60.8, 69.5, 62.0, 62.0, 61.19, 60.61, 60.7, 61.5, 63.0, 60.0, 59.0, 62.31, 65.5, 63.0, 61.5, 64.68, 62.0, 59.8, 53.77, 62.19, 66.0, 62.5, 65.5, 62.5, 59.3, 63.18, 65.17, 56.78, 61.5, 57.5, 64.5, 60.0, 61.19, 59.3, 41.92, 62.0, 59.0, 67.5, 63.5, 60.0, 58.5, 59.7, 59.3, 57.5, 60.5, 62.5, 60.3, 60.7, 60.8, 64.18, 60.0, 63.5, 60.0, 62.5, 59.5, 60.0, 58.0, 63.0, 62.5, 62.5, 62.0, 63.5, 59.5, 63.82, 62.19, 59.5, 57.0, 55.5, 62.0, 59.5, 62.5, 65.0, 59.5, 61.5, 62.0, 57.0, 63.5, 56.0]
iowait
[1.0, 0.0, 0.0, 0.0, 0.0, 1.5, 0.0, 0.0, 0.0, 0.0, 3.02, 0.0, 1.01, 0.0, 0.0, 5.5, 0.0, 0.0, 0.0, 0.0, 0.0, 0.0, 0.0, 0.0, 0.5, 0.0, 0.0, 0.0, 0.0, 0.0, 0.0, 4.0, 0.0, 0.0, 0.0, 0.0, 3.5, 0.0, 0.0, 3.02, 9.55, 0.0, 0.0, 0.0, 0.0, 0.0, 0.0, 0.0, 0.0, 5.53, 0.0, 0.0, 0.0, 0.0, 0.0, 0.0, 30.3, 0.0, 0.0, 0.0, 0.0, 0.0, 3.0, 0.0, 7.04, 0.0, 0.0, 0.0, 0.0, 0.0, 0.0, 0.0, 0.0, 1.0, 0.0, 0.0, 0.0, 0.0, 1.0, 0.0, 0.0, 0.0, 1.5, 0.0, 0.0, 0.0, 0.0, 0.0, 0.0, 0.0, 0.0, 1.5, 0.0, 0.0, 0.0, 0.0, 0.0, 3.0, 0.0, 0.0]
steal
[0.0, 0.0, 0.0, 0.0, 0.0, 0.0, 0.0, 0.0, 0.0, 0.0, 0.0, 0.0, 0.0, 0.0, 0.0, 0.0, 0.0, 0.0, 0.0, 0.0, 0.0, 0.0, 0.0, 0.0, 0.0, 0.0, 0.0, 0.0, 0.0, 0.0, 0.0, 0.0, 0.0, 0.0, 0.0, 0.0, 0.0, 0.0, 0.0, 0.0, 0.0, 0.0, 0.0, 0.0, 0.0, 0.0, 0.0, 0.0, 0.0, 0.0, 0.0, 0.0, 0.0, 0.0, 0.0, 0.0, 0.0, 0.0, 0.0, 0.0, 0.0, 0.0, 0.0, 0.0, 0.0, 0.0, 0.0, 0.0, 0.0, 0.0, 0.0, 0.0, 0.0, 0.0, 0.0, 0.0, 0.0, 0.0, 0.0, 0.0, 0.0, 0.0, 0.0, 0.0, 0.0, 0.0, 0.0, 0.0, 0.0, 0.0, 0.0, 0.0, 0.0, 0.0, 0.0, 0.0, 0.0, 0.0, 0.0, 0.0]
idle
[0.0, 0.0, 0.0, 0.0, 0.0, 0.0, 0.0, 0.0, 0.0, 0.0, 0.0, 0.0, 0.0, 0.0, 0.0, 0.0, 0.0, 0.0, 0.0, 0.0, 0.0, 0.0, 0.0, 0.0, 0.0, 0.0, 0.0, 0.0, 0.0, 0.0, 0.0, 0.0, 0.0, 0.0, 0.0, 0.0, 0.0, 0.0, 0.0, 0.0, 0.0, 0.0, 0.0, 0.0, 0.0, 0.0, 0.0, 0.0, 0.0, 0.0, 0.0, 0.0, 0.0, 0.0, 0.0, 0.0, 0.0, 0.0, 0.0, 0.0, 0.0, 0.0, 0.0, 0.0, 0.0, 0.0, 0.0, 0.0, 0.0, 0.0, 0.0, 0.0, 0.0, 0.0, 0.0, 0.0, 0.0, 0.0, 0.0, 0.0, 0.0, 0.0, 0.0, 0.0, 0.0, 0.0, 0.0, 0.0, 0.0, 0.0, 0.0, 0.0, 0.0, 0.0, 0.0, 0.0, 0.0, 0.0, 0.0, 0.0]

sdb data:

util
[23.68, 78.39, 73.0, 85.6, 69.05, 78.2, 93.47, 58.22, 79.2, 79.0, 71.56, 97.4, 70.15, 83.18, 93.73, 70.0, 96.88, 100.0, 73.6, 100.0, 75.62, 90.4, 89.25, 82.8, 94.0, 76.4, 85.17, 101.01, 77.21, 91.8, 84.2, 80.4, 100.0, 76.18, 85.0, 95.0, 67.8, 99.5, 73.0, 89.85, 100.5, 84.38, 96.8, 100.0, 78.6, 98.6, 100.5, 96.72, 99.5, 96.48, 76.4, 86.8, 68.8, 100.2, 70.05, 93.07, 101.01, 100.0, 69.6, 29.6, 54.4, 67.2, 51.4, 76.82, 100.5, 34.6, 77.6, 28.0, 58.29, 63.68, 44.62, 49.35, 53.6, 52.8, 77.0, 34.4, 60.0, 74.4, 27.8, 46.6, 60.2, 47.6, 82.0, 31.2, 35.6, 63.92, 48.56, 65.2, 35.4, 53.6, 72.4, 47.4, 48.8, 48.0, 43.2, 77.0, 15.6, 65.4, 71.0, 35.2]
r_await
[5.0, 0.0, 0.0, 0.0, 0.0, 36.0, 0.0, 84.0, 0.0, 0.0, 32.0, 0.0, 20.0, 88.0, 0.0, 108.0, 0.0, 0.0, 0.0, 0.0, 0.0, 0.0, 0.0, 0.0, 0.0, 0.0, 0.0, 0.0, 112.0, 0.0, 0.0, 80.0, 0.0, 0.0, 0.0, 0.0, 76.0, 0.0, 0.0, 0.0, 22.0, 0.0, 0.0, 0.0, 0.0, 0.0, 0.0, 0.0, 0.0, 116.0, 0.0, 0.0, 0.0, 0.0, 0.0, 128.0, 0.0, 0.0, 0.0, 0.0, 0.0, 0.0, 64.0, 356.0, 154.0, 0.0, 0.0, 0.0, 0.0, 0.0, 0.0, 0.0, 0.0, 16.0, 0.0, 0.0, 0.0, 0.0, 0.0, 0.0, 0.0, 0.0, 32.0, 0.0, 0.0, 0.0, 68.0, 0.0, 0.0, 0.0, 0.0, 36.0, 0.0, 0.0, 0.0, 0.0, 0.0, 52.0, 0.0, 0.0]
avgqusz
[32.49, 36.24, 22.57, 101.98, 44.81, 25.13, 108.31, 17.64, 68.92, 78.74, 24.0, 124.81, 29.03, 64.57, 96.75, 22.45, 119.15, 129.9, 55.31, 139.04, 31.28, 98.69, 91.18, 28.66, 128.49, 48.22, 51.13, 139.1, 30.34, 108.87, 81.93, 41.59, 140.78, 36.3, 89.39, 97.63, 25.05, 142.54, 65.41, 73.8, 135.14, 28.19, 113.71, 143.74, 69.54, 141.37, 144.36, 98.89, 142.31, 102.59, 109.85, 81.94, 43.87, 141.3, 36.46, 102.26, 133.2, 137.65, 68.31, 8.61, 16.69, 69.05, 12.02, 40.39, 118.42, 10.82, 77.15, 8.44, 18.05, 64.0, 15.68, 32.7, 49.37, 17.3, 73.42, 11.69, 18.46, 75.8, 10.14, 43.0, 42.82, 13.92, 75.57, 10.73, 14.45, 65.54, 16.19, 58.43, 21.16, 17.46, 66.16, 15.41, 35.48, 38.53, 14.41, 77.45, 3.45, 20.07, 74.39, 12.07]
await
[224.16, 466.57, 174.33, 484.25, 704.33, 187.01, 646.6, 269.28, 276.3, 897.79, 172.2, 586.5, 614.73, 272.15, 958.86, 191.4, 613.28, 920.08, 558.39, 848.55, 662.69, 421.05, 1057.19, 213.26, 564.79, 927.71, 209.68, 819.9, 665.52, 465.27, 1067.54, 207.32, 723.16, 774.98, 407.37, 1008.07, 196.45, 674.87, 1258.16, 318.06, 990.88, 619.17, 479.14, 1092.77, 1209.82, 681.24, 1135.86, 888.63, 915.74, 1270.06, 626.36, 1161.59, 228.3, 697.84, 1220.96, 458.68, 1698.9, 1383.31, 569.58, 385.68, 137.55, 495.0, 131.11, 209.29, 788.41, 253.06, 400.43, 441.62, 138.14, 508.47, 154.14, 153.26, 644.4, 137.26, 350.48, 484.03, 142.56, 531.96, 147.35, 208.8, 577.36, 151.63, 467.91, 156.26, 133.1, 578.27, 163.56, 242.46, 718.29, 148.91, 483.56, 155.68, 155.09, 654.89, 141.47, 375.17, 949.5, 152.08, 522.02, 135.36]
rMB
[0.01, 0.0, 0.0, 0.0, 0.0, 0.01, 0.0, 0.02, 0.0, 0.0, 0.04, 0.0, 0.0, 0.06, 0.0, 0.03, 0.0, 0.0, 0.0, 0.0, 0.0, 0.0, 0.0, 0.01, 0.0, 0.0, 0.0, 0.0, 0.02, 0.0, 0.0, 0.0, 0.0, 0.0, 0.0, 0.0, 0.02, 0.0, 0.0, 0.0, 0.04, 0.0, 0.0, 0.0, 0.0, 0.0, 0.0, 0.0, 0.0, 0.06, 0.0, 0.0, 0.0, 0.0, 0.01, 0.01, 0.0, 0.0, 0.0, 0.02, 0.0, 0.0, 0.01, 0.02, 0.13, 0.0, 0.0, 0.0, 0.0, 0.0, 0.0, 0.0, 0.0, 0.01, 0.0, 0.0, 0.02, 0.0, 0.0, 0.0, 0.0, 0.0, 0.01, 0.0, 0.0, 0.0, 0.02, 0.0, 0.0, 0.0, 0.0, 0.06, 0.0, 0.0, 0.0, 0.0, 0.0, 0.01, 0.0, 0.0]
svctm
[6.26, 6.05, 5.64, 6.18, 6.11, 5.95, 6.22, 5.68, 5.91, 6.32, 6.03, 6.43, 6.52, 6.36, 7.0, 6.57, 7.04, 6.92, 6.81, 6.67, 7.34, 6.41, 7.05, 6.68, 6.55, 7.35, 6.27, 7.02, 6.84, 6.53, 7.17, 6.64, 6.85, 6.92, 6.37, 7.06, 6.37, 7.09, 7.81, 7.54, 7.35, 8.23, 7.14, 7.81, 7.78, 7.36, 7.97, 7.68, 7.75, 7.38, 7.76, 7.75, 7.32, 7.45, 8.23, 7.81, 68.97, 5.25, 4.7, 5.06, 4.25, 4.82, 8.43, 6.57, 6.04, 5.24, 4.88, 5.28, 4.46, 5.06, 4.91, 4.59, 5.13, 4.74, 4.67, 5.69, 4.63, 5.22, 5.05, 4.68, 5.33, 4.58, 5.08, 5.03, 4.54, 5.23, 4.9, 4.81, 5.62, 4.79, 5.12, 4.79, 4.71, 5.42, 4.75, 4.84, 6.5, 4.95, 4.98, 4.66]
r
[1.99, 0.0, 0.0, 0.0, 0.0, 0.5, 0.0, 0.5, 0.0, 0.0, 1.01, 0.0, 0.5, 0.5, 0.0, 0.5, 0.0, 0.0, 0.0, 0.0, 0.0, 0.0, 0.0, 0.5, 0.0, 0.0, 0.0, 0.0, 0.5, 0.0, 0.0, 0.5, 0.0, 0.0, 0.0, 0.0, 1.0, 0.0, 0.0, 0.0, 1.01, 0.0, 0.0, 0.0, 0.0, 0.0, 0.0, 0.0, 0.0, 0.5, 0.0, 0.0, 0.0, 0.0, 1.0, 0.5, 0.0, 0.0, 0.0, 0.5, 0.0, 0.0, 0.5, 0.5, 1.01, 0.0, 0.0, 0.0, 0.0, 0.0, 0.0, 0.0, 0.0, 0.5, 0.0, 0.0, 0.5, 0.0, 0.0, 0.0, 0.0, 0.0, 0.5, 0.0, 0.0, 0.0, 0.5, 0.0, 0.0, 0.0, 0.0, 0.5, 0.0, 0.0, 0.0, 0.0, 0.0, 0.5, 0.0, 0.0]
wrqm
[2958.71, 1991.46, 3966.5, 6359.5, 1249.75, 3963.5, 4884.42, 2945.54, 5872.0, 1779.0, 3984.92, 5663.5, 1992.46, 5867.66, 1911.44, 3966.0, 5365.33, 3360.5, 4471.5, 3829.0, 1971.64, 6389.0, 1473.37, 3965.0, 6360.0, 990.5, 6361.19, 3446.97, 1971.64, 6399.5, 1438.0, 5980.0, 3789.0, 1991.96, 5907.5, 1897.0, 5489.5, 4326.37, 493.5, 5962.81, 2892.96, 1971.64, 6406.0, 3902.5, 778.0, 6362.0, 3568.34, 3885.57, 3914.43, 1731.66, 4908.5, 1465.0, 4957.5, 3680.0, 986.07, 5398.99, 501.01, 5035.5, 3909.0, 1982.5, 2975.0, 4213.5, 1982.0, 5263.18, 3135.68, 1982.0, 5227.5, 990.0, 3985.93, 3817.41, 2989.45, 5403.98, 811.0, 3965.0, 5240.5, 991.0, 3967.0, 4300.0, 1982.5, 4906.5, 1352.5, 2974.5, 4775.0, 1982.0, 4515.5, 1412.56, 2958.21, 5862.0, 991.0, 2974.5, 3845.0, 2973.5, 5439.0, 407.5, 2974.0, 5328.0, 0.0, 3964.5, 4290.0, 2974.5]
w
[35.82, 129.65, 129.5, 138.5, 112.94, 131.0, 150.25, 101.98, 134.0, 125.0, 117.59, 151.5, 107.04, 130.35, 133.83, 106.0, 137.69, 144.5, 108.0, 150.0, 102.99, 141.0, 126.63, 123.5, 143.5, 104.0, 135.82, 143.94, 112.44, 140.5, 117.5, 120.5, 146.0, 110.05, 133.5, 134.5, 105.5, 140.3, 93.5, 119.1, 135.68, 102.49, 135.5, 128.0, 101.0, 134.0, 126.13, 125.87, 128.36, 130.15, 98.5, 112.0, 94.0, 134.5, 84.08, 118.59, 14.65, 190.5, 148.0, 58.0, 128.0, 139.5, 60.5, 116.42, 165.33, 66.0, 159.0, 53.0, 130.65, 125.87, 90.95, 107.46, 104.5, 111.0, 165.0, 60.5, 129.0, 142.5, 55.0, 99.5, 113.0, 104.0, 161.0, 62.0, 78.5, 122.11, 98.51, 135.5, 63.0, 112.0, 141.5, 98.5, 103.5, 88.5, 91.0, 159.0, 24.0, 131.5, 142.5, 75.5]
avgrqsz
[232.32, 249.3, 253.03, 251.26, 247.93, 246.87, 252.12, 253.18, 247.88, 249.66, 249.36, 249.61, 248.82, 252.84, 250.2, 251.72, 248.44, 250.82, 249.52, 253.41, 244.68, 253.13, 250.29, 249.58, 254.02, 245.0, 252.19, 250.05, 247.01, 253.47, 248.1, 249.06, 251.01, 249.94, 253.63, 249.75, 247.92, 253.9, 248.13, 252.49, 251.26, 244.47, 253.73, 250.91, 248.63, 253.43, 249.56, 248.32, 250.76, 246.37, 251.65, 248.96, 250.09, 253.89, 242.39, 249.72, 256.0, 250.81, 247.65, 248.55, 253.0, 249.63, 246.16, 248.27, 245.51, 248.0, 250.97, 243.7, 252.06, 250.62, 251.76, 252.56, 249.72, 248.11, 251.98, 248.6, 253.28, 249.4, 249.09, 252.9, 244.64, 251.85, 244.61, 249.29, 253.15, 246.85, 247.32, 252.4, 246.41, 251.25, 248.28, 249.54, 254.38, 248.36, 250.64, 253.48, 229.0, 248.36, 248.84, 252.61]
wMB
[4.28, 15.78, 16.0, 16.99, 13.67, 15.84, 18.5, 12.65, 16.22, 15.24, 14.4, 18.46, 13.06, 16.09, 16.35, 13.06, 16.7, 17.7, 13.16, 18.56, 12.3, 17.43, 15.48, 15.1, 17.8, 12.44, 16.72, 17.57, 13.61, 17.39, 14.23, 14.71, 17.89, 13.43, 16.53, 16.4, 12.88, 17.39, 11.33, 14.68, 16.73, 12.23, 16.79, 15.68, 12.26, 16.58, 15.37, 15.26, 15.72, 15.66, 12.1, 13.62, 11.48, 16.67, 10.06, 14.51, 1.83, 23.33, 17.9, 7.08, 15.81, 17.0, 7.32, 14.15, 19.81, 7.99, 19.48, 6.31, 16.08, 15.4, 11.18, 13.25, 12.74, 13.5, 20.3, 7.34, 16.0, 17.35, 6.69, 12.29, 13.5, 12.79, 19.28, 7.55, 9.7, 14.72, 11.94, 16.7, 7.58, 13.74, 17.15, 12.0, 12.86, 10.73, 11.14, 19.68, 2.68, 16.0, 17.31, 9.31]
rrqm
[1.49, 0.0, 0.0, 0.0, 0.0, 1.5, 0.0, 3.47, 0.0, 0.0, 8.54, 0.0, 0.0, 15.42, 0.0, 6.5, 0.0, 0.0, 0.0, 0.0, 0.0, 0.0, 0.0, 1.5, 0.0, 0.0, 0.0, 0.0, 3.48, 0.0, 0.0, 0.5, 0.0, 0.0, 0.0, 0.0, 3.5, 0.0, 0.0, 0.0, 8.54, 0.0, 0.0, 0.0, 0.0, 0.0, 0.0, 0.0, 0.0, 14.07, 0.0, 0.0, 0.0, 0.0, 1.49, 2.51, 0.0, 0.0, 0.0, 5.5, 0.0, 0.0, 7.0, 0.0, 31.16, 0.0, 0.0, 0.0, 0.0, 0.0, 0.0, 0.0, 0.0, 1.5, 0.0, 0.0, 3.5, 0.0, 0.0, 0.0, 0.0, 0.0, 1.5, 0.0, 0.0, 0.0, 3.48, 0.0, 0.0, 0.0, 0.0, 15.5, 0.0, 0.0, 0.0, 0.0, 0.0, 1.5, 0.0, 0.0]
w_await
[236.33, 466.57, 174.33, 484.25, 704.33, 187.59, 646.6, 270.17, 276.3, 897.79, 173.4, 586.5, 617.52, 272.85, 958.86, 191.79, 613.28, 920.08, 558.39, 848.55, 662.69, 421.05, 1057.19, 214.12, 564.79, 927.71, 209.68, 819.9, 667.96, 465.27, 1067.54, 207.85, 723.16, 774.98, 407.37, 1008.07, 197.59, 674.87, 1258.16, 318.06, 998.06, 619.17, 479.14, 1092.77, 1209.82, 681.24, 1135.86, 888.63, 915.74, 1274.52, 626.36, 1161.59, 228.3, 697.84, 1235.41, 460.08, 1698.9, 1383.31, 569.58, 389.0, 137.55, 495.0, 131.67, 208.67, 792.27, 253.06, 400.43, 441.62, 138.14, 508.47, 154.14, 153.26, 644.4, 137.8, 350.48, 484.03, 143.12, 531.96, 147.35, 208.8, 577.36, 151.63, 469.27, 156.26, 133.1, 578.27, 164.04, 242.46, 718.29, 148.91, 483.56, 156.28, 155.09, 654.89, 141.47, 375.17, 949.5, 152.46, 522.02, 135.36]
