28 datos recogidos

cpu data:

user
[1.3, 0.0, 0.0, 0.0, 0.0, 0.0, 0.0, 0.0, 0.72, 0.0, 0.0, 0.0, 0.0, 0.0, 0.0, 0.0, 0.0, 0.7, 0.0, 0.0, 0.72, 0.0, 0.66, 0.0, 0.0, 0.72, 0.0, 0.0]
nice
[0.0, 0.0, 0.0, 0.76, 0.0, 0.0, 0.0, 0.0, 0.0, 0.0, 0.0, 0.0, 0.0, 0.0, 0.0, 0.0, 0.0, 0.0, 0.0, 0.0, 0.0, 0.0, 0.0, 0.74, 0.0, 0.0, 0.0, 0.0]
system
[37.66, 13.77, 21.33, 12.98, 17.29, 18.06, 11.81, 16.78, 19.42, 17.29, 16.42, 19.53, 18.71, 16.13, 17.21, 16.67, 19.12, 18.88, 13.85, 13.28, 15.94, 14.29, 18.54, 18.38, 15.27, 15.11, 14.71, 11.72]
iowait
[61.04, 86.23, 78.67, 86.26, 82.71, 81.94, 88.19, 83.22, 79.86, 82.71, 83.58, 80.47, 81.29, 83.87, 82.79, 83.33, 80.88, 80.42, 86.15, 86.72, 83.33, 85.71, 80.79, 80.88, 84.73, 84.17, 85.29, 88.28]
steal
[0.0, 0.0, 0.0, 0.0, 0.0, 0.0, 0.0, 0.0, 0.0, 0.0, 0.0, 0.0, 0.0, 0.0, 0.0, 0.0, 0.0, 0.0, 0.0, 0.0, 0.0, 0.0, 0.0, 0.0, 0.0, 0.0, 0.0, 0.0]
idle
[0.0, 0.0, 0.0, 0.0, 0.0, 0.0, 0.0, 0.0, 0.0, 0.0, 0.0, 0.0, 0.0, 0.0, 0.0, 0.0, 0.0, 0.0, 0.0, 0.0, 0.0, 0.0, 0.0, 0.0, 0.0, 0.0, 0.0, 0.0]

sda data:

util
[116.36, 144.93, 133.6, 152.67, 150.38, 139.17, 157.48, 139.86, 143.88, 150.38, 149.25, 156.25, 143.88, 161.29, 163.93, 144.93, 147.06, 139.86, 153.85, 156.25, 144.93, 150.38, 132.45, 147.06, 152.67, 143.88, 147.35, 137.93]
r_await
[10.0, 44.0, 0.0, 0.0, 0.0, 0.0, 0.0, 0.0, 0.0, 0.0, 0.0, 0.0, 0.0, 0.0, 0.0, 0.0, 56.0, 0.0, 0.0, 0.0, 0.0, 0.0, 0.0, 0.0, 0.0, 0.0, 0.0, 0.0]
avgqusz
[162.36, 207.06, 172.41, 218.48, 215.62, 199.85, 225.2, 187.49, 206.23, 215.18, 205.15, 223.36, 186.55, 230.86, 234.3, 191.27, 210.17, 197.31, 219.73, 224.2, 196.54, 215.29, 172.32, 209.66, 218.12, 204.62, 211.35, 178.19]
await
[259.32, 383.83, 355.96, 335.9, 343.67, 367.64, 340.84, 327.51, 352.4, 305.2, 336.68, 322.02, 324.88, 293.62, 322.19, 344.17, 347.65, 326.51, 372.64, 350.44, 340.2, 350.57, 337.3, 353.07, 351.02, 335.45, 393.95, 368.02]
rMB
[0.01, 0.0, 0.0, 0.0, 0.0, 0.0, 0.0, 0.0, 0.0, 0.0, 0.0, 0.0, 0.0, 0.0, 0.0, 0.0, 0.0, 0.0, 0.0, 0.0, 0.0, 0.0, 0.0, 0.0, 0.0, 0.0, 0.0, 0.0]
svctm
[2.39, 2.55, 2.61, 2.42, 2.32, 2.57, 2.39, 2.48, 2.44, 2.36, 2.37, 2.19, 2.41, 2.24, 2.19, 2.43, 2.46, 2.49, 2.5, 2.42, 2.49, 2.45, 2.56, 2.48, 2.46, 2.53, 2.59, 2.62]
r
[2.6, 0.72, 0.0, 0.0, 0.0, 0.0, 0.0, 0.0, 0.0, 0.0, 0.0, 0.0, 0.0, 0.0, 0.0, 0.0, 0.74, 0.0, 0.0, 0.0, 0.0, 0.0, 0.0, 0.0, 0.0, 0.0, 0.0, 0.0]
wrqm
[0.0, 0.0, 8.67, 0.0, 0.0, 8.33, 0.0, 7.69, 0.72, 0.0, 9.7, 0.78, 7.91, 1.61, 0.82, 7.97, 0.74, 6.99, 0.0, 0.0, 7.25, 0.75, 6.62, 0.74, 0.0, 8.63, 0.0, 8.28]
w
[485.06, 567.39, 512.67, 631.3, 647.37, 541.67, 659.84, 565.03, 588.49, 636.84, 630.6, 712.5, 597.84, 718.55, 747.54, 595.65, 597.79, 562.24, 615.38, 646.09, 582.61, 614.29, 517.22, 591.91, 621.37, 569.06, 568.38, 526.9]
avgrqsz
[253.58, 254.63, 254.29, 252.6, 249.51, 250.94, 250.97, 251.04, 250.92, 252.77, 251.62, 251.58, 251.01, 252.67, 251.58, 250.77, 251.32, 251.57, 251.72, 252.96, 252.32, 251.73, 251.31, 252.27, 251.8, 252.47, 252.19, 252.12]
wMB
[60.37, 70.63, 63.66, 77.87, 78.87, 66.37, 80.86, 69.26, 72.1, 78.6, 77.47, 87.52, 73.27, 88.65, 91.83, 72.94, 73.45, 69.06, 75.64, 79.8, 71.78, 75.51, 63.47, 72.91, 76.4, 70.15, 69.99, 64.86]
rrqm
[0.0, 0.0, 0.0, 0.0, 0.0, 0.0, 0.0, 0.0, 0.0, 0.0, 0.0, 0.0, 0.0, 0.0, 0.0, 0.0, 0.0, 0.0, 0.0, 0.0, 0.0, 0.0, 0.0, 0.0, 0.0, 0.0, 0.0, 0.0]
w_await
[260.65, 384.26, 355.96, 335.9, 343.67, 367.64, 340.84, 327.51, 352.4, 305.2, 336.68, 322.02, 324.88, 293.62, 322.19, 344.17, 348.0, 326.51, 372.64, 350.44, 340.2, 350.57, 337.3, 353.07, 351.02, 335.45, 393.95, 368.02]
