25 datos recogidos

cpu data:

user
[0.63, 0.58, 2.87, 2.79, 7.39, 0.56, 0.0, 1.09, 0.0, 0.0, 0.0, 0.0, 0.0, 0.0, 0.0, 0.0, 0.0, 0.0, 0.0, 0.0, 0.0, 0.0, 0.58, 0.0, 0.0]
nice
[0.0, 0.0, 0.0, 0.0, 0.0, 0.0, 0.0, 0.0, 0.0, 0.0, 0.0, 0.0, 0.0, 0.0, 0.0, 0.0, 0.0, 0.0, 0.0, 0.6, 0.0, 0.0, 0.0, 0.0, 0.0]
system
[8.86, 4.05, 6.9, 3.35, 9.09, 3.35, 2.73, 4.92, 3.39, 4.4, 3.95, 5.59, 4.02, 4.0, 3.39, 3.95, 4.55, 2.78, 4.68, 8.93, 8.81, 10.0, 12.28, 9.58, 7.23]
iowait
[90.51, 95.38, 90.23, 93.85, 83.52, 96.09, 97.27, 93.99, 96.61, 95.6, 96.05, 94.41, 95.98, 96.0, 96.61, 96.05, 95.45, 97.22, 95.32, 90.48, 91.19, 90.0, 87.13, 90.42, 92.77]
steal
[0.0, 0.0, 0.0, 0.0, 0.0, 0.0, 0.0, 0.0, 0.0, 0.0, 0.0, 0.0, 0.0, 0.0, 0.0, 0.0, 0.0, 0.0, 0.0, 0.0, 0.0, 0.0, 0.0, 0.0, 0.0]
idle
[0.0, 0.0, 0.0, 0.0, 0.0, 0.0, 0.0, 0.0, 0.0, 0.0, 0.0, 0.0, 0.0, 0.0, 0.0, 0.0, 0.0, 0.0, 0.0, 0.0, 0.0, 0.0, 0.0, 0.0, 0.0]

sde data:

util
[124.56, 115.61, 114.94, 111.73, 113.64, 111.73, 109.29, 109.29, 112.99, 109.89, 112.99, 111.73, 114.94, 114.29, 112.99, 112.99, 113.64, 111.11, 116.96, 119.05, 125.79, 117.65, 116.96, 119.76, 120.48]
r_await
[0.0, 0.0, 0.0, 0.0, 0.0, 0.0, 0.0, 0.0, 0.0, 0.0, 0.0, 0.0, 0.0, 0.0, 0.0, 0.0, 0.0, 0.0, 0.0, 0.0, 0.0, 0.0, 0.0, 0.0, 0.0]
avgqusz
[179.52, 164.68, 163.9, 159.13, 163.15, 160.15, 157.5, 156.98, 163.04, 155.5, 162.3, 160.36, 164.54, 163.65, 162.43, 161.5, 164.49, 161.02, 165.87, 172.28, 180.79, 168.45, 167.39, 171.25, 172.94]
await
[606.35, 904.36, 761.16, 802.51, 793.63, 1015.68, 892.46, 867.54, 751.74, 770.4, 652.79, 677.59, 533.4, 760.14, 688.5, 687.67, 664.28, 483.34, 859.13, 672.58, 671.22, 645.3, 566.15, 728.35, 610.49]
rMB
[0.0, 0.0, 0.0, 0.0, 0.0, 0.0, 0.0, 0.0, 0.0, 0.0, 0.0, 0.0, 0.0, 0.0, 0.0, 0.0, 0.0, 0.0, 0.0, 0.0, 0.0, 0.0, 0.0, 0.0, 0.0]
svctm
[4.32, 6.45, 5.45, 6.49, 5.76, 6.21, 6.06, 5.52, 5.68, 5.09, 4.6, 4.71, 4.48, 4.61, 4.72, 4.78, 4.57, 4.46, 4.82, 4.87, 4.65, 4.45, 4.33, 4.57, 4.26]
r
[0.0, 0.0, 0.0, 0.0, 0.0, 0.0, 0.0, 0.0, 0.0, 0.0, 0.0, 0.0, 0.0, 0.0, 0.0, 0.0, 0.0, 0.0, 0.0, 0.0, 0.0, 0.0, 0.0, 0.0, 0.0]
wrqm
[1.27, 0.58, 26.44, 10.61, 7.95, 1.12, 9.84, 8.2, 0.0, 12.64, 5.65, 4.47, 8.05, 9.14, 9.04, 9.04, 9.09, 0.0, 9.36, 8.33, 0.0, 260.0, 0.58, 0.0, 48.8]
w
[288.61, 179.19, 210.92, 172.07, 197.16, 179.89, 180.33, 197.81, 198.87, 215.93, 245.76, 237.43, 256.32, 248.0, 239.55, 236.16, 248.86, 248.89, 242.69, 244.64, 270.44, 264.12, 270.18, 262.28, 282.53]
avgrqsz
[220.77, 186.35, 152.29, 133.4, 148.54, 141.28, 115.75, 132.6, 139.68, 117.79, 126.29, 129.38, 130.16, 128.08, 128.35, 128.77, 127.42, 127.31, 147.12, 197.43, 233.2, 237.18, 237.33, 231.51, 236.93]
wMB
[31.11, 16.3, 15.68, 11.21, 14.3, 12.41, 10.19, 12.81, 13.56, 12.42, 15.15, 15.0, 16.29, 15.51, 15.01, 14.85, 15.48, 15.47, 17.43, 23.58, 30.79, 30.59, 31.31, 29.65, 32.69]
rrqm
[0.0, 0.0, 0.0, 0.0, 0.0, 0.0, 0.0, 0.0, 0.0, 0.0, 0.0, 0.0, 0.0, 0.0, 0.0, 0.0, 0.0, 0.0, 0.0, 0.0, 0.0, 0.0, 0.0, 0.0, 0.0]
w_await
[606.35, 904.36, 761.16, 802.51, 793.63, 1015.68, 892.46, 867.54, 751.74, 770.4, 652.79, 677.59, 533.4, 760.14, 688.5, 687.67, 664.28, 483.34, 859.13, 672.58, 671.22, 645.3, 566.15, 728.35, 610.49]
