225 datos recogidos

cpu data:

user
[1.0, 0.51, 0.0, 0.0, 1.0, 0.0, 0.0, 0.0, 0.0, 0.5, 0.0, 0.0, 0.0, 0.0, 0.0, 0.0, 0.0, 0.0, 0.0, 0.0, 0.0, 0.5, 0.52, 0.0, 0.0, 0.0, 0.0, 0.0, 0.0, 0.5, 0.0, 0.0, 0.0, 0.0, 0.0, 0.0, 0.0, 0.0, 0.0, 0.0, 0.51, 0.0, 0.0, 0.0, 0.0, 0.5, 0.0, 0.0, 0.0, 0.51, 0.0, 0.0, 0.51, 0.0, 0.0, 0.0, 0.0, 0.5, 0.0, 0.5, 0.0, 0.0, 0.0, 0.0, 0.0, 0.0, 0.5, 0.0, 0.51, 0.0, 0.0, 0.0, 0.0, 0.5, 0.0, 0.0, 0.0, 0.5, 0.0, 0.0, 0.0, 0.0, 0.0, 0.0, 0.0, 0.0, 0.0, 0.0, 0.0, 0.0, 0.0, 0.5, 0.0, 0.0, 0.0, 0.0, 0.0, 0.5, 0.0, 0.0, 0.0, 0.0, 0.0, 0.0, 0.0, 0.0, 0.0, 0.0, 0.51, 0.0, 0.0, 0.0, 0.0, 0.0, 0.5, 0.0, 0.0, 0.0, 0.5, 0.0, 0.5, 0.0, 0.0, 0.0, 0.0, 0.51, 0.0, 0.0, 0.0, 0.0, 0.0, 0.0, 0.0, 0.0, 0.0, 0.0, 0.0, 0.0, 0.0, 0.5, 0.0, 1.0, 0.0, 0.0, 0.0, 0.0, 0.0, 0.0, 0.0, 0.5, 0.0, 0.0, 0.0, 0.0, 0.0, 0.0, 0.0, 0.0, 0.0, 0.0, 0.0, 0.0, 0.0, 0.0, 0.0, 0.0, 0.0, 0.0, 0.0, 0.0, 0.0, 0.51, 0.0, 0.0, 0.0, 0.0, 0.0, 0.0, 0.0, 0.0, 0.0, 0.0, 0.0, 0.5, 0.0, 0.0, 0.0, 0.0, 0.0, 0.0, 0.0, 0.0, 0.0, 0.0, 0.0, 0.0, 0.5, 0.0, 0.0, 0.0, 0.0, 0.5, 0.5, 0.0, 0.5, 0.0, 0.0, 0.0, 0.0, 0.0, 0.0, 0.0, 0.0, 0.0, 0.0, 0.0, 0.0, 0.0, 0.0, 0.5, 0.0, 0.0, 0.0, 0.0, 0.5]
nice
[0.0, 0.0, 0.0, 0.0, 0.0, 0.5, 0.0, 0.0, 0.0, 0.0, 0.0, 0.0, 0.0, 0.0, 0.0, 0.0, 0.0, 0.0, 0.0, 0.0, 0.0, 0.0, 0.0, 0.0, 0.0, 0.5, 0.0, 0.0, 0.0, 0.0, 0.0, 0.0, 0.0, 0.0, 0.0, 0.5, 0.0, 0.0, 0.0, 0.0, 0.0, 0.0, 0.0, 0.0, 0.0, 0.0, 0.0, 0.0, 0.0, 0.0, 0.0, 0.0, 0.0, 0.0, 0.0, 0.0, 0.0, 0.0, 0.0, 0.0, 0.0, 0.0, 0.0, 0.0, 0.0, 0.5, 0.0, 0.0, 0.0, 0.0, 0.0, 0.0, 0.0, 0.0, 0.0, 0.51, 0.0, 0.0, 0.0, 0.0, 0.0, 0.0, 0.0, 0.0, 0.0, 0.0, 0.0, 0.0, 0.0, 0.0, 0.0, 0.0, 0.0, 0.0, 0.0, 0.0, 0.0, 0.0, 0.0, 0.0, 0.0, 0.0, 0.0, 0.0, 0.0, 0.51, 0.0, 0.0, 0.0, 0.0, 0.0, 0.0, 0.0, 0.0, 0.0, 0.5, 0.0, 0.0, 0.0, 0.0, 0.0, 0.0, 0.0, 0.0, 0.0, 0.0, 0.0, 0.0, 0.0, 0.0, 0.0, 0.0, 0.0, 0.0, 0.0, 0.5, 0.0, 0.0, 0.0, 0.0, 0.0, 0.0, 0.0, 0.0, 0.0, 0.0, 0.0, 0.0, 0.0, 0.0, 0.0, 0.0, 0.0, 0.0, 0.0, 0.5, 0.0, 0.0, 0.0, 0.0, 0.0, 0.0, 0.0, 0.0, 0.0, 0.0, 0.0, 0.0, 0.0, 0.0, 0.0, 0.0, 0.0, 0.0, 0.0, 0.5, 0.0, 0.0, 0.0, 0.0, 0.0, 0.0, 0.0, 0.0, 0.0, 0.5, 0.0, 0.0, 0.0, 0.0, 0.0, 0.0, 0.0, 0.0, 0.0, 0.0, 0.0, 0.0, 0.0, 0.0, 0.0, 0.0, 0.0, 0.0, 0.0, 0.0, 0.0, 0.0, 0.0, 0.0, 0.0, 0.0, 0.0, 0.0, 0.0, 0.51, 0.0, 0.0, 0.0, 0.0, 0.0, 0.0, 0.0, 0.0, 0.0]
system
[12.0, 6.57, 1.52, 8.59, 7.46, 1.51, 8.04, 6.09, 2.01, 9.45, 1.51, 7.58, 9.05, 1.52, 7.54, 1.52, 8.59, 7.5, 2.02, 8.59, 6.57, 2.5, 8.29, 5.03, 4.02, 9.05, 1.52, 8.04, 1.52, 8.04, 7.58, 1.01, 8.12, 7.07, 1.02, 8.5, 1.51, 8.04, 2.03, 8.04, 6.06, 1.01, 8.59, 7.07, 1.51, 9.05, 1.52, 7.54, 1.51, 8.59, 7.0, 1.02, 8.08, 1.51, 7.07, 2.01, 8.54, 6.53, 2.5, 9.0, 1.52, 7.07, 1.01, 10.0, 7.54, 1.51, 8.54, 1.49, 6.06, 2.01, 9.05, 6.57, 2.0, 8.54, 1.01, 7.07, 1.5, 8.54, 1.52, 7.54, 1.01, 8.63, 7.54, 2.0, 8.08, 2.01, 7.58, 1.51, 8.54, 7.07, 1.02, 8.5, 1.01, 7.07, 1.51, 8.59, 3.52, 5.03, 1.01, 8.59, 7.04, 1.02, 8.54, 1.52, 7.04, 1.01, 8.59, 2.0, 6.09, 1.01, 9.05, 7.07, 1.01, 1.51, 8.5, 7.04, 1.51, 8.59, 1.01, 6.53, 1.51, 9.0, 1.51, 7.07, 1.01, 8.12, 1.5, 7.54, 1.01, 8.08, 2.5, 8.0, 1.01, 8.04, 1.51, 7.54, 1.5, 8.08, 1.01, 6.03, 1.01, 9.0, 3.5, 5.05, 1.01, 9.55, 7.04, 1.51, 1.01, 8.5, 1.51, 6.57, 1.51, 8.08, 1.5, 7.04, 1.01, 8.5, 1.01, 6.57, 1.01, 9.05, 1.5, 7.54, 1.01, 7.61, 1.51, 7.04, 1.01, 1.01, 8.08, 7.61, 2.0, 1.01, 8.12, 1.01, 6.5, 1.01, 7.54, 1.01, 1.01, 9.0, 0.51, 6.53, 1.01, 7.04, 1.01, 9.0, 1.01, 6.53, 0.51, 6.6, 0.51, 1.01, 9.5, 1.51, 6.5, 1.01, 7.0, 1.01, 1.01, 9.0, 8.0, 1.52, 8.0, 9.6, 1.52, 7.58, 9.5, 8.08, 1.52, 8.59, 8.04, 2.01, 9.09, 6.57, 3.52, 8.08, 8.08, 9.5, 1.52, 7.11, 8.59, 3.03, 6.03]
iowait
[87.0, 92.93, 98.48, 91.41, 91.54, 97.99, 91.96, 93.91, 97.99, 90.05, 98.49, 92.42, 90.95, 98.48, 92.46, 98.48, 91.41, 92.5, 97.98, 91.41, 93.43, 97.0, 91.19, 94.97, 95.98, 90.45, 98.48, 91.96, 98.48, 91.46, 92.42, 98.99, 91.88, 92.93, 98.98, 91.0, 98.49, 91.96, 97.97, 91.96, 93.43, 98.99, 91.41, 92.93, 98.49, 90.45, 98.48, 92.46, 98.49, 90.91, 93.0, 98.98, 91.41, 98.49, 92.93, 97.99, 91.46, 92.96, 97.5, 90.5, 98.48, 92.93, 98.99, 90.0, 92.46, 97.99, 90.95, 98.51, 93.43, 97.99, 90.95, 93.43, 98.0, 90.95, 98.99, 92.42, 98.5, 90.95, 98.48, 92.46, 98.99, 91.37, 92.46, 98.0, 91.92, 97.99, 92.42, 98.49, 91.46, 92.93, 98.98, 91.0, 98.99, 92.93, 98.49, 91.41, 96.48, 94.47, 98.99, 91.41, 92.96, 98.98, 91.46, 98.48, 92.96, 98.48, 91.41, 98.0, 93.4, 98.99, 90.95, 92.93, 98.99, 98.49, 91.0, 92.46, 98.49, 91.41, 98.49, 93.47, 97.99, 91.0, 98.49, 92.93, 98.99, 91.37, 98.5, 92.46, 98.99, 91.92, 97.5, 92.0, 98.99, 91.96, 98.49, 91.96, 98.5, 91.92, 98.99, 93.47, 98.99, 90.0, 96.5, 94.95, 98.99, 90.45, 92.96, 98.49, 98.99, 91.0, 98.49, 93.43, 98.49, 91.92, 98.5, 92.46, 98.99, 91.5, 98.99, 93.43, 98.99, 90.95, 98.5, 92.46, 98.99, 92.39, 98.49, 92.96, 98.99, 98.99, 91.92, 91.88, 98.0, 98.99, 91.88, 98.49, 93.5, 98.99, 92.46, 98.99, 98.99, 91.0, 99.49, 92.96, 98.99, 92.46, 98.99, 91.0, 98.99, 93.47, 99.49, 93.4, 99.49, 98.99, 90.5, 98.49, 93.0, 98.99, 93.0, 98.99, 98.99, 90.5, 91.5, 98.48, 91.5, 90.4, 98.48, 92.42, 90.5, 91.92, 98.48, 91.41, 91.96, 97.99, 90.91, 92.93, 96.48, 91.92, 91.92, 90.0, 98.48, 92.89, 91.41, 96.97, 93.47]
steal
[0.0, 0.0, 0.0, 0.0, 0.0, 0.0, 0.0, 0.0, 0.0, 0.0, 0.0, 0.0, 0.0, 0.0, 0.0, 0.0, 0.0, 0.0, 0.0, 0.0, 0.0, 0.0, 0.0, 0.0, 0.0, 0.0, 0.0, 0.0, 0.0, 0.0, 0.0, 0.0, 0.0, 0.0, 0.0, 0.0, 0.0, 0.0, 0.0, 0.0, 0.0, 0.0, 0.0, 0.0, 0.0, 0.0, 0.0, 0.0, 0.0, 0.0, 0.0, 0.0, 0.0, 0.0, 0.0, 0.0, 0.0, 0.0, 0.0, 0.0, 0.0, 0.0, 0.0, 0.0, 0.0, 0.0, 0.0, 0.0, 0.0, 0.0, 0.0, 0.0, 0.0, 0.0, 0.0, 0.0, 0.0, 0.0, 0.0, 0.0, 0.0, 0.0, 0.0, 0.0, 0.0, 0.0, 0.0, 0.0, 0.0, 0.0, 0.0, 0.0, 0.0, 0.0, 0.0, 0.0, 0.0, 0.0, 0.0, 0.0, 0.0, 0.0, 0.0, 0.0, 0.0, 0.0, 0.0, 0.0, 0.0, 0.0, 0.0, 0.0, 0.0, 0.0, 0.0, 0.0, 0.0, 0.0, 0.0, 0.0, 0.0, 0.0, 0.0, 0.0, 0.0, 0.0, 0.0, 0.0, 0.0, 0.0, 0.0, 0.0, 0.0, 0.0, 0.0, 0.0, 0.0, 0.0, 0.0, 0.0, 0.0, 0.0, 0.0, 0.0, 0.0, 0.0, 0.0, 0.0, 0.0, 0.0, 0.0, 0.0, 0.0, 0.0, 0.0, 0.0, 0.0, 0.0, 0.0, 0.0, 0.0, 0.0, 0.0, 0.0, 0.0, 0.0, 0.0, 0.0, 0.0, 0.0, 0.0, 0.0, 0.0, 0.0, 0.0, 0.0, 0.0, 0.0, 0.0, 0.0, 0.0, 0.0, 0.0, 0.0, 0.0, 0.0, 0.0, 0.0, 0.0, 0.0, 0.0, 0.0, 0.0, 0.0, 0.0, 0.0, 0.0, 0.0, 0.0, 0.0, 0.0, 0.0, 0.0, 0.0, 0.0, 0.0, 0.0, 0.0, 0.0, 0.0, 0.0, 0.0, 0.0, 0.0, 0.0, 0.0, 0.0, 0.0, 0.0, 0.0, 0.0, 0.0, 0.0, 0.0, 0.0]
idle
[0.0, 0.0, 0.0, 0.0, 0.0, 0.0, 0.0, 0.0, 0.0, 0.0, 0.0, 0.0, 0.0, 0.0, 0.0, 0.0, 0.0, 0.0, 0.0, 0.0, 0.0, 0.0, 0.0, 0.0, 0.0, 0.0, 0.0, 0.0, 0.0, 0.0, 0.0, 0.0, 0.0, 0.0, 0.0, 0.0, 0.0, 0.0, 0.0, 0.0, 0.0, 0.0, 0.0, 0.0, 0.0, 0.0, 0.0, 0.0, 0.0, 0.0, 0.0, 0.0, 0.0, 0.0, 0.0, 0.0, 0.0, 0.0, 0.0, 0.0, 0.0, 0.0, 0.0, 0.0, 0.0, 0.0, 0.0, 0.0, 0.0, 0.0, 0.0, 0.0, 0.0, 0.0, 0.0, 0.0, 0.0, 0.0, 0.0, 0.0, 0.0, 0.0, 0.0, 0.0, 0.0, 0.0, 0.0, 0.0, 0.0, 0.0, 0.0, 0.0, 0.0, 0.0, 0.0, 0.0, 0.0, 0.0, 0.0, 0.0, 0.0, 0.0, 0.0, 0.0, 0.0, 0.0, 0.0, 0.0, 0.0, 0.0, 0.0, 0.0, 0.0, 0.0, 0.0, 0.0, 0.0, 0.0, 0.0, 0.0, 0.0, 0.0, 0.0, 0.0, 0.0, 0.0, 0.0, 0.0, 0.0, 0.0, 0.0, 0.0, 0.0, 0.0, 0.0, 0.0, 0.0, 0.0, 0.0, 0.0, 0.0, 0.0, 0.0, 0.0, 0.0, 0.0, 0.0, 0.0, 0.0, 0.0, 0.0, 0.0, 0.0, 0.0, 0.0, 0.0, 0.0, 0.0, 0.0, 0.0, 0.0, 0.0, 0.0, 0.0, 0.0, 0.0, 0.0, 0.0, 0.0, 0.0, 0.0, 0.0, 0.0, 0.0, 0.0, 0.0, 0.0, 0.0, 0.0, 0.0, 0.0, 0.0, 0.0, 0.0, 0.0, 0.0, 0.0, 0.0, 0.0, 0.0, 0.0, 0.0, 0.0, 0.0, 0.0, 0.0, 0.0, 0.0, 0.0, 0.0, 0.0, 0.0, 0.0, 0.0, 0.0, 0.0, 0.0, 0.0, 0.0, 0.0, 0.0, 0.0, 0.0, 0.0, 0.0, 0.0, 0.0, 0.0, 0.0, 0.0, 0.0, 0.0, 0.0, 0.0, 0.0]

sda data:

util
[88.8, 96.77, 101.01, 94.95, 94.33, 100.5, 94.87, 97.66, 100.5, 90.55, 100.5, 96.36, 94.07, 101.01, 95.28, 101.52, 93.74, 95.2, 101.01, 94.34, 96.36, 100.0, 84.77, 97.29, 98.69, 93.87, 101.01, 94.87, 100.81, 94.07, 95.96, 101.01, 95.23, 95.56, 101.52, 93.4, 100.5, 94.87, 100.1, 95.28, 96.16, 101.01, 93.94, 95.56, 100.5, 93.47, 101.01, 94.87, 100.5, 93.94, 95.4, 101.52, 94.14, 100.5, 96.16, 100.5, 93.27, 95.88, 100.0, 93.0, 101.01, 96.16, 100.7, 91.6, 94.87, 100.5, 93.47, 99.5, 95.96, 100.5, 94.07, 95.76, 100.0, 93.67, 101.01, 95.96, 100.0, 92.86, 101.01, 95.48, 100.5, 95.43, 94.47, 100.0, 94.75, 100.5, 94.95, 100.5, 94.67, 95.56, 101.52, 93.4, 101.01, 96.36, 100.5, 95.15, 98.49, 97.29, 100.5, 94.34, 94.87, 101.52, 94.47, 101.01, 95.08, 101.01, 93.13, 100.0, 97.06, 100.5, 92.66, 96.36, 101.01, 100.5, 93.0, 95.68, 100.5, 94.34, 100.5, 95.48, 100.5, 91.2, 100.5, 96.16, 100.5, 94.21, 100.0, 95.08, 101.01, 94.75, 100.0, 94.8, 101.01, 94.07, 100.5, 95.28, 100.0, 94.34, 101.01, 95.88, 101.01, 93.0, 98.4, 97.78, 101.01, 92.26, 95.08, 100.5, 100.5, 94.0, 100.5, 95.96, 100.5, 94.95, 100.0, 95.08, 101.01, 93.0, 101.01, 96.16, 100.5, 93.67, 100.0, 94.67, 100.5, 95.23, 100.5, 94.87, 101.01, 100.5, 94.34, 95.84, 99.2, 100.5, 94.82, 100.5, 95.2, 100.5, 95.48, 101.01, 100.5, 93.4, 101.01, 95.68, 100.5, 95.68, 100.5, 92.6, 100.5, 95.88, 101.01, 96.24, 101.01, 100.5, 93.2, 100.5, 95.2, 100.5, 95.2, 100.5, 101.21, 93.6, 94.4, 101.01, 94.6, 94.14, 101.01, 95.56, 94.2, 95.56, 101.01, 94.75, 94.67, 100.5, 93.94, 96.36, 98.89, 95.56, 94.55, 93.0, 101.01, 96.85, 94.14, 100.0, 96.88]
r_await
[29.43, 51.46, 244.5, 41.96, 49.51, 232.5, 40.43, 53.08, 233.5, 43.27, 231.0, 51.26, 42.58, 221.78, 49.44, 233.5, 41.36, 50.7, 231.56, 43.18, 47.03, 236.0, 39.82, 72.74, 99.58, 40.7, 213.78, 51.78, 198.0, 41.14, 51.44, 254.0, 42.49, 52.11, 240.0, 41.91, 255.43, 55.14, 111.56, 51.29, 48.89, 246.0, 45.45, 52.67, 252.57, 41.87, 241.33, 48.8, 252.0, 39.55, 57.22, 284.0, 47.27, 246.0, 48.91, 266.0, 39.36, 51.78, 239.5, 41.82, 219.11, 53.11, 269.14, 41.39, 53.11, 253.0, 38.51, 361.6, 60.34, 249.5, 42.79, 51.35, 260.57, 46.09, 264.57, 53.3, 269.14, 40.27, 264.0, 49.03, 281.14, 42.76, 53.94, 258.5, 37.77, 271.0, 49.37, 285.14, 40.44, 56.11, 277.71, 41.55, 270.86, 52.33, 269.0, 42.36, 92.38, 87.43, 276.0, 39.64, 53.19, 255.5, 41.91, 250.0, 54.0, 274.29, 42.82, 220.44, 54.82, 294.67, 43.44, 56.0, 288.0, 291.43, 42.7, 51.54, 285.14, 46.64, 283.33, 58.38, 279.43, 42.29, 280.0, 50.78, 286.86, 43.35, 286.67, 59.89, 277.33, 42.13, 279.0, 48.71, 291.43, 44.37, 257.0, 47.65, 295.43, 41.81, 300.0, 52.46, 296.0, 38.29, 126.44, 67.52, 300.57, 42.38, 55.31, 315.33, 310.67, 41.55, 266.5, 54.62, 306.86, 44.86, 330.0, 48.47, 317.14, 37.66, 302.86, 55.56, 315.33, 40.47, 308.0, 49.88, 308.67, 46.64, 321.33, 59.76, 322.0, 318.0, 43.07, 59.06, 279.33, 332.67, 43.81, 358.67, 52.61, 341.33, 49.6, 348.0, 352.67, 38.33, 319.33, 60.71, 298.67, 60.24, 345.33, 44.95, 340.0, 59.78, 367.2, 58.74, 348.8, 346.0, 38.98, 340.0, 57.33, 341.33, 50.94, 342.0, 346.0, 42.6, 54.56, 213.78, 47.28, 38.78, 198.8, 49.08, 40.35, 50.74, 209.33, 39.56, 50.53, 202.4, 36.36, 53.19, 130.0, 45.9, 45.37, 41.91, 186.4, 52.11, 37.45, 112.63, 62.53]
avgqusz
[101.43, 86.4, 94.8, 95.03, 70.79, 125.13, 79.67, 62.42, 128.66, 67.99, 77.04, 124.78, 57.85, 106.07, 99.38, 68.65, 105.71, 82.17, 94.66, 94.37, 73.72, 114.33, 72.83, 61.7, 138.32, 65.11, 95.65, 108.83, 67.66, 107.02, 81.31, 102.28, 90.7, 61.5, 131.9, 67.37, 78.57, 115.43, 60.14, 107.79, 83.54, 98.62, 91.79, 59.43, 130.8, 63.41, 92.96, 106.87, 72.69, 104.22, 72.89, 129.24, 55.46, 100.7, 98.94, 86.51, 97.11, 64.74, 123.99, 69.78, 77.92, 124.18, 72.9, 99.58, 69.22, 117.65, 76.03, 97.08, 70.27, 103.55, 85.9, 55.83, 138.24, 51.91, 114.21, 78.62, 116.09, 73.77, 79.34, 114.51, 73.15, 103.04, 60.96, 129.63, 66.08, 89.48, 98.41, 91.95, 89.32, 53.62, 138.97, 54.36, 111.01, 83.76, 106.02, 87.7, 56.03, 136.06, 59.71, 111.81, 68.08, 125.64, 66.35, 87.03, 108.34, 92.46, 88.51, 61.28, 128.6, 82.01, 93.84, 49.24, 143.37, 63.98, 107.59, 56.02, 137.55, 51.51, 118.42, 65.99, 127.88, 54.73, 104.09, 83.34, 116.01, 66.81, 90.92, 93.87, 110.18, 78.44, 76.56, 105.49, 96.82, 80.72, 74.41, 110.12, 91.26, 86.13, 66.33, 122.21, 75.34, 102.42, 50.91, 137.37, 68.8, 105.87, 48.78, 142.42, 68.42, 105.94, 53.08, 134.61, 77.96, 94.81, 63.44, 115.69, 96.4, 80.87, 79.85, 96.07, 115.89, 62.29, 98.45, 72.88, 128.05, 49.86, 117.22, 55.93, 138.08, 57.03, 113.48, 46.34, 143.49, 93.37, 76.48, 89.24, 76.71, 90.77, 78.71, 134.38, 57.36, 108.33, 62.91, 103.62, 63.88, 114.54, 112.89, 49.8, 111.43, 53.97, 114.31, 53.53, 143.24, 84.89, 78.24, 89.73, 76.59, 85.99, 83.78, 129.53, 49.61, 113.52, 56.25, 83.46, 119.75, 69.23, 78.45, 122.78, 75.56, 66.88, 121.3, 82.03, 73.45, 100.91, 89.58, 88.53, 73.35, 95.88, 106.07, 68.41, 90.18, 118.12, 67.9, 77.72, 127.49]
await
[592.67, 991.68, 1725.8, 790.9, 1162.6, 1400.99, 1046.32, 1249.46, 953.88, 1227.15, 1447.27, 762.82, 1518.43, 954.43, 907.01, 1838.11, 660.62, 1028.78, 1638.4, 783.02, 1098.25, 1499.94, 952.0, 1376.61, 812.48, 1446.76, 1129.5, 852.62, 1913.36, 628.55, 1105.31, 1690.22, 871.31, 1319.39, 1141.8, 1278.24, 1408.15, 826.7, 1910.65, 715.82, 1055.13, 1645.84, 882.06, 1325.52, 1129.35, 1373.77, 1340.57, 873.67, 2001.53, 704.0, 1226.77, 1423.93, 1736.14, 1188.71, 955.95, 1953.12, 836.85, 1278.45, 1296.39, 1163.97, 1472.15, 814.46, 2188.92, 661.05, 1198.24, 1378.89, 1245.89, 1621.78, 1524.06, 1523.64, 928.05, 1401.81, 1020.97, 1678.27, 956.29, 1132.83, 1656.86, 1210.21, 1581.97, 864.35, 2151.8, 767.65, 1364.63, 1233.2, 1388.05, 1335.9, 966.26, 2011.62, 918.17, 1499.6, 1031.9, 1633.06, 1039.14, 1104.22, 1706.73, 1061.5, 1719.61, 785.82, 2297.48, 657.52, 1246.92, 1391.34, 1325.87, 1418.38, 915.23, 2071.41, 919.61, 1906.48, 756.52, 2332.56, 902.81, 1596.49, 947.93, 2445.5, 701.96, 1538.83, 1160.92, 1844.49, 970.28, 1323.59, 1356.53, 1664.92, 1205.75, 1162.26, 1745.31, 1357.71, 1472.45, 1077.29, 1916.44, 1208.24, 1650.09, 960.83, 2063.5, 1121.87, 1739.29, 944.3, 2151.51, 1008.57, 1962.65, 799.09, 2314.28, 804.23, 2035.1, 751.73, 2406.76, 739.61, 1708.33, 1027.4, 2569.56, 760.67, 2265.89, 733.8, 2353.83, 982.66, 2171.17, 848.16, 2239.1, 1228.73, 1753.15, 1057.19, 1995.56, 1513.78, 1343.78, 1313.23, 1582.34, 1921.93, 1078.81, 1639.4, 1329.65, 2713.31, 703.11, 1879.94, 914.8, 2611.39, 1276.34, 1702.34, 1442.08, 1780.57, 1281.18, 1701.77, 3104.55, 752.35, 2281.57, 981.2, 2244.86, 914.88, 2232.61, 1842.61, 1209.21, 1717.53, 1258.71, 1792.1, 1272.08, 2790.85, 1155.74, 1772.04, 1380.78, 1736.62, 1314.59, 1815.96, 3070.79, 606.84, 1564.66, 1136.94, 731.76, 1229.13, 1198.89, 719.54, 1034.36, 1030.42, 1114.11, 889.7, 979.64, 1334.04, 710.19, 931.91, 1521.45, 723.37, 788.16, 1242.46, 1119.23, 754.81, 1192.82, 1213.47, 736.69]
rMB
[0.01, 0.01, 0.0, 0.01, 0.01, 0.0, 0.01, 0.01, 0.0, 0.01, 0.0, 0.01, 0.01, 0.0, 0.01, 0.0, 0.01, 0.01, 0.0, 0.01, 0.01, 0.0, 0.01, 0.01, 0.0, 0.01, 0.0, 0.01, 0.0, 0.01, 0.01, 0.0, 0.01, 0.01, 0.0, 0.01, 0.0, 0.01, 0.0, 0.01, 0.01, 0.0, 0.01, 0.01, 0.0, 0.01, 0.0, 0.01, 0.0, 0.01, 0.01, 0.0, 0.01, 0.0, 0.01, 0.0, 0.01, 0.01, 0.0, 0.01, 0.0, 0.01, 0.0, 0.01, 0.01, 0.0, 0.01, 0.0, 0.01, 0.0, 0.01, 0.01, 0.0, 0.01, 0.0, 0.01, 0.0, 0.01, 0.0, 0.01, 0.0, 0.01, 0.01, 0.0, 0.01, 0.0, 0.01, 0.0, 0.01, 0.01, 0.0, 0.01, 0.0, 0.01, 0.0, 0.01, 0.01, 0.01, 0.0, 0.01, 0.01, 0.0, 0.01, 0.0, 0.01, 0.0, 0.01, 0.0, 0.01, 0.0, 0.01, 0.01, 0.0, 0.0, 0.01, 0.01, 0.0, 0.01, 0.0, 0.01, 0.0, 0.01, 0.0, 0.01, 0.0, 0.01, 0.0, 0.01, 0.0, 0.01, 0.0, 0.01, 0.0, 0.01, 0.0, 0.01, 0.0, 0.01, 0.0, 0.01, 0.0, 0.01, 0.0, 0.01, 0.0, 0.01, 0.01, 0.0, 0.0, 0.01, 0.0, 0.01, 0.0, 0.01, 0.0, 0.01, 0.0, 0.01, 0.0, 0.01, 0.0, 0.01, 0.0, 0.01, 0.0, 0.01, 0.0, 0.01, 0.0, 0.0, 0.01, 0.01, 0.0, 0.0, 0.01, 0.0, 0.01, 0.0, 0.01, 0.0, 0.0, 0.01, 0.0, 0.01, 0.0, 0.01, 0.0, 0.01, 0.0, 0.01, 0.0, 0.01, 0.0, 0.0, 0.01, 0.0, 0.01, 0.0, 0.01, 0.0, 0.0, 0.01, 0.01, 0.0, 0.01, 0.01, 0.0, 0.01, 0.01, 0.01, 0.0, 0.01, 0.01, 0.0, 0.01, 0.01, 0.0, 0.01, 0.01, 0.01, 0.0, 0.01, 0.01, 0.0, 0.01]
svctm
[10.27, 11.75, 14.49, 10.99, 12.31, 13.7, 10.85, 11.73, 13.79, 11.67, 13.99, 11.49, 11.28, 13.79, 11.78, 14.08, 10.73, 12.36, 13.79, 11.19, 11.78, 14.29, 10.69, 12.33, 13.18, 10.92, 13.89, 11.65, 13.86, 11.7, 12.42, 14.81, 11.58, 12.45, 14.29, 11.9, 15.38, 12.26, 14.19, 12.47, 12.13, 14.81, 11.41, 12.87, 15.04, 11.77, 15.04, 12.34, 15.04, 11.48, 13.63, 17.24, 13.13, 14.81, 12.69, 16.0, 11.6, 12.55, 14.81, 11.62, 14.71, 12.44, 15.9, 11.45, 12.76, 15.04, 12.74, 22.22, 14.39, 15.04, 11.63, 12.81, 15.62, 12.18, 15.87, 13.1, 16.0, 12.32, 15.87, 12.93, 16.67, 12.53, 12.88, 15.38, 11.95, 16.26, 13.43, 17.09, 12.15, 13.42, 16.53, 12.13, 15.87, 12.98, 15.87, 12.15, 14.74, 14.24, 16.39, 12.21, 13.02, 15.04, 12.53, 15.62, 13.42, 16.39, 12.81, 17.24, 13.76, 17.54, 12.72, 13.63, 17.39, 17.39, 13.19, 13.9, 16.95, 12.62, 17.24, 13.87, 16.67, 13.12, 16.81, 13.8, 16.81, 13.26, 17.39, 13.91, 17.09, 12.76, 17.39, 14.04, 17.86, 13.28, 17.7, 14.15, 17.39, 13.34, 17.7, 14.03, 17.54, 13.29, 16.4, 14.56, 17.7, 12.93, 14.23, 18.69, 18.52, 13.62, 18.18, 14.96, 18.35, 14.03, 19.8, 15.02, 18.69, 14.2, 18.52, 14.53, 18.52, 13.61, 18.35, 14.83, 18.87, 13.69, 19.23, 15.6, 19.23, 19.23, 13.84, 14.64, 19.84, 20.41, 14.37, 21.28, 16.0, 20.41, 15.57, 20.62, 21.05, 14.71, 20.62, 15.87, 20.41, 15.74, 20.41, 14.58, 20.2, 16.17, 21.51, 15.54, 20.62, 20.62, 14.91, 20.0, 16.14, 20.83, 16.0, 20.2, 20.88, 13.87, 12.93, 12.99, 10.23, 10.3, 12.58, 10.4, 10.18, 10.81, 12.58, 10.25, 10.64, 11.98, 10.28, 10.72, 11.93, 10.28, 10.58, 10.11, 12.42, 10.48, 10.65, 11.51, 11.08]
r
[28.0, 18.69, 4.04, 22.73, 18.41, 4.02, 23.12, 18.78, 4.02, 21.89, 4.02, 19.19, 22.61, 4.55, 18.09, 4.06, 22.22, 18.5, 4.55, 22.22, 18.69, 4.0, 23.32, 13.57, 9.55, 23.12, 4.55, 18.09, 5.05, 21.11, 18.18, 4.04, 22.84, 18.18, 4.06, 22.0, 3.52, 18.59, 9.14, 17.09, 18.18, 4.04, 22.22, 18.18, 3.52, 22.61, 4.55, 17.59, 4.02, 22.22, 18.0, 3.05, 22.22, 4.02, 17.68, 4.02, 22.11, 18.09, 4.0, 22.0, 4.55, 18.18, 3.52, 23.0, 18.09, 4.02, 21.61, 2.49, 17.68, 4.02, 21.61, 18.69, 3.5, 22.11, 3.54, 18.69, 3.5, 22.11, 4.04, 17.59, 3.52, 22.84, 17.59, 4.0, 21.72, 4.02, 17.68, 3.52, 22.61, 17.68, 3.55, 22.0, 3.54, 18.18, 4.02, 22.22, 10.55, 10.55, 3.52, 22.22, 18.59, 4.06, 22.11, 4.04, 17.09, 3.54, 22.22, 4.5, 17.26, 3.02, 21.61, 18.69, 3.03, 3.52, 21.5, 17.59, 3.52, 22.22, 3.02, 18.59, 3.52, 21.0, 3.52, 18.18, 3.52, 21.83, 3.0, 18.09, 3.03, 22.73, 4.0, 17.0, 3.54, 21.61, 4.02, 17.09, 3.5, 21.21, 3.54, 17.59, 3.54, 21.0, 9.0, 12.63, 3.54, 21.11, 17.59, 3.02, 3.02, 22.0, 4.02, 16.16, 3.52, 21.21, 3.0, 17.09, 3.54, 20.5, 3.54, 18.18, 3.02, 21.61, 3.5, 17.09, 3.02, 22.34, 3.02, 17.09, 3.03, 3.02, 21.72, 17.26, 3.0, 3.02, 21.83, 3.02, 16.5, 3.02, 17.59, 3.03, 3.02, 21.5, 3.03, 17.09, 3.02, 16.58, 3.02, 21.0, 2.51, 18.09, 2.53, 17.77, 2.53, 3.02, 21.5, 3.02, 16.5, 3.02, 17.0, 3.02, 3.03, 21.5, 18.0, 4.55, 19.5, 23.23, 5.05, 18.69, 23.0, 19.19, 4.55, 22.73, 19.1, 5.03, 22.73, 18.69, 8.04, 20.2, 19.19, 23.0, 5.05, 19.29, 22.22, 9.6, 15.08]
wrqm
[50.0, 0.51, 0.0, 93.94, 0.5, 0.0, 98.49, 0.0, 0.0, 91.54, 0.0, 3.03, 96.48, 0.0, 2.01, 0.0, 93.94, 0.0, 0.0, 96.46, 0.51, 0.0, 101.55, 0.0, 1.01, 96.48, 0.0, 1.51, 0.0, 92.96, 0.51, 0.51, 94.42, 0.0, 0.51, 94.0, 0.0, 2.01, 0.0, 95.48, 0.51, 0.51, 93.94, 0.51, 0.0, 94.47, 0.0, 0.5, 0.0, 94.44, 1.0, 0.51, 93.94, 0.0, 1.01, 0.0, 94.97, 1.01, 0.0, 94.0, 0.0, 1.01, 0.0, 98.0, 0.5, 0.5, 93.97, 0.0, 2.53, 0.0, 91.46, 0.51, 0.5, 95.48, 0.0, 0.51, 0.0, 96.48, 0.0, 1.51, 0.0, 96.95, 0.0, 1.0, 93.94, 0.0, 1.52, 0.0, 95.48, 0.51, 1.52, 94.0, 0.0, 1.01, 0.5, 93.94, 0.0, 2.51, 0.0, 94.44, 1.51, 1.52, 96.48, 0.0, 0.0, 0.0, 93.94, 0.0, 1.02, 0.0, 95.98, 0.51, 0.51, 0.0, 95.0, 0.0, 1.01, 94.95, 0.5, 0.0, 0.5, 94.5, 0.0, 0.51, 0.5, 96.95, 0.0, 1.51, 0.51, 95.96, 0.0, 1.5, 0.0, 94.47, 0.0, 1.51, 0.0, 95.96, 0.0, 1.01, 0.0, 92.5, 0.0, 1.52, 0.0, 93.47, 1.51, 0.5, 0.0, 94.5, 0.0, 0.51, 0.0, 92.93, 0.0, 1.51, 0.0, 93.0, 0.0, 1.01, 0.0, 94.97, 0.0, 0.0, 1.01, 96.95, 0.0, 0.5, 0.51, 0.0, 92.93, 0.0, 1.5, 0.0, 96.45, 0.0, 0.5, 0.0, 83.42, 1.52, 0.0, 56.0, 0.0, 0.0, 0.0, 82.91, 0.0, 52.0, 0.0, 0.0, 0.0, 86.29, 1.01, 0.0, 56.0, 0.0, 0.0, 0.0, 81.0, 1.01, 0.0, 56.5, 0.0, 0.51, 84.5, 56.57, 0.0, 1.01, 94.0, 0.0, 1.01, 95.96, 0.0, 0.5, 93.94, 1.01, 0.0, 94.95, 1.52, 94.0, 0.0, 2.03, 95.96, 0.0, 0.5]
w
[58.5, 63.64, 65.66, 63.64, 58.21, 69.35, 64.32, 64.47, 68.84, 55.72, 67.84, 64.65, 60.8, 68.69, 62.81, 68.02, 65.15, 58.5, 68.69, 62.12, 63.13, 66.0, 55.96, 65.33, 65.33, 62.81, 68.18, 63.32, 67.68, 59.3, 59.09, 64.14, 59.39, 58.59, 67.01, 56.5, 61.81, 58.79, 61.42, 59.3, 61.11, 64.14, 60.1, 56.06, 63.32, 56.78, 62.63, 59.3, 62.81, 59.6, 52.0, 55.84, 49.49, 63.82, 58.08, 58.79, 58.29, 58.29, 63.5, 58.0, 64.14, 59.09, 59.8, 57.0, 56.28, 62.81, 51.76, 42.29, 48.99, 62.81, 59.3, 56.06, 60.5, 54.77, 60.1, 54.55, 59.0, 53.27, 59.6, 56.28, 56.78, 53.3, 55.78, 61.0, 57.58, 57.79, 53.03, 55.28, 55.28, 53.54, 57.87, 55.0, 60.1, 56.06, 59.3, 56.06, 56.28, 57.79, 57.79, 55.05, 54.27, 63.45, 53.27, 60.61, 53.77, 58.08, 50.51, 53.5, 53.3, 54.27, 51.26, 52.02, 55.05, 54.27, 49.0, 51.26, 55.78, 52.53, 55.28, 50.25, 56.78, 48.5, 56.28, 51.52, 56.28, 49.24, 54.5, 50.25, 56.06, 51.52, 53.5, 50.5, 53.03, 49.25, 52.76, 50.25, 54.0, 49.49, 53.54, 50.75, 54.04, 49.0, 51.0, 54.55, 53.54, 50.25, 49.25, 50.75, 51.26, 47.0, 51.26, 47.98, 51.26, 46.46, 47.5, 46.23, 50.51, 45.0, 51.01, 47.98, 51.26, 47.24, 51.0, 46.73, 50.25, 47.21, 49.25, 43.72, 49.49, 49.25, 46.46, 48.22, 47.0, 46.23, 44.16, 44.22, 43.0, 46.23, 43.72, 45.96, 44.72, 42.0, 45.96, 43.22, 46.23, 44.22, 46.23, 42.5, 47.24, 41.21, 44.44, 44.16, 46.46, 45.73, 41.0, 47.24, 42.5, 45.23, 42.5, 46.73, 45.45, 46.0, 55.0, 73.23, 73.0, 68.18, 75.25, 73.23, 69.5, 69.19, 75.76, 69.7, 69.85, 78.89, 68.69, 71.21, 74.87, 72.73, 70.2, 69.0, 76.26, 73.1, 66.16, 77.27, 72.36]
avgrqsz
[159.52, 178.78, 224.64, 167.01, 177.75, 219.01, 162.61, 180.81, 225.66, 161.5, 217.29, 177.72, 168.83, 219.15, 183.28, 217.92, 165.61, 178.42, 218.21, 167.83, 180.48, 226.0, 158.12, 188.4, 204.21, 162.02, 217.95, 176.07, 211.85, 170.4, 179.84, 218.96, 158.94, 179.39, 218.57, 168.03, 227.62, 178.11, 204.62, 181.71, 176.13, 221.04, 165.07, 176.95, 221.89, 160.45, 220.04, 183.03, 215.76, 164.12, 175.74, 222.19, 149.89, 220.74, 184.29, 216.9, 168.53, 172.97, 220.56, 163.03, 212.65, 184.39, 214.02, 163.84, 175.92, 221.59, 161.01, 220.32, 170.69, 226.59, 162.23, 179.11, 222.55, 158.21, 222.53, 173.44, 221.05, 156.91, 215.56, 177.71, 223.19, 167.51, 170.43, 216.43, 161.64, 227.58, 176.54, 223.58, 165.62, 176.82, 231.73, 156.44, 228.25, 174.56, 217.08, 160.89, 197.03, 199.39, 212.19, 162.48, 172.28, 213.89, 160.69, 217.25, 177.72, 211.27, 154.86, 216.15, 176.53, 215.07, 159.37, 174.26, 224.89, 217.31, 161.0, 170.53, 225.82, 156.47, 221.77, 168.27, 217.12, 161.7, 220.83, 167.91, 224.13, 156.84, 222.24, 172.5, 219.88, 155.26, 218.71, 176.01, 217.13, 158.94, 215.93, 176.85, 217.73, 159.16, 218.82, 181.85, 219.29, 156.74, 197.22, 186.77, 215.14, 161.59, 166.46, 225.55, 219.31, 157.65, 205.45, 178.96, 214.08, 156.76, 229.6, 166.62, 217.26, 155.9, 219.47, 166.75, 219.83, 154.31, 220.03, 165.87, 220.51, 147.08, 233.37, 167.02, 229.06, 213.9, 155.13, 169.81, 216.54, 214.67, 149.08, 227.89, 169.15, 220.63, 154.99, 228.27, 214.38, 151.93, 212.93, 169.42, 213.69, 157.17, 222.67, 141.92, 227.12, 165.53, 234.03, 150.3, 228.84, 212.93, 152.57, 214.06, 166.38, 222.73, 159.55, 220.83, 217.65, 151.99, 171.7, 221.1, 180.34, 165.45, 223.46, 188.99, 168.77, 185.22, 224.31, 171.23, 186.84, 212.32, 174.29, 186.32, 211.54, 182.43, 186.47, 165.52, 219.54, 181.66, 170.55, 202.95, 197.55]
wMB
[6.72, 7.18, 7.64, 7.03, 6.64, 7.84, 6.93, 7.34, 8.03, 6.11, 7.62, 7.27, 6.87, 7.83, 7.23, 7.67, 7.05, 6.7, 7.8, 6.9, 7.2, 7.72, 6.11, 7.25, 7.46, 6.79, 7.74, 6.99, 7.52, 6.68, 6.78, 7.29, 6.37, 6.72, 7.58, 6.43, 7.26, 6.72, 7.05, 6.77, 6.81, 7.36, 6.62, 6.41, 7.24, 6.21, 7.21, 6.86, 7.04, 6.55, 6.0, 6.39, 5.24, 7.31, 6.81, 6.65, 6.61, 6.44, 7.27, 6.36, 7.13, 6.95, 6.62, 6.39, 6.38, 7.23, 5.76, 4.82, 5.55, 7.39, 6.4, 6.53, 6.95, 5.93, 6.91, 6.19, 6.74, 5.76, 6.7, 6.4, 6.57, 6.22, 6.1, 6.87, 6.25, 6.87, 6.09, 6.42, 6.29, 6.14, 6.95, 5.87, 7.09, 6.32, 6.71, 6.14, 6.42, 6.65, 6.35, 6.12, 6.12, 7.05, 5.9, 6.86, 6.14, 6.35, 5.49, 6.12, 6.07, 6.01, 5.66, 6.01, 6.38, 6.13, 5.53, 5.72, 6.54, 5.7, 6.31, 5.65, 6.39, 5.48, 6.45, 5.71, 6.54, 5.43, 6.24, 5.75, 6.34, 5.62, 6.14, 5.79, 6.0, 5.49, 5.99, 5.81, 6.11, 5.48, 6.1, 6.06, 6.16, 5.35, 5.77, 6.12, 5.99, 5.62, 5.42, 5.92, 5.81, 5.3, 5.54, 5.6, 5.72, 5.17, 5.66, 5.14, 5.73, 4.98, 5.84, 5.38, 5.82, 5.18, 5.85, 5.16, 5.73, 4.98, 5.95, 4.95, 5.87, 5.46, 5.15, 5.42, 5.29, 5.16, 4.79, 5.25, 4.91, 5.3, 4.63, 5.46, 5.0, 4.7, 5.09, 4.98, 5.14, 4.66, 5.35, 4.39, 5.52, 4.78, 5.37, 4.54, 5.47, 5.07, 4.65, 5.25, 4.79, 5.24, 4.63, 5.36, 5.15, 5.0, 6.11, 8.39, 8.14, 7.37, 8.76, 8.47, 7.61, 7.98, 8.79, 7.72, 8.1, 8.7, 7.77, 8.17, 8.56, 8.27, 8.13, 7.42, 8.71, 8.19, 7.35, 8.6, 8.43]
rrqm
[0.0, 0.0, 0.0, 0.0, 0.0, 0.0, 0.0, 0.0, 0.0, 0.0, 0.0, 0.0, 0.0, 0.0, 0.0, 0.0, 0.0, 0.0, 0.0, 0.0, 0.0, 0.0, 0.0, 0.0, 0.0, 0.0, 0.0, 0.0, 0.0, 0.0, 0.0, 0.0, 0.0, 0.0, 0.0, 0.0, 0.0, 0.0, 0.0, 0.0, 0.0, 0.0, 0.0, 0.0, 0.0, 0.0, 0.0, 0.0, 0.0, 0.0, 0.0, 0.0, 0.0, 0.0, 0.0, 0.0, 0.0, 0.0, 0.0, 0.0, 0.0, 0.0, 0.0, 0.0, 0.0, 0.0, 0.0, 0.0, 0.0, 0.0, 0.0, 0.0, 0.0, 0.0, 0.0, 0.0, 0.0, 0.0, 0.0, 0.0, 0.0, 0.0, 0.0, 0.0, 0.0, 0.0, 0.0, 0.0, 0.0, 0.0, 0.0, 0.0, 0.0, 0.0, 0.0, 0.0, 0.0, 0.0, 0.0, 0.0, 0.0, 0.0, 0.0, 0.0, 0.0, 0.0, 0.0, 0.0, 0.0, 0.0, 0.0, 0.0, 0.0, 0.0, 0.0, 0.0, 0.0, 0.0, 0.0, 0.0, 0.0, 0.0, 0.0, 0.0, 0.0, 0.0, 0.0, 0.0, 0.0, 0.0, 0.0, 0.0, 0.0, 0.0, 0.0, 0.0, 0.0, 0.0, 0.0, 0.0, 0.0, 0.0, 0.0, 0.0, 0.0, 0.0, 0.0, 0.0, 0.0, 0.0, 0.0, 0.0, 0.0, 0.0, 0.0, 0.0, 0.0, 0.0, 0.0, 0.0, 0.0, 0.0, 0.0, 0.0, 0.0, 0.0, 0.0, 0.0, 0.0, 0.0, 0.0, 0.0, 0.0, 0.0, 0.0, 0.0, 0.0, 0.0, 0.0, 0.0, 0.0, 0.0, 0.0, 0.0, 0.0, 0.0, 0.0, 0.0, 0.0, 0.0, 0.0, 0.0, 0.0, 0.0, 0.0, 0.0, 0.0, 0.0, 0.0, 0.0, 0.0, 0.0, 0.0, 0.0, 0.0, 0.0, 0.0, 0.0, 0.0, 0.0, 0.0, 0.0, 0.0, 0.0, 0.0, 0.0, 0.0, 0.0, 0.0, 0.0, 0.0, 0.0, 0.0, 0.0, 0.0]
w_await
[862.26, 1267.78, 1816.95, 1058.38, 1514.6, 1468.72, 1407.81, 1598.02, 995.94, 1692.25, 1519.35, 974.06, 2067.31, 1002.91, 1153.98, 1933.91, 871.84, 1338.09, 1731.5, 1047.67, 1409.41, 1576.55, 1332.07, 1647.42, 916.68, 1964.19, 1190.55, 1081.43, 2041.37, 837.63, 1429.57, 1780.69, 1190.09, 1712.69, 1196.45, 1759.65, 1473.76, 1070.7, 2178.28, 907.29, 1354.51, 1734.02, 1191.39, 1738.34, 1178.06, 1904.18, 1420.35, 1118.34, 2113.5, 951.76, 1631.62, 1486.11, 2494.41, 1248.09, 1232.0, 2068.48, 1139.34, 1659.14, 1362.96, 1589.62, 1560.94, 1048.72, 2301.85, 911.09, 1566.32, 1450.94, 1749.94, 1695.91, 2052.21, 1605.18, 1250.64, 1851.96, 1064.96, 2337.14, 996.97, 1502.67, 1739.19, 1695.85, 1671.32, 1119.14, 2267.68, 1078.32, 1777.91, 1297.11, 1897.37, 1409.98, 1271.89, 2121.49, 1277.24, 1976.23, 1078.21, 2269.67, 1084.34, 1445.37, 1804.2, 1465.48, 2024.71, 913.36, 2420.52, 906.94, 1655.89, 1464.03, 1858.83, 1496.27, 1188.9, 2180.8, 1305.4, 2048.3, 983.73, 2445.78, 1265.1, 2149.86, 984.26, 2585.11, 991.22, 2049.18, 1216.14, 2605.12, 1007.75, 1791.72, 1423.26, 2367.51, 1263.61, 1554.55, 1836.46, 1940.37, 1537.72, 1443.56, 2005.05, 1722.71, 1752.6, 1267.88, 2181.64, 1594.65, 1852.23, 1249.16, 2271.81, 1422.9, 2072.45, 1057.82, 2446.32, 1132.49, 2371.92, 910.11, 2545.85, 1032.44, 2298.69, 1069.7, 2702.43, 1097.28, 2422.71, 962.57, 2494.31, 1410.78, 2287.45, 1143.7, 2373.64, 1771.33, 1853.66, 1436.76, 2094.39, 2187.74, 1414.86, 1775.1, 1658.76, 2809.16, 1125.18, 2256.74, 1391.35, 2859.96, 1011.61, 2531.62, 955.36, 2760.0, 1885.52, 1793.95, 1975.26, 1874.43, 1776.64, 1791.03, 3290.07, 1117.86, 2410.95, 1345.12, 2371.78, 1235.36, 2355.7, 2730.87, 1255.45, 2445.32, 1309.36, 2489.43, 1322.26, 2952.04, 1741.37, 1863.45, 1894.59, 1829.64, 1820.05, 1911.05, 3252.44, 870.57, 2058.87, 1194.23, 914.6, 1634.73, 1266.01, 890.62, 1363.31, 1302.16, 1168.4, 1166.93, 1233.64, 1406.11, 933.15, 1162.5, 1670.87, 911.56, 991.22, 1642.64, 1181.01, 940.25, 1580.89, 1350.17, 877.14]
