23 datos recogidos

cpu data:

user
[1.53, 1.03, 0.52, 0.0, 1.02, 0.0, 1.04, 0.51, 1.08, 0.52, 0.0, 0.51, 1.03, 0.0, 0.0, 0.51, 0.0, 0.51, 0.51, 0.0, 0.0, 0.0, 0.52]
nice
[0.0, 0.0, 0.0, 0.0, 0.0, 0.0, 0.0, 0.0, 0.0, 0.0, 0.0, 0.51, 0.0, 0.0, 0.0, 0.0, 0.0, 0.0, 0.0, 0.0, 0.0, 0.51, 0.0]
system
[40.31, 33.33, 32.47, 28.35, 30.61, 28.06, 31.77, 34.36, 27.57, 26.7, 28.65, 29.59, 31.96, 28.19, 28.8, 31.12, 31.61, 31.63, 26.02, 27.98, 30.41, 27.55, 26.8]
iowait
[58.16, 65.64, 67.01, 71.65, 68.37, 71.94, 67.19, 65.13, 71.35, 72.77, 71.35, 69.39, 67.01, 71.81, 71.2, 68.37, 68.39, 67.86, 73.47, 72.02, 69.59, 71.94, 72.68]
steal
[0.0, 0.0, 0.0, 0.0, 0.0, 0.0, 0.0, 0.0, 0.0, 0.0, 0.0, 0.0, 0.0, 0.0, 0.0, 0.0, 0.0, 0.0, 0.0, 0.0, 0.0, 0.0, 0.0]
idle
[0.0, 0.0, 0.0, 0.0, 0.0, 0.0, 0.0, 0.0, 0.0, 0.0, 0.0, 0.0, 0.0, 0.0, 0.0, 0.0, 0.0, 0.0, 0.0, 0.0, 0.0, 0.0, 0.0]

sda data:

util
[86.33, 102.56, 103.09, 103.09, 102.04, 102.04, 104.38, 102.56, 108.32, 104.71, 104.17, 102.04, 103.09, 106.38, 104.71, 102.04, 103.63, 102.04, 102.04, 103.63, 103.09, 102.04, 103.09]
r_await
[30.38, 46.2, 58.95, 45.88, 55.16, 50.35, 54.32, 48.0, 47.11, 55.78, 50.59, 49.11, 55.37, 57.78, 52.94, 57.89, 68.21, 64.67, 47.75, 54.12, 53.78, 58.82, 62.5]
avgqusz
[116.39, 148.03, 147.2, 147.93, 146.8, 146.64, 151.1, 147.38, 155.25, 150.65, 149.88, 146.74, 148.74, 150.02, 149.19, 143.15, 144.48, 145.67, 145.6, 145.88, 146.71, 143.79, 145.83]
await
[331.01, 407.15, 447.79, 410.62, 452.97, 460.6, 415.78, 408.5, 431.23, 424.02, 492.3, 460.28, 428.27, 445.57, 429.22, 432.29, 429.73, 414.49, 466.98, 463.28, 479.04, 459.1, 478.91]
rMB
[0.02, 0.01, 0.0, 0.0, 0.0, 0.0, 0.0, 0.01, 0.0, 0.0, 0.0, 0.0, 0.0, 0.0, 0.0, 0.0, 0.0, 0.0, 0.0, 0.0, 0.0, 0.0, 0.0]
svctm
[3.02, 2.81, 3.03, 2.97, 3.11, 3.08, 2.95, 2.95, 2.9, 3.26, 3.29, 3.14, 2.97, 3.11, 3.07, 2.99, 3.07, 3.0, 3.37, 3.28, 3.21, 3.37, 3.23]
r
[16.33, 10.26, 9.79, 8.76, 9.69, 8.67, 9.9, 10.77, 9.73, 9.42, 8.85, 9.18, 9.79, 9.57, 8.9, 9.69, 9.84, 9.18, 8.16, 8.81, 9.28, 8.67, 8.25]
wrqm
[27.55, 20.0, 14.95, 20.1, 26.02, 15.82, 13.54, 40.51, 15.68, 22.51, 14.06, 13.27, 40.21, 23.4, 16.75, 21.43, 24.87, 28.06, 20.92, 22.28, 14.43, 14.29, 26.29]
w
[269.39, 354.36, 329.9, 338.14, 318.37, 322.45, 343.75, 336.92, 363.24, 312.04, 307.81, 315.82, 337.63, 332.45, 331.94, 331.63, 327.46, 331.12, 294.9, 307.25, 311.86, 293.88, 311.34]
avgrqsz
[222.19, 230.17, 228.62, 225.76, 227.51, 230.28, 230.9, 229.32, 229.06, 228.08, 225.37, 232.36, 231.72, 228.31, 227.47, 228.2, 230.94, 229.39, 226.28, 227.56, 229.45, 226.34, 228.72]
wMB
[30.97, 40.97, 37.91, 38.24, 36.44, 37.23, 39.87, 38.93, 41.71, 35.8, 34.84, 36.87, 39.3, 38.12, 37.85, 38.03, 38.03, 38.11, 33.48, 35.12, 35.97, 33.43, 35.69]
rrqm
[31.12, 0.0, 0.0, 0.0, 0.0, 0.0, 0.0, 0.0, 0.0, 0.0, 0.0, 0.0, 0.0, 0.0, 0.0, 0.0, 0.0, 0.0, 0.0, 0.0, 0.0, 0.0, 0.0]
w_await
[349.23, 417.6, 459.33, 420.07, 465.08, 471.63, 426.18, 420.02, 441.52, 435.14, 505.01, 472.23, 439.09, 456.74, 439.31, 443.23, 440.6, 424.2, 478.59, 475.01, 491.69, 470.92, 489.94]
