33 datos recogidos

cpu data:

user
[36.18, 39.5, 35.18, 33.33, 36.0, 33.0, 32.16, 33.0, 33.5, 34.0, 37.5, 37.5, 37.5, 37.69, 36.5, 38.81, 36.0, 30.15, 36.32, 31.5, 36.5, 36.5, 35.18, 36.0, 38.31, 32.16, 33.33, 36.68, 35.82, 36.18, 35.5, 38.81, 36.68]
nice
[0.0, 0.0, 0.0, 0.5, 0.0, 0.0, 0.0, 0.0, 0.0, 0.0, 0.0, 0.0, 0.0, 0.0, 0.0, 0.0, 0.0, 0.0, 0.0, 0.0, 0.0, 0.0, 0.0, 0.5, 0.0, 0.0, 0.0, 0.0, 0.0, 0.0, 0.0, 0.0, 0.0]
system
[60.3, 60.0, 64.32, 64.68, 63.0, 66.5, 64.82, 65.0, 66.0, 65.5, 61.5, 62.5, 62.5, 61.81, 63.0, 59.7, 63.5, 62.81, 63.68, 68.5, 63.5, 63.5, 64.82, 63.5, 61.69, 65.83, 66.67, 63.32, 64.18, 62.31, 64.5, 61.19, 63.32]
iowait
[3.52, 0.5, 0.5, 1.49, 1.0, 0.5, 3.02, 2.0, 0.5, 0.5, 1.0, 0.0, 0.0, 0.5, 0.5, 1.49, 0.5, 7.04, 0.0, 0.0, 0.0, 0.0, 0.0, 0.0, 0.0, 2.01, 0.0, 0.0, 0.0, 1.51, 0.0, 0.0, 0.0]
steal
[0.0, 0.0, 0.0, 0.0, 0.0, 0.0, 0.0, 0.0, 0.0, 0.0, 0.0, 0.0, 0.0, 0.0, 0.0, 0.0, 0.0, 0.0, 0.0, 0.0, 0.0, 0.0, 0.0, 0.0, 0.0, 0.0, 0.0, 0.0, 0.0, 0.0, 0.0, 0.0, 0.0]
idle
[0.0, 0.0, 0.0, 0.0, 0.0, 0.0, 0.0, 0.0, 0.0, 0.0, 0.0, 0.0, 0.0, 0.0, 0.0, 0.0, 0.0, 0.0, 0.0, 0.0, 0.0, 0.0, 0.0, 0.0, 0.0, 0.0, 0.0, 0.0, 0.0, 0.0, 0.0, 0.0, 0.0]

sdb data:

util
[28.14, 62.0, 62.51, 74.03, 55.6, 66.4, 69.55, 55.6, 65.6, 67.2, 71.8, 67.6, 62.2, 62.91, 73.2, 50.95, 68.6, 82.01, 48.16, 64.4, 64.0, 69.8, 75.58, 47.2, 66.47, 76.58, 55.72, 73.57, 57.71, 66.73, 84.0, 47.36, 66.13]
r_await
[0.0, 0.0, 0.0, 0.0, 0.0, 0.0, 0.0, 0.0, 0.0, 0.0, 0.0, 0.0, 0.0, 0.0, 0.0, 0.0, 0.0, 112.0, 0.0, 0.0, 0.0, 2.0, 0.0, 0.0, 0.0, 40.0, 0.0, 0.0, 0.0, 32.0, 0.0, 0.0, 0.0]
avgqusz
[35.02, 29.17, 32.0, 75.06, 34.79, 33.32, 73.64, 29.53, 31.83, 72.9, 35.27, 52.23, 53.89, 31.03, 67.62, 28.56, 32.97, 82.82, 24.18, 36.24, 67.76, 34.93, 82.82, 23.83, 30.11, 85.48, 30.55, 67.55, 41.11, 32.58, 86.83, 23.34, 51.44]
await
[284.38, 350.07, 215.27, 353.43, 509.88, 224.88, 517.24, 213.21, 246.79, 562.75, 244.1, 230.98, 519.89, 231.95, 299.47, 499.37, 228.17, 379.2, 369.15, 230.05, 571.1, 238.46, 383.98, 414.77, 245.2, 538.32, 228.32, 305.97, 518.34, 229.74, 520.81, 243.05, 223.72]
rMB
[0.0, 0.0, 0.0, 0.0, 0.0, 0.0, 0.0, 0.0, 0.0, 0.0, 0.0, 0.0, 0.0, 0.0, 0.0, 0.0, 0.0, 0.01, 0.0, 0.0, 0.0, 0.02, 0.0, 0.0, 0.0, 0.01, 0.0, 0.0, 0.0, 0.02, 0.0, 0.0, 0.0]
svctm
[4.79, 4.75, 4.73, 4.8, 4.67, 4.73, 4.77, 4.88, 4.97, 4.89, 4.97, 4.92, 4.68, 4.74, 4.6, 4.72, 4.75, 4.83, 4.82, 4.82, 4.64, 4.76, 4.61, 4.84, 4.89, 4.82, 4.91, 4.62, 4.92, 4.9, 4.77, 4.93, 4.82]
r
[0.0, 0.0, 0.0, 0.0, 0.0, 0.0, 0.0, 0.0, 0.0, 0.0, 0.0, 0.0, 0.0, 0.0, 0.0, 0.0, 0.0, 0.5, 0.0, 0.0, 0.0, 1.0, 0.0, 0.0, 0.0, 0.5, 0.0, 0.0, 0.0, 1.01, 0.0, 0.0, 0.0]
wrqm
[2990.45, 2975.5, 4485.93, 6311.44, 1488.0, 4463.5, 4348.24, 4464.0, 5454.0, 1934.5, 4463.5, 6439.5, 2405.5, 4485.93, 5830.0, 1480.1, 4463.5, 5918.09, 2960.2, 5967.5, 1785.0, 4462.5, 6285.43, 2974.5, 2961.19, 4870.85, 4440.3, 5951.76, 1814.93, 4486.43, 4853.5, 2960.7, 6466.83]
w
[58.79, 130.5, 132.16, 154.23, 119.0, 140.5, 145.73, 114.0, 132.0, 137.5, 144.5, 137.5, 133.0, 132.66, 159.0, 107.96, 144.5, 169.35, 100.0, 133.5, 138.0, 145.5, 163.82, 97.5, 135.82, 158.29, 113.43, 159.3, 117.41, 135.18, 176.0, 96.02, 137.19]
avgrqsz
[254.15, 255.2, 254.69, 251.46, 252.77, 255.09, 253.54, 256.0, 256.0, 253.91, 255.11, 256.0, 253.32, 254.58, 256.0, 250.4, 255.11, 255.22, 251.1, 255.04, 252.55, 251.88, 256.0, 248.41, 255.41, 253.47, 252.63, 256.0, 250.0, 253.87, 253.27, 254.67, 256.0]
wMB
[7.3, 16.26, 16.44, 18.94, 14.69, 17.5, 18.04, 14.25, 16.5, 17.05, 18.0, 17.19, 16.45, 16.49, 19.88, 13.2, 18.0, 21.16, 12.26, 16.62, 17.02, 18.0, 20.48, 11.83, 16.94, 19.65, 13.99, 19.91, 14.33, 16.86, 21.77, 11.94, 17.15]
rrqm
[0.0, 0.0, 0.0, 0.0, 0.0, 0.0, 0.0, 0.0, 0.0, 0.0, 0.0, 0.0, 0.0, 0.0, 0.0, 0.0, 0.0, 1.51, 0.0, 0.0, 0.0, 3.5, 0.0, 0.0, 0.0, 1.51, 0.0, 0.0, 0.0, 3.52, 0.0, 0.0, 0.0]
w_await
[284.38, 350.07, 215.27, 353.43, 509.88, 224.88, 517.24, 213.21, 246.79, 562.75, 244.1, 230.98, 519.89, 231.95, 299.47, 499.37, 228.17, 379.99, 369.15, 230.05, 571.1, 240.08, 383.98, 414.77, 245.2, 539.9, 228.32, 305.97, 518.34, 231.21, 520.81, 243.05, 223.72]
